1 0.06604104 0.05661781 0.89798182 2 0.11340408 0.01630986 0.60443562 2
2 0.93946725 -0.30035293 2.16793513 1 0.73646897 -0.42303774 1.91946435 1
1 0.06607288 0.05597563 0.89810550 2 0.11338005 0.01604246 0.60310221 2
2 0.94021291 -0.30116770 2.16848326 1 0.72647542 -0.41921854 1.92196798 1
1 0.06647327 0.05679126 0.89826411 2 0.11397762 0.01951598 0.60563064 0
2 0.93930572 -0.30004492 2.16833019 1 0.72907430 -0.42055258 1.92668593 1
1 0.06646887 0.05674553 0.89828146 2 0.11326145 0.02080020 0.60262442 0
2 0.94044065 -0.30092469 2.16926074 1 0.72694707 -0.41952938 1.92356038 1
1 0.06644585 0.05666115 0.89828408 2 0.11187375 0.01869696 0.60335952 0
2 0.93876195 -0.29980764 2.16779971 1 0.72707236 -0.41923493 1.92229664 1
1 0.06641995 0.05662233 0.89827842 2 0.10966425 0.02107905 0.60437363 0
2 0.93941188 -0.30008686 2.16843390 1 0.72683710 -0.41962051 1.92230368 1
1 0.06668279 0.05777555 0.89824700 2 0.11011826 0.01960532 0.60493517 2
2 0.93808740 -0.29880878 2.16746640 1 0.72777921 -0.41939908 1.92285597 1
1 0.06688585 0.05836479 0.89822769 2 0.11046297 0.01688872 0.60529745 2
2 0.93898076 -0.29983133 2.16814971 1 0.72835499 -0.42478645 1.91788483 1
1 0.06702479 0.05891958 0.89834064 2 0.11014466 0.01553627 0.60684508 2
2 0.92743194 -0.28701475 2.15416479 1 0.72790217 -0.42333621 1.92183876 1
1 0.06710427 0.05863258 0.89839637 2 0.11020302 0.01377931 0.60743332 2
2 0.92872763 -0.28832352 2.15532756 1 0.73014361 -0.42343476 1.91968179 1
1 0.06712317 0.05829314 0.89851373 2 0.10895053 0.01287512 0.60934085 2
2 0.92585754 -0.28666759 2.15228486 1 0.73264015 -0.42904741 1.91610742 0
1 0.06698163 0.05811310 0.89848614 2 0.10872860 0.01177037 0.60950589 2
2 0.92501140 -0.28612733 2.15164018 1 0.73197216 -0.42889348 1.91553473 0
1 0.06676914 0.05744787 0.89855552 2 0.10879934 0.00931459 0.61182773 0
2 0.92657292 -0.28752777 2.15276790 1 0.69220364 -0.41046116 1.93500221 1
1 0.06647870 0.05656873 0.89869261 2 0.10723321 0.00669237 0.61502689 0
2 0.92781621 -0.28805187 2.15413857 1 0.73339158 -0.41779658 1.92312014 1
1 0.06626926 0.05585088 0.89885938 2 0.10706094 0.00404982 0.61688679 2
2 0.92665422 -0.28713733 2.15319157 1 0.73276705 -0.41879958 1.92328787 0
1 0.06619211 0.05447064 0.89918423 2 0.10602360 0.00078983 0.61839694 2
2 0.92701006 -0.28749394 2.15347815 1 0.74296039 -0.42930347 1.91624188 0
1 0.06541921 0.03950106 0.90170473 2 0.10484506 -0.00398335 0.62156224 2
2 0.87033188 -0.27863166 2.08695817 1 0.67901176 -0.39621407 1.94835114 1
1 0.06543007 0.03323411 0.90291625 2 0.10416905 -0.00804529 0.62430221 2
2 0.87288147 -0.28252593 2.08947277 1 0.72975314 -0.43451643 1.91407478 1
1 0.06540838 0.03124721 0.90331173 2 0.10165327 -0.01346745 0.62826627 0
2 0.94102150 -0.30531693 2.16650891 1 0.73289877 -0.43017977 1.91733289 0
1 0.06478935 0.02887404 0.90345097 2 0.09605435 -0.03078181 0.63701278 0
2 0.94102603 -0.30531248 2.16650176 1 0.73153526 -0.43024212 1.91586733 0
1 0.05959785 -0.00085185 0.90505487 2 0.09441008 -0.03629182 0.63852376 0
2 0.94108564 -0.30527723 2.16656804 1 0.73288947 -0.42853794 1.91501653 0
1 0.06064289 0.00419260 0.90501356 2 0.09117588 -0.04292205 0.64246243 0
2 0.94085979 -0.30502325 2.16625762 1 0.73296851 -0.42838636 1.91555822 0
1 0.06064843 0.00418906 0.90503258 2 0.08918928 -0.04886561 0.64383888 0
2 0.94095314 -0.30499300 2.16635132 1 0.72710645 -0.41132692 1.92869508 0
1 0.06125959 -0.00447250 0.90604073 2 0.08508828 -0.07347570 0.65107507 0
2 0.94069928 -0.30493349 2.16608882 1 0.73081732 -0.41285551 1.92705894 0
1 0.06066725 -0.00868052 0.90631592 2 0.08469210 -0.08098859 0.65414089 0
2 0.93990767 -0.30469769 2.16540360 1 0.67791712 -0.40105137 1.94726610 1
1 0.05967196 -0.01293719 0.90680236 2 0.08391801 -0.08633067 0.65572768 0
2 0.93984020 -0.30463296 2.16538167 1 0.72771990 -0.41567048 1.92551208 1
1 0.05961869 -0.01416402 0.90675020 2 0.08442990 -0.09490608 0.65837407 0
2 0.88117886 -0.29101503 2.09764290 1 0.67590022 -0.40931040 1.94174862 1
1 0.05377686 -0.06396309 0.90645355 2 0.08319739 -0.09904835 0.65748757 0
2 0.82015330 -0.27456495 2.02876115 1 0.67471182 -0.40408626 1.93932855 1
1 0.05366627 -0.06396716 0.90640378 2 0.08226894 -0.10540858 0.65933281 0
2 0.82041776 -0.27575746 2.02819991 1 0.73361003 -0.41216832 1.92326355 0
1 0.05342654 -0.05824785 0.90698993 2 0.08233683 -0.11395666 0.66301465 0
2 0.82172829 -0.27719876 2.02801013 1 0.68028337 -0.40559500 1.94286680 0
1 0.05120585 -0.06329214 0.90825754 2 0.08156580 -0.12203107 0.66498959 2
2 0.82173961 -0.27727827 2.02801967 1 0.73185265 -0.41897136 1.92258322 0
1 0.04825069 -0.06742113 0.90875548 2 0.08066946 -0.12852073 0.66611451 2
2 0.82205415 -0.27731556 2.02837467 1 0.73143256 -0.41920969 1.92221117 0
1 0.04489594 -0.07412319 0.90990996 2 0.08009844 -0.13547693 0.66760892 2
2 0.82205868 -0.27718025 2.02856755 1 0.73666984 -0.39264354 1.93867016 1
1 0.04412101 -0.07532568 0.90973109 2 0.08002935 -0.14206727 0.66777003 2
2 0.82212454 -0.27719679 2.02862644 1 0.74041420 -0.40074238 1.93117392 1
1 0.04168361 -0.07873973 0.91133904 2 0.07926922 -0.15055226 0.67240572 2
2 0.82229656 -0.27719662 2.02891636 1 0.67429906 -0.39308351 1.95433164 1
1 0.03923428 -0.08089334 0.91181785 2 0.07846943 -0.15876293 0.67404199 2
2 0.82239813 -0.27720407 2.02906775 1 0.74302620 -0.38640815 1.94468749 1
1 0.03928522 -0.07914296 0.91151619 2 0.07768239 -0.16921899 0.67535257 2
2 0.82303166 -0.27729657 2.02966833 1 0.73478419 -0.41211814 1.92580783 0
1 0.03277340 -0.08481643 0.91161585 2 0.07718975 -0.17858745 0.67806339 2
2 0.82316136 -0.27745196 2.02976894 1 0.73124671 -0.42338377 1.91953981 0
1 0.03631549 -0.07916947 0.91070634 2 0.07581760 -0.18911119 0.68091351 2
2 0.82326698 -0.27744338 2.03008270 1 0.73339146 -0.38982105 1.94496703 1
2 0.04089569 -0.14563164 0.96885496 2 0.07432456 -0.18367983 0.68217725 2
2 0.82330489 -0.27752864 2.03019428 1 0.73559725 -0.38986719 1.94546163 1
2 0.04090568 -0.14564009 0.96882296 2 0.07499103 -0.20473489 0.68266088 2
2 0.82333946 -0.27751240 2.03021622 1 0.68037760 -0.40494221 1.94206285 0
2 0.04102309 -0.14581779 0.96875995 2 0.07464858 -0.21033604 0.68304300 2
2 0.82334429 -0.27750742 2.03021312 1 0.67784101 -0.41023758 1.93984854 0
2 0.04114409 -0.14600340 0.96869993 2 0.08324645 -0.20698874 0.67821801 0
2 0.82398236 -0.27846712 2.03013229 1 0.67223239 -0.41175526 1.94283116 1
2 0.04113991 -0.14606458 0.96860194 2 0.08324505 -0.21072190 0.67721295 0
2 0.82400995 -0.27847105 2.03014588 1 0.73176897 -0.41426039 1.92469084 1
2 0.04126394 -0.14713086 0.96856207 2 0.08457374 -0.21375316 0.67906678 0
2 0.82394868 -0.27841052 2.03043437 1 0.73307616 -0.41723591 1.93015432 0
2 0.04130381 -0.14734922 0.96846312 2 0.08526696 -0.21488020 0.67718923 0
2 0.82350802 -0.28074342 2.02145004 1 0.74635363 -0.38203129 1.94574106 0
2 0.04131950 -0.14744526 0.96842122 2 0.08638202 -0.21586840 0.67729253 0
2 0.82282901 -0.28086090 2.02106905 1 0.74622422 -0.38091907 1.94446754 1
2 0.04138800 -0.14762981 0.96839738 2 0.08699597 -0.21714051 0.67755079 0
2 0.82273299 -0.28000712 2.02135110 1 0.74794203 -0.38201785 1.94960999 1
2 0.04141946 -0.14775096 0.96834052 2 0.08665477 -0.21655384 0.67588305 0
2 0.81984019 -0.28157756 2.02097678 1 0.71595627 -0.38306931 1.94835114 1
2 0.04148468 -0.14794074 0.96825725 2 0.08638916 -0.21633114 0.67580426 0
2 0.82053685 -0.28146037 2.02076101 1 0.71617967 -0.38275304 1.94897389 1
2 0.04151976 -0.14812624 0.96822822 2 0.08602226 -0.21656612 0.67607528 0
2 0.82049423 -0.28146517 2.02067351 1 0.71658349 -0.38369209 1.95037568 1
2 0.04158697 -0.14824176 0.96819198 2 0.08447438 -0.21675102 0.67625839 0
2 0.81832242 -0.28292677 2.02019358 1 0.71596259 -0.38338757 1.94957900 1
2 0.04168250 -0.14835070 0.96818256 2 0.08298011 -0.21618377 0.67380446 0
2 0.81751388 -0.28353965 2.02021170 1 0.71591294 -0.38275644 1.94863784 1
2 0.04169341 -0.14838602 0.96814531 2 0.11758526 -0.13792628 0.57303905 0
2 0.81800807 -0.28294730 2.02026272 1 0.71919596 -0.38429847 1.94731939 1
2 0.04179020 -0.14852667 0.96821070 2 0.11935551 -0.13845301 0.56667048 0
2 0.81822717 -0.28286138 2.02021050 1 0.71573758 -0.38403594 1.95001912 1
2 0.04180999 -0.14853717 0.96822834 2 0.11432598 -0.13696313 0.56604797 0
2 0.81717193 -0.28404212 2.02008200 1 0.71691585 -0.38354245 1.95069516 1
2 0.04186553 -0.14854929 0.96823645 2 0.10934065 -0.13568868 0.56561553 0
2 0.81733048 -0.28322047 2.02032709 1 0.71301818 -0.37813097 1.95256662 1
2 0.04191370 -0.14857757 0.96822786 2 0.10625025 -0.13501823 0.56312215 0
2 0.81770313 -0.28301695 2.02025795 1 0.71230173 -0.37886676 1.95127344 1
2 0.04210831 -0.14840360 0.96821427 2 0.07838412 -0.13426618 0.55749047 0
2 0.81790453 -0.28281528 2.02021885 1 0.71180212 -0.37759107 1.95091784 1
1 0.04220035 -0.14823200 0.96824068 2 0.03689338 -0.23742659 0.68892854 0
2 0.82071239 -0.28402445 2.02046299 1 0.71324897 -0.37946591 1.95411491 1
2 0.04337559 -0.14782928 0.96855670 2 0.03062352 -0.21788806 0.68167531 2
2 0.82066500 -0.28381011 2.02035427 1 0.71206254 -0.38329524 1.94996011 1
2 0.04421440 -0.14771515 0.96867812 2 0.01905880 -0.23004752 0.68758321 2
2 0.81809133 -0.26724058 2.02676988 1 0.70348293 -0.38695925 1.94342732 1
2 0.04482644 -0.14772016 0.96879417 2 0.01133678 -0.23616771 0.69047946 2
2 0.81895924 -0.26648980 2.02750731 1 0.70402980 -0.38810030 1.94519687 1
2 0.04531639 -0.14776765 0.96878988 2 0.00237944 -0.23503152 0.68916452 2
2 0.81909811 -0.26658279 2.02748346 1 0.70352155 -0.36933580 1.95731890 1
2 0.04529236 -0.14769490 0.96882743 2 -0.00806926 -0.23169498 0.69152838 2
2 0.81916088 -0.26676279 2.02749205 1 0.70678484 -0.36609828 1.96488273 1
2 0.04528715 -0.14769270 0.96882451 2 -0.01681459 -0.22702491 0.68961549 2
2 0.82199174 -0.26687536 2.02858305 1 0.70645827 -0.36596227 1.96495438 1
2 0.04531528 -0.14775234 0.96875745 2 -0.02832891 -0.21371242 0.68691081 2
2 0.81998110 -0.26865685 2.02842450 1 0.70337826 -0.37498781 1.95797896 1
2 0.04521254 -0.14797939 0.96866804 2 -0.03764095 -0.21133667 0.68810558 2
2 0.82003456 -0.26868734 2.02824306 1 0.70340735 -0.37436441 1.95631444 1
2 0.04519210 -0.14822905 0.96863759 2 -0.04334860 -0.21700446 0.69011837 2
2 0.81850672 -0.27113694 2.02731681 1 0.70331615 -0.37891886 1.95519054 1
2 0.04505745 -0.14848858 0.96864384 2 -0.04996903 -0.21761705 0.69196916 2
2 0.82062680 -0.27064154 2.02783346 1 0.71304268 -0.38029474 1.95703220 1
2 0.04522344 -0.14876796 0.96850872 2 -0.05716816 -0.21565861 0.69099087 2
2 0.82073677 -0.27057654 2.02782321 1 0.71056062 -0.38307184 1.94819689 1
2 0.04531597 -0.14900251 0.96848845 2 -0.06610253 -0.21308191 0.69352281 2
2 0.82221109 -0.27023873 2.02812576 1 0.71066797 -0.38389108 1.95069528 1
2 0.04524811 -0.14909554 0.96841109 2 -0.07453986 -0.21116677 0.69442952 2
2 0.82166004 -0.26939631 2.02824736 1 0.70530301 -0.38410592 1.94961226 0
2 0.04518311 -0.14929429 0.96833414 2 -0.08249580 -0.20819779 0.69463640 2
2 0.82134217 -0.26886475 2.02830911 1 0.74476606 -0.38269922 1.94630516 0
2 0.04514590 -0.14933097 0.96831304 2 -0.09263865 -0.20549436 0.69766653 2
2 0.81771374 -0.25750908 2.03201890 1 0.74254847 -0.38416383 1.94563437 0
2 0.04515756 -0.14939883 0.96826935 2 -0.09956760 -0.20521924 0.69768018 2
2 0.81522781 -0.26374355 2.02956605 1 0.70336926 -0.38802758 1.94643855 0
2 0.04506556 -0.14955598 0.96818954 2 -0.10622197 -0.20521472 0.69892401 2
2 0.81459469 -0.26638347 2.02847314 1 0.70315266 -0.38801694 1.94567871 0
2 0.04502743 -0.14958830 0.96810400 2 -0.11160865 -0.20516075 0.69866210 2
2 0.81535065 -0.26656607 2.02832556 1 1.00809014 -0.50085068 2.02209020 0
2 0.04533755 -0.15025556 0.96734679 2 -0.12044136 -0.20196427 0.70132715 2
2 0.81825018 -0.26691613 2.02835989 1 1.00155807 -0.50413972 2.02434635 1
2 0.04602917 -0.15144856 0.96599269 1 -0.02857367 -0.30464944 0.72168994 2
2 0.81811124 -0.26674139 2.02820420 1 1.00162840 -0.50322038 2.02246642 1
2 0.04685738 -0.13547224 0.96404612 1 -0.05616930 -0.28586853 0.71683836 0
2 0.81813258 -0.26672500 2.02822351 1 1.00125456 -0.50412905 2.02256107 1
2 0.04675605 -0.13545395 0.96412367 1 -0.06569906 -0.27967912 0.71732044 0
2 0.82217258 -0.26877970 2.02805781 1 1.04145896 -0.50565290 2.00280762 1
2 0.04662227 -0.13546729 0.96413541 1 -0.06560165 -0.27993450 0.71750659 0
2 0.82780790 -0.28662929 2.02117562 1 1.04049945 -0.50967020 2.00344086 1
2 0.04653528 -0.13542858 0.96419072 2 -0.07249811 -0.27470002 0.71706218 0
2 0.82521635 -0.28883752 2.02052546 1 1.04327035 -0.51161957 2.00164938 1
2 0.04641629 -0.13540573 0.96424919 2 -0.07541472 -0.27228454 0.71723992 0
2 0.82543290 -0.28873003 2.02060080 1 1.04375339 -0.51021898 2.00125980 0
2 0.04630759 -0.13539934 0.96427649 2 -0.07568042 -0.27139699 0.71627820 0
2 0.82416761 -0.29032585 2.02041197 1 1.04395819 -0.50909597 2.00079560 0
2 0.04604314 -0.13526489 0.96444356 2 -0.07754953 -0.27126667 0.71817344 0
2 0.82433462 -0.29029772 2.02033520 1 1.04671991 -0.50999957 2.00508809 0
2 0.04594995 -0.13524866 0.96446002 1 -0.07879864 -0.27002633 0.71737611 0
2 0.82310224 -0.29118255 2.01985073 1 1.04795170 -0.51490885 2.00131845 0
2 0.04576032 -0.13517341 0.96456796 1 -0.08019744 -0.26989099 0.71788633 0
2 0.82347900 -0.29127061 2.01952863 1 1.04820466 -0.51076442 1.99911344 0
2 0.04569461 -0.13516335 0.96460599 2 -0.07984072 -0.27015129 0.71756345 0
2 0.82253534 -0.29187074 2.01961493 1 1.04275525 -0.50940621 2.00078511 0
2 0.04565907 -0.13517766 0.96461779 2 -0.07985618 -0.27020371 0.71707743 0
2 0.82595789 -0.31067795 2.00999451 1 1.04288483 -0.51043802 2.00069284 0
2 0.04558907 -0.13513386 0.96463567 1 -0.07931865 -0.27097866 0.71810913 0
2 0.80495167 -0.33840740 1.98949170 1 1.03970897 -0.51006252 2.00320983 0
2 0.04555321 -0.13515358 0.96463960 2 -0.07975068 -0.26976845 0.71687365 0
2 0.80956095 -0.34251332 1.98786747 1 1.04324377 -0.50989908 2.00159836 0
2 0.04552141 -0.13515213 0.96465623 1 -0.07963655 -0.26869649 0.71702665 0
2 0.80099946 -0.34718966 1.98264217 1 1.04456747 -0.50938469 2.00101900 0
2 0.04532463 -0.13520804 0.96471399 2 -0.08075254 -0.26623988 0.71663594 0
2 0.80226368 -0.34854186 1.98149979 1 1.04503477 -0.50821084 2.00143456 0
2 0.04524555 -0.13515800 0.96479046 2 -0.08169707 -0.26299927 0.71595991 0
2 0.79987293 -0.34966579 1.98072445 1 1.04851222 -0.51069164 2.00001144 0
2 0.04501573 -0.13498375 0.96495122 1 -0.08302200 -0.25884232 0.71468639 0
2 0.77194005 -0.35457036 1.98256898 1 1.04961979 -0.51032937 2.00202084 0
2 0.04494503 -0.13498345 0.96496356 1 -0.08228566 -0.25571254 0.71286488 0
2 0.77139640 -0.35602987 1.98103356 1 1.04359508 -0.50990129 2.00225186 0
2 0.04490537 -0.13495308 0.96500027 1 -0.08172847 -0.25345987 0.71203482 0
2 0.78263396 -0.35796332 1.98008800 1 1.04064083 -0.51081294 2.00494027 0
2 0.04486253 -0.13495827 0.96500087 1 -0.07951774 -0.25050873 0.70832735 0
2 0.78337556 -0.35864669 1.97886467 1 1.03719473 -0.50982291 2.00273895 0
2 0.04480771 -0.13497441 0.96502769 1 -0.07468051 -0.24963364 0.70638841 0
2 0.79108459 -0.35818496 1.97872007 1 1.04004848 -0.51118487 2.00552225 0
2 0.04478071 -0.13497649 0.96502686 1 -0.07114691 -0.24777089 0.70399517 0
2 0.79046679 -0.35872912 1.97805953 1 1.03791463 -0.50933301 2.00403118 0
2 0.04472760 -0.13496047 0.96504319 1 -0.06743023 -0.24601153 0.70222062 0
2 0.79843086 -0.35592914 1.98134720 1 1.04375577 -0.50975871 2.00069523 0
2 0.04466327 -0.13490798 0.96503317 1 -0.06225236 -0.24680084 0.70051384 0
2 0.79581761 -0.35753581 1.97893274 1 1.04396129 -0.50840843 1.99994648 0
2 0.04455516 -0.13483331 0.96504623 1 -0.06244893 -0.24415454 0.70108855 0
2 0.79900062 -0.35971063 1.97677076 1 1.04514027 -0.50840628 2.00162053 0
2 0.04450492 -0.13480037 0.96501946 1 -0.06085143 -0.24152018 0.69734478 0
2 0.79557031 -0.36053449 1.97523737 1 1.04629171 -0.50877005 1.99537480 0
2 0.04429914 -0.13464880 0.96502250 1 -0.05883281 -0.23901831 0.69609815 0
2 0.79713744 -0.36138394 1.97453511 1 1.04284370 -0.50951374 2.00119972 0
2 0.04388127 -0.13430162 0.96487546 1 -0.05474775 -0.23453741 0.69184858 0
2 0.80481422 -0.35990703 1.97817290 1 1.03869605 -0.51008111 2.00312686 0
2 0.04332272 -0.13379140 0.96481276 1 -0.04821154 -0.21575508 0.68995768 0
2 0.80571496 -0.35698786 1.98073745 1 1.03983605 -0.50971580 2.00320268 0
1 -0.00040778 -0.09187535 0.95851320 1 -0.06536644 -0.19470088 0.68338025 0
2 0.79842454 -0.35858193 1.97750378 1 1.03956580 -0.51012146 2.00379944 0
1 -0.00036548 -0.09178692 0.95849913 1 -0.06437238 -0.18428382 0.67803133 0
2 0.79620665 -0.35936514 1.97653019 1 1.03893769 -0.51054531 2.00469875 0
1 -0.00027889 -0.09163417 0.95846242 1 -0.07028875 -0.16363899 0.67328626 0
2 0.79426217 -0.35983557 1.97605181 1 1.04432452 -0.51125896 2.00203586 0
2 0.01876692 -0.10704215 0.95816404 1 -0.06442787 -0.15865146 0.66770399 0
2 0.76956391 -0.36340892 1.97753358 1 1.03887820 -0.50876904 2.00200796 0
2 0.01969988 -0.10523631 0.96125495 1 -0.05529337 -0.15770896 0.66473055 0
2 0.79068232 -0.32416716 1.99808788 1 1.03948355 -0.51035982 2.00287199 0
2 0.02023372 -0.10440996 0.96310335 1 -0.06042777 -0.15069169 0.66295034 0
2 0.81004107 -0.32396507 1.99757791 1 1.04207683 -0.51100355 2.00609350 0
2 0.02394666 -0.04776687 0.96709740 1 -0.05402915 -0.14920865 0.65933824 0
2 0.82229131 -0.29536977 2.01754856 1 1.04008436 -0.50774312 2.00358701 0
1 0.02415089 -0.04707962 0.96692407 1 -0.04517250 -0.14942439 0.65896600 1
2 0.82309043 -0.29192504 2.01882005 1 1.04034996 -0.50822312 2.00366235 0
1 0.02312726 -0.04859148 0.96718627 1 -0.04307624 -0.14662622 0.65774250 1
2 0.82313573 -0.29180798 2.01917911 1 1.03851295 -0.50721520 2.00240493 0
1 0.02323556 -0.04839038 0.96710527 1 0.02020577 -0.21779099 0.65913296 1
2 0.81979513 -0.32226554 1.99699187 1 1.03983545 -0.50873691 2.00274372 0
1 0.02328084 -0.04825581 0.96705526 1 0.02646388 -0.21267112 0.66081178 1
2 0.80423725 -0.33856770 1.98483634 1 1.04070187 -0.50611222 2.00112343 0
1 0.02330522 -0.04818910 0.96703917 1 0.03456127 -0.20751852 0.66295373 1
2 0.80615175 -0.34117261 1.98406494 1 1.04437947 -0.50676346 2.00128317 0
1 0.02533857 -0.04150546 0.96377259 1 0.03668401 -0.20659347 0.66212368 1
2 0.80574453 -0.34689611 1.97948706 1 1.07181275 -0.48533055 1.98613977 0
1 0.02590178 -0.03960640 0.96256924 1 0.03613573 -0.20594583 0.66342902 1
2 0.79759353 -0.35037321 1.97740853 1 1.05003440 -0.50731236 1.99742448 0
1 0.02602890 -0.03778327 0.96157461 1 0.02633196 -0.20795819 0.66149497 1
2 0.79511541 -0.35113263 1.97640193 1 1.04916751 -0.50743628 1.99858642 0
1 0.02603771 -0.03689627 0.96100897 1 0.02600312 -0.20798552 0.66108191 1
2 0.79469162 -0.35134813 1.97616374 1 1.04071867 -0.50608861 2.00332403 0
1 0.02614666 -0.03626877 0.96072936 1 0.02569262 -0.20937780 0.66151929 1
2 0.79886740 -0.35274535 1.97551990 1 1.04152203 -0.50704980 2.00422311 0
1 0.02643443 -0.03516997 0.96040839 1 0.02500252 -0.20923834 0.66042507 1
2 0.79571050 -0.35369456 1.97515547 1 1.04094398 -0.50613046 2.00436044 0
1 0.02682467 -0.03469304 0.96037108 1 0.02457036 -0.21044497 0.66158193 1
2 0.79436517 -0.35388246 1.97530293 1 1.04133558 -0.50672996 2.00533938 0
1 0.02745481 -0.03424090 0.95979142 1 0.02555701 -0.20876968 0.65950936 1
2 0.79272735 -0.35422301 1.97480667 1 1.04038048 -0.50506723 2.00124192 0
1 0.02806058 -0.03422736 0.95942104 1 0.03391299 -0.20380053 0.66074073 1
2 0.79202175 -0.35428205 1.97472274 1 1.07169640 -0.48793548 1.98793995 0
1 0.02897554 -0.03387696 0.95930725 1 0.03526627 -0.20542851 0.66299754 1
2 0.79154354 -0.35445040 1.97480726 1 1.04914153 -0.50512391 2.00158286 0
-999
