2 0.15886790 -0.32034439 1.05039251 2 0.17420559 -0.03416957 0.84036505 3
2 0.16016214 -0.31783307 1.04911375 2 0.14619483 -0.03587883 0.83282590 3
2 0.17678034 -0.31560519 1.00478768 1 0.10825706 -0.01913469 0.82980180 3
1 0.17535409 -0.31636694 1.00507736 1 0.05759484 -0.01264837 0.83904064 0
1 0.17784002 -0.33532965 0.99685174 2 0.02136072 -0.03114703 0.84333068 0
1 0.17736736 -0.33703887 0.99577481 2 -0.00894902 -0.05752577 0.84559000 3
1 0.16943537 -0.36627752 0.98869640 2 -0.02825916 -0.09013345 0.84826058 3
2 0.17096029 -0.36658055 0.98594189 2 -0.04767462 -0.11872260 0.84683532 3
2 0.16939418 -0.36673251 0.98498708 2 -0.08747107 -0.15163320 0.86206293 3
1 0.16978504 -0.36668521 0.98450124 2 -0.08474021 -0.18722877 0.85564101 1
2 0.15272230 -0.26843637 1.10112143 1 -0.06410857 -0.20048431 0.84379750 1
2 0.16239104 -0.28369978 1.06081378 2 -0.07473901 -0.25000960 0.85373443 3
2 0.15690668 -0.28368542 1.06823671 2 -0.07325587 -0.27637225 0.85177821 3
2 0.15552142 -0.28688446 1.06685054 2 -0.06639335 -0.29952988 0.84545994 3
2 0.15428934 -0.29164067 1.06375813 2 -0.06305103 -0.32212910 0.84377134 3
2 0.15363441 -0.30285487 1.05576837 2 -0.01758614 -0.35188016 0.83717406 3
2 0.15146035 -0.32334182 1.04194701 2 -0.01552562 -0.36891922 0.83190989 3
2 0.15095490 -0.32638294 1.04120040 1 -0.02153494 -0.38374141 0.82454771 0
2 0.15076467 -0.32504341 1.04305732 2 0.02338784 -0.40838617 0.81609595 0
2 0.15073073 -0.32428962 1.04527628 2 -0.00141317 -0.41545939 0.81340539 1
2 0.15093395 -0.32337883 1.04707146 2 0.03773121 -0.41428709 0.79267341 1
2 0.15117480 -0.32279241 1.04807830 2 0.04754987 -0.42383352 0.79063362 1
2 0.15109381 -0.32260525 1.04870534 1 -0.01278388 -0.38945699 0.76483572 1
2 0.15101826 -0.32244733 1.04929817 1 -0.01467643 -0.39971083 0.69282264 1
2 0.15059039 -0.33043864 1.05093729 2 -0.00510480 -0.36955768 0.64610505 1
2 0.15075311 -0.32695591 1.05345464 1 0.32647645 -0.46035758 0.51353836 1
2 0.15080081 -0.32522568 1.05454314 1 0.35546780 -0.58901227 0.93753439 1
2 0.15095226 -0.32404512 1.05554509 1 0.33212200 -0.51884621 0.95474964 1
2 0.15105028 -0.32314107 1.05633593 1 0.46153107 -0.48131210 0.93057734 1
2 0.15089223 -0.32269725 1.05644453 2 0.33936799 -0.43247852 0.99147218 0
2 0.15076536 -0.32233739 1.05656981 2 0.35229629 -0.41893089 0.97951388 0
2 0.15075740 -0.32221606 1.05668628 1 0.42844722 -0.27029583 0.82226777 0
2 0.15080163 -0.32198709 1.05690682 2 0.42146236 -0.26735091 0.85094076 0
2 0.15095495 -0.32175314 1.05706310 2 0.42412484 -0.29670283 0.93464220 3
2 0.15114126 -0.32154423 1.05711496 2 0.44937813 -0.25457129 0.89759851 3
2 0.15156969 -0.32114908 1.05743814 2 0.44353408 -0.20493321 0.87141836 3
2 0.15194756 -0.32078880 1.05753076 2 0.44687551 -0.19158122 0.88050979 3
2 0.15248497 -0.32036573 1.05757046 1 0.45028076 -0.10260851 0.85989887 0
2 0.15374571 -0.31982815 1.05787528 2 0.45336175 -0.14296079 0.89344299 0
2 0.15494755 -0.31912214 1.05808878 2 0.45204985 -0.12184402 0.89688128 3
2 0.15552270 -0.31833816 1.05817401 2 0.44900963 -0.10107795 0.90019929 3
2 0.15544195 -0.31772354 1.05850446 2 0.44593111 -0.08256996 0.90274364 3
2 0.15133303 -0.31581107 1.05841994 2 0.43973911 -0.06413295 0.90224385 3
2 0.15199007 -0.31484002 1.05873656 2 0.43244693 -0.04748773 0.90121216 3
2 0.15297721 -0.31181276 1.05990183 2 0.42455101 -0.01796931 0.89753205 3
2 0.15375760 -0.30949965 1.06075299 2 0.41165254 -0.00230687 0.89783973 3
2 0.15502712 -0.30808669 1.06154346 2 0.39642307 0.00770577 0.90400487 3
2 0.15482439 -0.30715612 1.06219482 2 0.37806630 0.01600038 0.90357536 3
2 0.15476060 -0.30685270 1.06237853 2 0.35740179 0.02217348 0.90490055 3
2 0.15506446 -0.30653545 1.06243885 2 0.33632287 0.02618952 0.90435398 3
2 0.15527156 -0.30636331 1.06243122 2 0.31620258 0.01673736 0.90723592 3
2 0.15546660 -0.30622548 1.06219923 2 0.29321802 0.01321766 0.90311515 3
2 0.15527341 -0.30630788 1.06173027 2 0.27453831 0.00885130 0.90132236 3
2 0.15539746 -0.30648547 1.06116390 2 0.24476455 0.02270134 0.89464670 3
2 0.15542193 -0.30693579 1.06043828 2 0.22549708 0.01526209 0.89892387 3
2 0.15555024 -0.30708990 1.05967939 2 0.20854294 0.01035563 0.89431530 3
2 0.15563865 -0.30705777 1.05950856 2 0.21362163 -0.02042712 0.89948821 3
2 0.15566161 -0.30702889 1.05945683 2 0.20751938 -0.02583525 0.90153229 3
2 0.15575041 -0.30695024 1.05935681 2 0.20293687 -0.02923219 0.89811826 3
2 0.15560590 -0.30662197 1.05948114 2 0.19938184 -0.02966250 0.89914906 3
2 0.15564312 -0.30659828 1.05943704 2 0.19908395 -0.02855209 0.89818764 3
2 0.15535809 -0.30639902 1.05964696 2 0.19872166 -0.02570680 0.89991778 3
2 0.15516469 -0.30594280 1.05981410 2 0.19728464 -0.02251543 0.89882791 3
2 0.15351167 -0.30570862 1.06038642 2 0.19975938 -0.01850410 0.90357304 2
