2 0.12398710 -0.23287110 0.93404239 2 0.25575456 -0.14344887 0.65834242 0
2 0.12396640 -0.23287512 0.93403757 2 0.25584289 -0.14238523 0.65870070 0
2 0.12396223 -0.23287016 0.93403399 2 0.25565571 -0.14257023 0.65785980 2
2 0.12394623 -0.23286465 0.93405086 2 0.25585690 -0.14360653 0.65961504 2
2 0.12393954 -0.23286554 0.93405730 2 0.25590569 -0.14256115 0.65847868 0
2 0.12394059 -0.23285879 0.93406993 2 0.25615618 -0.14321725 0.65860516 0
2 0.12392423 -0.23285021 0.93410522 2 0.25564525 -0.14357814 0.65873820 2
2 0.12392119 -0.23284332 0.93410665 2 0.25527659 -0.14239357 0.65760040 2
2 0.12391676 -0.23284146 0.93410736 2 0.25493431 -0.14221603 0.65724391 0
2 0.12389800 -0.23283227 0.93415385 2 0.25515041 -0.14318609 0.65923053 0
2 0.12386285 -0.23280676 0.93423593 2 0.25467917 -0.14329289 0.65881097 0
2 0.12385582 -0.23278873 0.93423194 2 0.25383556 -0.14280647 0.65722281 0
2 0.12379774 -0.23276335 0.93421829 2 0.25259042 -0.14233905 0.65673888 2
2 0.12378018 -0.23275602 0.93419760 2 0.25171739 -0.14121850 0.65630394 2
2 0.12344558 -0.23258090 0.93429911 2 0.25067154 -0.13950807 0.65630555 2
2 0.12318889 -0.23238555 0.93440515 2 0.24915598 -0.13942222 0.65606493 2
2 0.12300263 -0.23220612 0.93449223 2 0.24702631 -0.13853124 0.65636313 0
2 0.12320910 -0.23244442 0.93431640 2 0.24515726 -0.13563299 0.65575504 0
2 0.12336612 -0.23263690 0.93424946 2 0.24348329 -0.13511743 0.65644842 0
2 0.12349025 -0.23274869 0.93411374 2 0.23595895 -0.13075781 0.65542954 0
2 0.12322406 -0.23246837 0.93429643 2 0.23560056 -0.12633796 0.65554434 0
2 0.12298169 -0.23221976 0.93438774 2 0.23287192 -0.12557524 0.65494913 0
2 0.12276038 -0.23196433 0.93447047 2 0.22961655 -0.12297595 0.65447980 0
2 0.12254916 -0.23183635 0.93450028 2 0.22718553 -0.11903163 0.65377426 0
2 0.12314704 -0.23252307 0.93377602 2 0.22320254 -0.11637504 0.65412366 0
2 0.12372419 -0.23307329 0.93317050 2 0.21937960 -0.11499297 0.65313154 0
2 0.12403603 -0.23357053 0.93275815 2 0.21779312 -0.11366364 0.65395659 0
2 0.12440455 -0.23385163 0.93249476 2 0.21518373 -0.11276253 0.65276259 0
2 0.12457833 -0.23408134 0.93219817 2 0.21140066 -0.11004737 0.65190750 0
2 0.12475269 -0.23439251 0.93182129 2 0.20886682 -0.10699029 0.65228581 0
2 0.12495328 -0.23465219 0.93136507 2 0.20562065 -0.10446214 0.65154076 0
2 0.12496707 -0.23502059 0.93092704 2 0.20127362 -0.10165814 0.65228945 0
2 0.12505588 -0.23526275 0.93070525 2 0.19642465 -0.10030984 0.65276515 0
2 0.12509146 -0.23575455 0.93008900 2 0.19111130 -0.09756035 0.65088838 0
2 0.12503482 -0.23604265 0.92975223 2 0.18652359 -0.09524705 0.65344793 0
2 0.12496459 -0.23640195 0.92940289 2 0.18185742 -0.09205160 0.65341175 0
2 0.12475863 -0.23680970 0.92907101 2 0.17686547 -0.08630303 0.65449810 0
2 0.12448423 -0.23721769 0.92870861 2 0.17050564 -0.08181305 0.65417159 0
2 0.12418935 -0.23758729 0.92839807 2 0.16059345 -0.08053108 0.65491474 0
2 0.12364476 -0.23819017 0.92805064 2 0.15364592 -0.07922053 0.65639126 0
2 0.12342530 -0.23874338 0.92762852 2 0.14698395 -0.07658408 0.65705109 0
2 0.12287658 -0.23963894 0.92690462 2 0.13877226 -0.07404699 0.65658867 0
2 0.12218445 -0.24078272 0.92614979 2 0.13498838 -0.06917825 0.65621716 0
2 0.11539014 -0.24773979 0.92016244 2 0.12951504 -0.06536957 0.65634054 0
2 0.11344400 -0.25088051 0.91775495 2 0.12519884 -0.06268331 0.65704608 0
2 0.11236803 -0.25197366 0.91652274 2 0.11718532 -0.06126334 0.65737182 0
2 0.11077218 -0.25370640 0.91531700 2 0.10998051 -0.05798273 0.65874159 0
2 0.10826186 -0.25666049 0.91394013 2 0.10236526 -0.05792985 0.65851122 0
2 0.10071392 -0.26447672 0.90975451 2 0.09468795 -0.05822827 0.65939230 2
2 0.09771240 -0.26750818 0.90838557 2 0.08997057 -0.05170821 0.66016746 2
2 0.09753071 -0.26800141 0.90811306 2 0.08277900 -0.04848037 0.66026819 0
2 0.09717542 -0.26846972 0.90779972 2 0.07453351 -0.04860259 0.66153973 0
2 0.09709654 -0.26878762 0.90758622 2 0.06649014 -0.04882153 0.66328901 0
2 0.09720678 -0.26888746 0.90748274 2 0.05703798 -0.06276219 0.66441268 0
2 0.09736291 -0.26879540 0.90737975 2 0.04899842 -0.05743542 0.66576415 2
2 0.09799677 -0.26784006 0.90734315 2 0.03961004 -0.07063977 0.66844255 2
2 0.09859451 -0.26683515 0.90746021 2 0.03179317 -0.06802128 0.66999996 0
2 0.09939498 -0.26520008 0.90763533 2 0.02022272 -0.08980748 0.67861384 0
2 0.10015386 -0.26299107 0.90822726 2 0.01393684 -0.09194650 0.68033046 2
2 0.10113548 -0.26010820 0.90932328 1 -0.00001839 -0.07069388 0.68383050 2
2 0.10212778 -0.25731897 0.91006696 1 -0.00654977 -0.07061813 0.68413818 0
2 0.10303893 -0.25501037 0.91063797 1 -0.01281220 -0.07138859 0.68579644 0
2 0.10393235 -0.25289741 0.91122597 1 -0.02302021 -0.06675550 0.69027901 0
2 0.10949918 -0.24326475 0.91158730 1 -0.02766273 -0.06660607 0.69141781 0
2 0.11730765 -0.22761214 0.91313612 2 -0.03614422 -0.04843571 0.69700497 0
2 0.11853255 -0.22502102 0.91339642 1 -0.03958646 -0.04734817 0.69877690 0
2 0.11909825 -0.22346024 0.91310751 2 -0.04271513 -0.04733531 0.69729114 0
2 0.11943460 -0.22246172 0.91295415 2 -0.04447867 -0.04845965 0.69995582 0
2 0.11964430 -0.22175592 0.91287369 2 -0.04557847 -0.04709972 0.69902807 2
2 0.11979008 -0.22122711 0.91283768 1 -0.04669416 -0.04781128 0.69971025 2
2 0.11995889 -0.22081232 0.91292244 1 -0.04710530 -0.04763749 0.70085043 0
2 0.12007381 -0.22046225 0.91286743 2 -0.04728209 -0.04763126 0.69961894 0
2 0.12018013 -0.22013254 0.91285902 1 -0.04752778 -0.04780189 0.70011866 0
2 0.12026302 -0.21982880 0.91277456 1 -0.04790547 -0.04910154 0.69894141 0
2 0.12036912 -0.21963370 0.91287392 1 -0.04761724 -0.04753897 0.70377719 0
-999
