2 0.16158995 -0.35737777 1.00108063 2 0.19933161 0.02538511 0.81047809 3
2 0.16170518 -0.35682437 1.00049496 2 0.20369284 0.02215924 0.80143100 3
2 0.16177152 -0.35600787 1.00036621 2 0.20718725 0.01855425 0.79504877 3
2 0.16179912 -0.35561594 1.00043094 2 0.21109238 0.01503334 0.79183006 3
2 0.16180919 -0.35524487 1.00042593 2 0.21446779 0.01185154 0.78556144 3
2 0.16187556 -0.35473239 1.00040913 2 0.21705465 0.01012921 0.78252774 3
2 0.16194253 -0.35440516 1.00047326 2 0.22001131 0.00838611 0.78861672 3
2 0.16185899 -0.35372400 1.00065887 2 0.22353379 0.00682427 0.78476155 3
2 0.16186120 -0.35326615 1.00074160 2 0.22753724 0.00520382 0.78382587 3
2 0.16196001 -0.35282293 1.00088143 2 0.23175581 0.00385164 0.78327119 3
2 0.16200218 -0.35197607 1.00114858 2 0.23697521 0.00200015 0.77974331 3
2 0.16104999 -0.34843341 1.00308824 2 0.24268237 0.00050528 0.77998489 3
2 0.16001233 -0.34487030 1.00561476 2 0.24905764 -0.00102664 0.78078830 3
2 0.15021107 -0.33979630 1.01023424 2 0.25649950 -0.00258990 0.77614564 3
2 0.14785857 -0.33870366 1.01127517 2 0.26497668 -0.00419462 0.77696741 3
2 0.14657134 -0.33831704 1.01186192 2 0.27456129 -0.00567877 0.77398288 3
2 0.14534050 -0.33796805 1.01223338 2 0.28530887 -0.00726356 0.76972306 3
2 0.13327353 -0.33932400 1.01500428 2 0.29725793 -0.00918976 0.76876026 3
2 0.12889600 -0.34040728 1.01493990 2 0.31048447 -0.01202070 0.76173204 3
2 0.12625642 -0.34148398 1.01476192 2 0.32369310 -0.01504585 0.75666475 3
2 0.12852338 -0.34136799 1.01440167 2 0.33631310 -0.01970092 0.75376290 3
2 0.12408979 -0.34267056 1.01475871 2 0.34779552 -0.02649761 0.74530923 3
2 0.12191335 -0.34354001 1.01427603 2 0.35805044 -0.03520526 0.74461800 3
2 0.12143875 -0.34369326 1.01411593 2 0.36668387 -0.04582398 0.74477512 3
2 0.12079083 -0.34379330 1.01401138 2 0.37242329 -0.05807841 0.74973273 3
2 0.12291507 -0.34859145 1.01198375 2 0.37488449 -0.07134803 0.74991971 3
2 0.13011721 -0.34899539 1.01023710 2 0.37360540 -0.08511131 0.74205464 3
2 0.13322090 -0.34969208 1.00875497 2 0.36789912 -0.09796985 0.73809814 3
2 0.13716380 -0.35009080 1.00803566 2 0.35995531 -0.10956514 0.74116772 3
2 0.14000623 -0.35024866 1.00703907 2 0.35064036 -0.11948866 0.73635828 3
2 0.14137378 -0.34999198 1.00600219 2 0.33756086 -0.12723349 0.73846686 3
2 0.14536484 -0.34930724 1.00322449 2 0.32185349 -0.13190988 0.74464816 3
2 0.14612179 -0.34922075 1.00260735 2 0.30445978 -0.13361387 0.74731529 3
2 0.14667036 -0.34855092 1.00238276 2 0.28493178 -0.13008104 0.74601775 3
2 0.14669141 -0.34840894 1.00240183 2 0.26667306 -0.12392304 0.74906832 3
2 0.14682259 -0.34874889 1.00203276 2 0.25033844 -0.11477092 0.75178826 3
2 0.14693218 -0.34922495 1.00141799 2 0.23664549 -0.10324427 0.75403768 3
2 0.15168306 -0.34021506 1.00264418 2 0.22400376 -0.08796565 0.75822508 3
2 0.16441153 -0.31419784 1.00678766 2 0.21473789 -0.07064825 0.76414514 3
2 0.16039550 -0.32129779 1.00444686 2 0.21085611 -0.05160081 0.77071053 3
2 0.15278499 -0.33423129 1.00020444 2 0.21104325 -0.03279966 0.77448964 3
2 0.15079975 -0.33754817 0.99905372 2 0.21389724 -0.01394911 0.78164703 3
2 0.14934370 -0.34025401 0.99784988 2 0.22057058 0.00150763 0.78244948 3
2 0.14747877 -0.34127855 0.99726111 2 0.22731626 0.01558488 0.77547204 2
-999
