1 0.14060915 -0.16848756 0.91998184 2 0.05989781 -0.06220756 0.61027205 2
1 0.14060982 -0.16848513 0.91997969 2 0.06104945 -0.06135713 0.60754246 2
1 0.14061555 -0.16848956 0.91998518 2 0.06335007 -0.06153997 0.60771018 2
1 0.14061227 -0.16849552 0.91998827 2 0.06547681 -0.06014230 0.60613722 2
1 0.14061271 -0.16852257 0.91998374 2 0.06771225 -0.06026345 0.60085326 2
1 0.14058056 -0.16862437 0.92009586 2 0.06989895 -0.06221068 0.60312378 2
1 0.14059409 -0.16867957 0.92013526 2 0.07220913 -0.06314031 0.59900308 2
1 0.14060129 -0.16870467 0.92015004 2 0.07473218 -0.06442981 0.59502441 2
1 0.14059135 -0.16871402 0.92015922 2 0.07665661 -0.06549422 0.59361476 2
1 0.14060842 -0.16873300 0.92017633 2 0.07782040 -0.06731601 0.58949643 2
1 0.14060289 -0.16875020 0.92019373 2 0.08009210 -0.06926953 0.58845490 2
1 0.14059703 -0.16878840 0.92020994 2 0.08164116 -0.07158160 0.58598244 2
1 0.14057106 -0.16887239 0.92027652 2 0.08667884 -0.07314429 0.58328855 2
1 0.14054550 -0.16893502 0.92031336 2 0.08947004 -0.07619378 0.58038366 2
1 0.14052735 -0.16896033 0.92032194 2 0.09396780 -0.08004974 0.57558066 2
1 0.14051053 -0.16900127 0.92032683 2 0.10022698 -0.12143822 0.58155203 2
1 0.14051279 -0.16902408 0.92033666 2 0.10287570 -0.13126470 0.58051544 2
1 0.14051154 -0.16903421 0.92033452 2 0.10399272 -0.13741079 0.57941711 0
1 0.14049958 -0.16905661 0.92033541 2 0.10517374 -0.14130406 0.57779050 0
1 0.14047319 -0.16907136 0.92034185 2 0.10614387 -0.14410645 0.57626855 2
1 0.14047240 -0.16907366 0.92034179 2 0.10733376 -0.14565873 0.57481992 2
1 0.14047036 -0.16907229 0.92034364 2 0.10847419 -0.14876619 0.57547480 0
1 0.14046973 -0.16907313 0.92033583 2 0.10839450 -0.14940818 0.57267964 0
1 0.14047036 -0.16907361 0.92033201 2 0.10824358 -0.15094782 0.57216704 0
1 0.14047040 -0.16907369 0.92032522 2 0.10847684 -0.15156704 0.57049561 0
1 0.14047812 -0.16906640 0.92031372 2 0.10876111 -0.15209275 0.57080293 0
1 0.14048006 -0.16906160 0.92030340 2 0.10748450 -0.15376820 0.57046038 0
1 0.14049037 -0.16905379 0.92030215 2 0.10706607 -0.15271550 0.57330757 0
1 0.14051040 -0.16901252 0.92029053 2 0.10558806 -0.15321086 0.57434505 0
1 0.14054850 -0.16897112 0.92025334 2 0.10379608 -0.15133415 0.57583004 0
1 0.14057600 -0.16887577 0.92019773 2 0.09008431 -0.06397801 0.55769539 0
1 0.14059034 -0.16877016 0.92016369 2 0.09177843 -0.12905736 0.57704306 0
1 0.14072721 -0.16841847 0.91990870 1 0.07621077 -0.05429414 0.56503147 0
1 0.14078762 -0.16816729 0.91968644 1 0.07162789 -0.05119377 0.56682062 0
1 0.14080092 -0.16785607 0.91945827 1 0.06804436 -0.04407319 0.57173735 0
1 0.14078146 -0.16762264 0.91925687 2 0.06022041 -0.04157227 0.57643759 2
1 0.14068285 -0.16747914 0.91904813 2 0.05245854 -0.04857825 0.57993388 2
1 0.14059603 -0.16747048 0.91900867 2 0.04476736 -0.04374954 0.58604562 2
1 0.14035447 -0.16733076 0.91839904 2 0.03699953 -0.03648647 0.58980811 2
1 0.13988522 -0.16783750 0.91838169 2 0.02689861 -0.02868521 0.59772640 2
1 0.13954777 -0.16843277 0.91848534 2 0.01736483 -0.01874489 0.60329324 2
2 0.13766450 -0.16840722 0.91779977 2 0.00929277 -0.01555179 0.61250657 2
2 0.13587771 -0.16820772 0.91741496 2 0.00094525 -0.01444511 0.61685830 2
2 0.13394704 -0.16780327 0.91714191 2 -0.00734163 -0.01057172 0.62183124 2
2 0.13186540 -0.16730504 0.91751659 2 -0.01444894 -0.01025922 0.62916350 2
2 0.13009551 -0.16695479 0.91774464 2 -0.02195639 -0.00994868 0.63408285 2
2 0.10072263 -0.16656835 0.91767067 2 -0.03004882 -0.00958359 0.63826472 2
2 0.10038565 -0.16580866 0.91754353 2 -0.03717572 -0.00842387 0.64334518 2
2 0.10647918 -0.16537967 0.91754293 2 -0.04506291 -0.00735995 0.64814824 2
2 0.10855130 -0.16516401 0.91759270 2 -0.04964520 -0.01168483 0.65064043 2
2 0.10916819 -0.16528036 0.91778034 2 -0.05141846 -0.00998565 0.65436244 2
2 0.10830767 -0.16496387 0.91780746 2 -0.05353633 -0.00902476 0.65083492 2
2 0.09918819 -0.16409290 0.91796088 2 -0.05454426 -0.01004131 0.65259922 2
2 0.09770066 -0.16313970 0.91855764 2 -0.05306147 -0.01019154 0.65139055 2
2 0.09556302 -0.16318752 0.91929185 2 -0.05038631 -0.01002630 0.64775199 2
2 0.09540251 -0.16292560 0.91959012 2 -0.04688405 -0.01067928 0.64526510 2
2 0.09530507 -0.16260831 0.91975933 2 -0.04198172 -0.01064150 0.63860804 2
2 0.09554972 -0.16234991 0.92021167 2 -0.03391831 -0.01114216 0.63389730 2
2 0.09812809 -0.16252364 0.92042023 2 -0.02801571 -0.01053524 0.62939149 2
2 0.10033030 -0.16264991 0.92026556 2 -0.02135590 -0.01109364 0.62299985 2
2 0.10267339 -0.16297545 0.91925812 2 -0.01567411 -0.01111952 0.61592340 2
2 0.10502393 -0.16329861 0.91831219 2 -0.00828217 -0.00970692 0.60899019 2
2 0.10713191 -0.16370644 0.91728401 2 -0.00077226 -0.01320965 0.60299110 2
1 0.10860538 -0.16373077 0.91698700 2 0.00790720 -0.01169705 0.59513146 2
1 0.10986780 -0.16360278 0.91707122 2 0.01599138 -0.01329435 0.59365702 2
1 0.13076733 -0.13266093 0.90226793 2 0.02475686 -0.01862915 0.58437163 2
1 0.12512422 -0.14591944 0.90957320 2 0.03255766 -0.02133929 0.57805932 2
1 0.13256007 -0.13693237 0.91075772 2 0.03943991 -0.02865322 0.57429546 2
1 0.13177794 -0.13862331 0.91164333 2 0.04576930 -0.03197086 0.56904083 2
1 0.13133736 -0.14002299 0.91248399 2 0.05284652 -0.03565829 0.56798857 2
1 0.13084789 -0.14148994 0.91315746 2 0.05770411 -0.04282694 0.56175876 2
1 0.13065875 -0.14240873 0.91383171 2 0.06194961 -0.04791402 0.56077373 2
1 0.13040169 -0.14321411 0.91426426 2 0.06509791 -0.05223443 0.55801636 2
1 0.13025494 -0.14357623 0.91436106 2 0.06756765 -0.05778280 0.55254513 2
1 0.13012689 -0.14383957 0.91450107 2 0.07024571 -0.06055027 0.55167729 2
1 0.13003738 -0.14401743 0.91462904 2 0.07121929 -0.06371416 0.55176026 2
1 0.12997158 -0.14420789 0.91477787 2 0.07178438 -0.06516743 0.55339992 2
1 0.12993103 -0.14428249 0.91480178 2 0.07219707 -0.06546868 0.55128950 2
1 0.12983820 -0.14435297 0.91478932 2 0.07200190 -0.06705359 0.55011332 2
1 0.12982036 -0.14437525 0.91479677 2 0.07228876 -0.06680992 0.55222189 2
1 0.12979634 -0.14439349 0.91479337 2 0.07084434 -0.06619062 0.55148208 2
1 0.12978123 -0.14439528 0.91479999 2 0.07094183 -0.06525713 0.55402291 2
1 0.12976320 -0.14440422 0.91478992 2 0.06987382 -0.06436480 0.55224544 2
1 0.12974249 -0.14440836 0.91479170 2 0.06954596 -0.06381728 0.55342567 2
1 0.12971865 -0.14443135 0.91477859 2 0.06869668 -0.06208387 0.55339211 2
1 0.12967892 -0.14445950 0.91476595 2 0.06802836 -0.06165902 0.55199677 2
1 0.12965772 -0.14447488 0.91477466 2 0.06795824 -0.06102413 0.55466330 2
-999
