2 0.11869493 -0.27025527 1.03022444 2 0.19346558 0.05939066 0.72980011 3
2 0.11912937 -0.27073771 1.02965415 2 0.19524603 0.05401075 0.72445124 3
2 0.11952928 -0.27111900 1.02918553 2 0.19708008 0.04770196 0.72337729 3
2 0.11985791 -0.27145806 1.02876127 2 0.19856934 0.04126315 0.72221434 3
2 0.12013412 -0.27167332 1.02847087 2 0.19961759 0.03516765 0.72387403 3
2 0.12050126 -0.27204230 1.02798128 2 0.20051202 0.02923803 0.72352910 3
2 0.12061819 -0.27220979 1.02776968 2 0.20138325 0.02428164 0.72411066 3
2 0.12070564 -0.27230081 1.02757502 2 0.20216420 0.01932794 0.72369480 3
2 0.12072254 -0.27224037 1.02751696 2 0.20272031 0.01465969 0.72416723 3
2 0.12079604 -0.27206752 1.02734399 2 0.20300612 0.01241140 0.72403228 3
2 0.12085021 -0.27175564 1.02758121 2 0.20319089 0.01079524 0.72699201 3
2 0.12087968 -0.27103320 1.02779639 2 0.20276269 0.01052641 0.72127998 3
2 0.12096897 -0.26998103 1.02826047 2 0.20233449 0.01067029 0.72012699 3
2 0.12143233 -0.26936227 1.02823079 2 0.20190629 0.01122446 0.71334881 3
2 0.12171600 -0.26830858 1.02820837 2 0.20150705 0.01256885 0.71038002 3
2 0.12166263 -0.26717615 1.02855730 2 0.20112595 0.01514615 0.71196103 3
2 0.12198207 -0.26658362 1.02818358 2 0.20131643 0.01943719 0.71488315 3
2 0.12232173 -0.26619753 1.02793849 2 0.20287567 0.02574920 0.71944606 3
2 0.12261830 -0.26657766 1.02736294 2 0.20588851 0.03358492 0.72494847 3
2 0.12282039 -0.26663461 1.02719307 2 0.21032511 0.04284362 0.73362821 3
2 0.12305587 -0.26657227 1.02708340 2 0.21647312 0.05186575 0.73752266 3
2 0.12310039 -0.26657450 1.02734005 2 0.22425902 0.06060626 0.74732715 3
2 0.12287371 -0.26644161 1.02784801 2 0.23386200 0.06914259 0.75174409 3
2 0.12261802 -0.26658741 1.02823174 2 0.24528563 0.07699184 0.75474471 3
2 0.12195474 -0.26616207 1.02928948 2 0.25845936 0.08326419 0.75550175 3
2 0.12126260 -0.26581436 1.03043520 2 0.27286410 0.08635735 0.75220513 3
2 0.12054893 -0.26527295 1.03104568 2 0.28747165 0.08538188 0.74702555 3
2 0.12003615 -0.26491609 1.03172004 2 0.30157155 0.08092554 0.74399775 3
2 0.11970200 -0.26462156 1.03220260 2 0.31424770 0.07299869 0.73689508 3
2 0.11942167 -0.26423958 1.03261197 2 0.32521242 0.06324495 0.72979492 3
2 0.11954577 -0.26467907 1.03267050 2 0.33453923 0.05111199 0.72256690 3
2 0.11995189 -0.26549366 1.03282189 2 0.34204900 0.03678726 0.71645951 3
2 0.12114627 -0.26683035 1.03250241 2 0.34623039 0.02059190 0.71135885 3
2 0.12194133 -0.26773125 1.03253949 2 0.34650218 0.00361885 0.71740341 3
2 0.12250035 -0.26810864 1.03226173 2 0.34276426 -0.01188874 0.71663386 3
2 0.12280992 -0.26937181 1.03180933 2 0.33539298 -0.02534869 0.71760964 3
2 0.12405236 -0.27228400 1.02995300 2 0.32475993 -0.03685145 0.71772969 3
2 0.12757744 -0.27688327 1.02574754 2 0.31102374 -0.04630670 0.71449423 3
2 0.12805270 -0.27736881 1.02491689 2 0.29490480 -0.05362195 0.71151489 3
2 0.12836218 -0.27660677 1.02519381 2 0.27674988 -0.05724516 0.71053070 3
2 0.12883359 -0.27390033 1.02486730 2 0.25746286 -0.05709168 0.70633084 3
2 0.12904771 -0.27117941 1.02478361 2 0.23965462 -0.05307268 0.70805252 3
2 0.12943609 -0.26857123 1.02391934 2 0.22398771 -0.04575030 0.70986509 3
2 0.13012210 -0.26721796 1.02295709 2 0.21058972 -0.03558289 0.71160865 3
2 0.13067724 -0.26661101 1.02247214 2 0.19930595 -0.02337427 0.71355146 3
2 0.13079359 -0.26642567 1.02247202 2 0.19032885 -0.00987970 0.71683222 3
2 0.13060904 -0.26640046 1.02278590 2 0.18445489 0.00410253 0.71939492 3
2 0.13059816 -0.26642242 1.02330327 2 0.18096368 0.01779769 0.71683645 2
-999
