2 0.15267092 -0.20581029 0.93524462 2 0.26063108 -0.07069688 0.63910747 0
2 0.15239614 -0.20589158 0.93531066 2 0.26034105 -0.07099001 0.63918769 0
2 0.15232161 -0.20599450 0.93531698 2 0.26031226 -0.07094490 0.63915062 0
2 0.15220207 -0.20601030 0.93538433 2 0.26049933 -0.07099187 0.63944358 0
1 0.11144251 -0.12116355 0.89306498 2 0.26280540 -0.06076168 0.62714463 0
2 0.15862779 -0.22185084 0.93960357 2 0.26030129 -0.07304021 0.64165509 0
2 0.15838012 -0.22178641 0.93969405 2 0.26028538 -0.07315061 0.64189816 0
2 0.15833807 -0.22178255 0.93971366 2 0.25996280 -0.07291888 0.64149523 0
2 0.15831941 -0.22177798 0.93968546 2 0.25985545 -0.07293466 0.64143497 0
2 0.15836422 -0.22178945 0.93961060 2 0.26027605 -0.07266964 0.64161706 0
2 0.15836500 -0.22178908 0.93961191 2 0.26019123 -0.07272575 0.64158386 0
2 0.15825588 -0.22181009 0.93958914 2 0.26013070 -0.07283703 0.64164853 0
2 0.15824433 -0.22180942 0.93961132 2 0.26013896 -0.07286841 0.64172304 0
2 0.15824336 -0.22181185 0.93962216 2 0.26028442 -0.07311708 0.64203250 0
2 0.15825124 -0.22181758 0.93962193 2 0.26007840 -0.07347366 0.64204139 0
2 0.15849376 -0.22206987 0.93934357 2 0.25901139 -0.07448043 0.64156979 0
2 0.15852952 -0.22240354 0.93910074 2 0.25907165 -0.07487819 0.64170039 0
1 0.15886188 -0.22277303 0.93902451 2 0.25933987 -0.07461294 0.64146298 0
2 0.15855761 -0.22309107 0.93881768 2 0.25964725 -0.07470278 0.64158291 0
2 0.15778205 -0.22377554 0.93835092 2 0.25975361 -0.07463025 0.64140427 0
2 0.15798782 -0.22395389 0.93821871 2 0.25987890 -0.07473666 0.64133722 0
2 0.15824555 -0.22411966 0.93796110 2 0.25991040 -0.07472189 0.64104265 0
2 0.15826470 -0.22418302 0.93785709 2 0.25988337 -0.07475452 0.64089632 0
2 0.15845279 -0.22432131 0.93780214 2 0.26034939 -0.07472020 0.64121217 0
2 0.15847722 -0.22429600 0.93782324 2 0.25855884 -0.07634550 0.64094716 0
2 0.15864334 -0.22443026 0.93759990 2 0.25936583 -0.07549478 0.64078707 0
2 0.15862356 -0.22444178 0.93752319 2 0.25934699 -0.07541971 0.64072514 0
2 0.15865439 -0.22455779 0.93725723 2 0.25917834 -0.07534192 0.64048356 0
2 0.15866420 -0.22453767 0.93723512 2 0.25907388 -0.07541496 0.64057356 0
2 0.15868750 -0.22457443 0.93717110 2 0.25919405 -0.07537603 0.64082694 0
2 0.15872674 -0.22457029 0.93710977 2 0.25888595 -0.07527436 0.64067447 0
2 0.15877959 -0.22455269 0.93705249 2 0.25858328 -0.07531840 0.64063621 2
2 0.15882936 -0.22460288 0.93697184 2 0.25773433 -0.07577977 0.64036107 2
1 0.15885854 -0.22456574 0.93693227 2 0.25754586 -0.07563586 0.64029825 2
2 0.15885432 -0.22458278 0.93690491 2 0.25641388 -0.07541113 0.64008987 2
2 0.15878727 -0.22459467 0.93685913 2 0.25728300 -0.07465076 0.64038837 2
2 0.15873152 -0.22460623 0.93681479 2 0.25725964 -0.07462161 0.64048326 2
2 0.15860763 -0.22453089 0.93682253 2 0.25572041 -0.07551827 0.63999915 2
2 0.15855831 -0.22454987 0.93678659 2 0.25664866 -0.07506780 0.64051437 2
2 0.15851681 -0.22445773 0.93678546 2 0.25641423 -0.07502376 0.64036459 2
1 0.15851814 -0.22436857 0.93682629 2 0.25638697 -0.07497369 0.64043689 2
2 0.15847439 -0.22430433 0.93682724 2 0.25640675 -0.07500271 0.64058781 2
1 0.15730214 -0.22404976 0.93742514 2 0.25531685 -0.07501243 0.64042336 2
2 0.15730630 -0.22400303 0.93740481 2 0.25509325 -0.07529327 0.64048886 2
2 0.15744121 -0.22410952 0.93738455 2 0.25519589 -0.07502225 0.64043313 2
2 0.15756045 -0.22418940 0.93729508 2 0.25521013 -0.07460862 0.64014214 2
1 0.15745802 -0.22418882 0.93755674 2 0.25492775 -0.07483652 0.64036644 2
2 0.15750125 -0.22421511 0.93749744 2 0.25473443 -0.07458726 0.64003754 2
1 0.15756620 -0.22412831 0.93739384 2 0.25432789 -0.07465730 0.63975364 2
2 0.15755823 -0.22408918 0.93740511 2 0.25397140 -0.07488045 0.63968623 2
2 0.15764137 -0.22417536 0.93729675 2 0.25477096 -0.07508387 0.64046949 2
2 0.15771207 -0.22422230 0.93721551 2 0.25475776 -0.07508314 0.64045447 2
1 0.15764371 -0.22408126 0.93723720 2 0.25399578 -0.07553431 0.64018619 2
2 0.15766065 -0.22408628 0.93716574 2 0.25411546 -0.07532945 0.64015484 2
2 0.15749732 -0.22400832 0.93707508 2 0.25400186 -0.07526488 0.64001381 2
2 0.15754610 -0.22406246 0.93699157 2 0.25350955 -0.07564391 0.63985258 2
1 0.15761733 -0.22403356 0.93694478 2 0.25326136 -0.07584887 0.63981044 2
1 0.15659899 -0.22380431 0.93749195 2 0.25336176 -0.07599781 0.64065313 2
1 0.15697052 -0.22341290 0.93747687 2 0.25313151 -0.07622251 0.64054269 2
2 0.15707950 -0.22342245 0.93739933 2 0.25345397 -0.07588904 0.64056659 2
2 0.15720433 -0.22350794 0.93726921 2 0.25293183 -0.07612675 0.64025015 2
2 0.15721190 -0.22348003 0.93724567 2 0.25332734 -0.07590275 0.64048147 2
2 0.15740453 -0.22360282 0.93715966 2 0.25288534 -0.07622927 0.64041108 2
2 0.15745607 -0.22366136 0.93711048 2 0.25267529 -0.07641754 0.64044547 2
2 0.15738918 -0.22363363 0.93705672 2 0.25257689 -0.07631371 0.64037669 2
2 0.15739451 -0.22361413 0.93703145 2 0.25246760 -0.07623464 0.64044797 2
2 0.15737534 -0.22359911 0.93701148 2 0.25232005 -0.07613719 0.64056772 2
2 0.15735446 -0.22358769 0.93697751 2 0.25219253 -0.07599186 0.64064741 2
2 0.15734351 -0.22357564 0.93695384 2 0.25209972 -0.07569438 0.64055395 2
2 0.15734541 -0.22356299 0.93693042 2 0.25195640 -0.07554240 0.64064610 2
2 0.15729938 -0.22355339 0.93691492 2 0.25184673 -0.07543526 0.64076203 2
2 0.15739751 -0.22360896 0.93682873 2 0.25167143 -0.07534950 0.64073217 2
2 0.15744275 -0.22369003 0.93676353 2 0.25165692 -0.07516561 0.64073402 2
2 0.15744120 -0.22367322 0.93674725 2 0.25150123 -0.07516903 0.64077353 2
2 0.15743369 -0.22366223 0.93673056 2 0.25139326 -0.07489800 0.64063871 2
2 0.15741515 -0.22371426 0.93668687 2 0.25133309 -0.07486210 0.64066231 2
2 0.15656334 -0.22435221 0.93643421 2 0.25116384 -0.07499664 0.64081609 2
2 0.15663193 -0.22437775 0.93637764 2 0.25109860 -0.07495272 0.64076412 2
1 0.15752627 -0.22411467 0.93603528 2 0.25123402 -0.07448108 0.64021677 2
1 0.15748386 -0.22402497 0.93612480 2 0.25112137 -0.07447808 0.64030468 2
2 0.15754175 -0.22407022 0.93607944 2 0.25092602 -0.07435723 0.64011431 2
1 0.15757686 -0.22404474 0.93608356 2 0.25087079 -0.07432535 0.64013511 2
2 0.15772283 -0.22414641 0.93608445 2 0.25074148 -0.07431791 0.64009279 2
2 0.15766145 -0.22411916 0.93613243 2 0.25070643 -0.07423048 0.64013940 2
2 0.15760551 -0.22409245 0.93614167 2 0.25064918 -0.07425716 0.64019716 2
2 0.15760127 -0.22410870 0.93612403 2 0.25057286 -0.07424936 0.64023781 2
2 0.15764153 -0.22417556 0.93609625 2 0.25043562 -0.07411989 0.64014691 2
2 0.15770945 -0.22427711 0.93596655 2 0.25030011 -0.07401127 0.63993824 2
2 0.15675235 -0.22480676 0.93571687 2 0.25001279 -0.07417642 0.64003444 2
1 0.15669988 -0.22482537 0.93571681 2 0.25003934 -0.07407621 0.64004564 2
2 0.15689191 -0.22481497 0.93572086 2 0.25003678 -0.07425473 0.64014679 2
2 0.15691981 -0.22486237 0.93569064 2 0.24990399 -0.07426175 0.64003164 2
2 0.15707202 -0.22490725 0.93565130 2 0.24984190 -0.07419236 0.63986063 2
2 0.15723795 -0.22488143 0.93577021 2 0.24984430 -0.07418052 0.63986993 2
2 0.15736605 -0.22493485 0.93575299 2 0.24976622 -0.07421931 0.64003032 2
2 0.15742382 -0.22482960 0.93581432 2 0.24959169 -0.07439598 0.63995582 2
2 0.15741010 -0.22487515 0.93578118 2 0.24949920 -0.07444111 0.63985592 2
2 0.15634222 -0.22531675 0.93549758 2 0.24935642 -0.07481702 0.64011729 2
2 0.15636271 -0.22532845 0.93547660 2 0.24928655 -0.07487647 0.64005226 2
2 0.15641691 -0.22536720 0.93545151 2 0.24930784 -0.07494217 0.64006996 2
1 0.15674245 -0.22538055 0.93537414 2 0.24940903 -0.07494631 0.64001650 2
1 0.15693893 -0.22521219 0.93535388 2 0.24910894 -0.07492930 0.63957489 0
2 0.15694442 -0.22522971 0.93534619 2 0.24912101 -0.07498750 0.63962108 0
2 0.15703064 -0.22522444 0.93534362 2 0.24912077 -0.07502459 0.63962626 2
2 0.15704854 -0.22513124 0.93536371 2 0.24907482 -0.07507050 0.63960457 2
2 0.15708561 -0.22504051 0.93545264 2 0.24914478 -0.07489816 0.63953388 2
2 0.15709490 -0.22495574 0.93547618 2 0.24958052 -0.07406267 0.63924456 2
2 0.15709428 -0.22495849 0.93546158 2 0.24947974 -0.07438164 0.63939285 2
2 0.15716816 -0.22499017 0.93542176 2 0.24940611 -0.07447884 0.63938314 2
2 0.15716793 -0.22503217 0.93539774 2 0.24937458 -0.07445611 0.63933808 2
2 0.15723060 -0.22502692 0.93538952 2 0.24932200 -0.07456176 0.63936365 2
2 0.15633601 -0.22554959 0.93518597 2 0.24896523 -0.07485463 0.63944989 2
2 0.15655348 -0.22551656 0.93511236 2 0.24891065 -0.07487705 0.63930416 2
2 0.15663865 -0.22548215 0.93510562 2 0.24886338 -0.07501841 0.63931370 2
2 0.15664630 -0.22549430 0.93509579 2 0.25462848 -0.06381196 0.62912631 2
2 0.15675305 -0.22551635 0.93507743 2 0.25464517 -0.06351189 0.62868029 2
2 0.15678921 -0.22549759 0.93506926 2 0.25463998 -0.06327977 0.62834746 2
2 0.15679555 -0.22550699 0.93505555 2 0.26593417 -0.05904133 0.58801174 2
2 0.15612118 -0.22584319 0.93481946 2 0.26592371 -0.05971982 0.58864534 2
2 0.15616605 -0.22584397 0.93481886 2 0.26593658 -0.05950840 0.58832848 2
2 0.15617602 -0.22583763 0.93481839 2 0.26592070 -0.05877901 0.58845270 2
2 0.15616505 -0.22569093 0.93485314 2 0.26590315 -0.05891168 0.58836955 2
2 0.15621775 -0.22568864 0.93483567 2 0.26609629 -0.05277547 0.58245558 2
2 0.15637168 -0.22566205 0.93481368 2 0.26595956 -0.05515718 0.58485121 2
1 0.15638332 -0.22526781 0.93490911 2 0.26575768 -0.05684984 0.58682996 2
2 0.15643033 -0.22530352 0.93494439 2 0.26578343 -0.05643285 0.58699816 2
2 0.15660942 -0.22532754 0.93492788 2 0.26571882 -0.05608190 0.58704865 2
2 0.15664160 -0.22533944 0.93489385 2 0.26572436 -0.05604916 0.58682883 2
2 0.15670486 -0.22532670 0.93489039 2 0.26572567 -0.05655688 0.58719498 2
2 0.15684660 -0.22527128 0.93488991 2 0.26569092 -0.05620815 0.58714801 2
2 0.15627871 -0.22553411 0.93473625 2 0.26595595 -0.04986273 0.58064777 2
2 0.15574846 -0.22576071 0.93454975 2 0.26563850 -0.05538359 0.58604270 2
2 0.15575667 -0.22561146 0.93460995 2 0.26559895 -0.05602759 0.58649182 2
2 0.15551721 -0.22571902 0.93454319 2 0.26562536 -0.05678921 0.58676070 2
2 0.15531270 -0.22580433 0.93445104 2 0.26555654 -0.05651273 0.58671731 2
2 0.15550278 -0.22577842 0.93444598 2 0.26556233 -0.05761363 0.58783424 2
2 0.15556791 -0.22562154 0.93451589 2 0.26557773 -0.05690592 0.58750945 2
2 0.15520495 -0.22575718 0.93442178 2 0.26547524 -0.05720214 0.58735293 2
2 0.15524967 -0.22573635 0.93442351 2 0.26542899 -0.05716276 0.58697999 2
2 0.15526824 -0.22557850 0.93447602 2 0.26537406 -0.05774803 0.58718818 2
2 0.15548624 -0.22556502 0.93448329 2 0.26535225 -0.05755033 0.58679736 2
2 0.15559632 -0.22536995 0.93461561 2 0.26533362 -0.05398582 0.58268511 2
2 0.15563810 -0.22538209 0.93460286 2 0.26532876 -0.05436296 0.58299327 2
2 0.15560339 -0.22527198 0.93464923 2 0.26520282 -0.05443615 0.58333355 2
1 0.11105394 -0.13169453 0.89856189 2 0.24702729 -0.06564767 0.63091201 2
1 0.11099245 -0.13176256 0.89854074 2 0.24675493 -0.06619355 0.63124448 2
2 0.15639506 -0.23105538 0.93584377 2 0.24804078 -0.07394080 0.63696176 2
2 0.15580311 -0.23113564 0.93552905 2 0.24786621 -0.07384287 0.63673979 2
2 0.15575372 -0.23091659 0.93549395 2 0.24790028 -0.07367462 0.63662499 2
2 0.15578088 -0.23089676 0.93542552 2 0.24794285 -0.07346806 0.63659900 2
2 0.15580592 -0.23090285 0.93530869 2 0.24795373 -0.07347705 0.63649821 2
2 0.15574935 -0.23072536 0.93530303 2 0.24796392 -0.07340075 0.63639206 2
2 0.15524516 -0.23093419 0.93493843 2 0.24791326 -0.07348340 0.63629729 2
2 0.15528361 -0.23090607 0.93489271 2 0.24841434 -0.07356557 0.63673574 2
2 0.15565155 -0.23044211 0.93506527 2 0.26499635 -0.05889535 0.58741999 2
2 0.15509342 -0.23073353 0.93487054 2 0.27397498 -0.10247923 0.62798208 2
2 0.15516013 -0.23071575 0.93477184 2 0.27401131 -0.10136057 0.62722939 2
2 0.15522009 -0.23069799 0.93479228 2 0.27393800 -0.10134836 0.62792152 2
2 0.15525220 -0.23067123 0.93475354 2 0.27359271 -0.10275880 0.62964827 2
2 0.15525778 -0.23067887 0.93472564 2 0.27335572 -0.10377605 0.63083625 2
2 0.15547822 -0.23066360 0.93463820 2 0.27369517 -0.10227988 0.62782061 2
2 0.15541571 -0.23053606 0.93467277 2 0.27381617 -0.10187169 0.62714446 2
2 0.15539056 -0.23043706 0.93467075 2 0.27357775 -0.10166495 0.62737328 2
2 0.15553571 -0.23043770 0.93458509 2 0.26511148 -0.06287017 0.58724672 2
2 0.15554889 -0.23030232 0.93458766 2 0.26547253 -0.06573705 0.58943450 2
1 0.10844592 -0.12693174 0.89795500 2 0.24763173 -0.07110433 0.62594932 0
2 0.14352542 -0.23461859 0.92937768 2 0.25028083 -0.08247835 0.62893653 0
2 0.14464481 -0.23415563 0.92959452 2 0.25083467 -0.08550392 0.62801838 3
1 0.14462250 -0.23394044 0.92971784 2 0.25102291 -0.08725721 0.62720507 3
2 0.14545944 -0.23382074 0.92978734 2 0.25159934 -0.08839316 0.62707424 3
2 0.14566563 -0.23345008 0.92999870 2 0.25159919 -0.08944888 0.62662488 3
1 0.10804646 -0.13596004 0.89981747 2 0.25304738 -0.08215131 0.61669356 3
2 0.15057044 -0.22572935 0.93474936 2 0.25191608 -0.09057486 0.62671238 3
1 0.15075143 -0.22586407 0.93463737 2 0.25142324 -0.09101257 0.62576473 3
1 0.15078095 -0.22590114 0.93463629 2 0.25144300 -0.09133513 0.62568355 3
2 0.15114678 -0.22605412 0.93450242 2 0.25153941 -0.09150899 0.62546062 3
1 0.15073881 -0.22635052 0.93461490 2 0.25139979 -0.09184912 0.62557048 3
2 0.15091023 -0.22647452 0.93453133 2 0.25197360 -0.09131252 0.62507188 3
1 0.15099932 -0.22651638 0.93446803 2 0.25174862 -0.09221771 0.62549967 3
1 0.15154316 -0.22650944 0.93428230 2 0.25198165 -0.09204029 0.62507278 3
2 0.15174781 -0.22659044 0.93420202 2 0.25192100 -0.09210373 0.62475312 3
2 0.15180734 -0.22653127 0.93422484 2 0.25184494 -0.09247845 0.62491888 3
2 0.15193158 -0.22646128 0.93429822 2 0.25185296 -0.09264594 0.62496740 3
2 0.15208346 -0.22656822 0.93420440 2 0.25222296 -0.09258621 0.62504685 3
2 0.15207833 -0.22654384 0.93423134 2 0.25233111 -0.09245379 0.62492996 3
2 0.15202932 -0.22650491 0.93423116 2 0.25194532 -0.09313376 0.62520987 3
2 0.15206885 -0.22657859 0.93415135 2 0.25235710 -0.09151275 0.62347108 3
2 0.15210757 -0.22652127 0.93416321 2 0.25161082 -0.09375819 0.62535375 3
1 0.10841172 -0.13809362 0.89919078 2 0.25274533 -0.08700031 0.61645418 3
1 0.10839728 -0.13807654 0.89915806 2 0.25520587 -0.08031803 0.60675842 3
2 0.15256663 -0.22531362 0.93510205 2 0.25158346 -0.09311732 0.62459278 3
2 0.15261815 -0.22550853 0.93495804 2 0.25156480 -0.09326934 0.62460303 3
2 0.15267543 -0.22563317 0.93482494 2 0.25154281 -0.09336980 0.62456971 3
2 0.15267020 -0.22563095 0.93482113 2 0.25216287 -0.09314362 0.62489498 3
1 0.10732927 -0.13770548 0.89964205 2 0.25212339 -0.08781257 0.61731899 3
2 0.15472233 -0.23100992 0.93060750 2 0.25291771 -0.09186430 0.62169898 3
1 0.10948914 -0.12664033 0.89869702 2 0.25217447 -0.08774316 0.61690390 3
2 0.15269032 -0.22505720 0.93407577 2 0.25205833 -0.09250597 0.62335330 3
2 0.15271708 -0.22505035 0.93413275 2 0.25191543 -0.09243191 0.62320602 3
1 0.10778149 -0.13240099 0.89718753 2 0.25214851 -0.08653989 0.61402231 3
1 0.10700083 -0.12751652 0.89660037 2 0.25128642 -0.08651112 0.61375839 3
2 0.15155084 -0.22429526 0.93405843 2 0.24885489 -0.09295135 0.62263286 3
2 0.15156236 -0.22428727 0.93406665 2 0.24697648 -0.09275552 0.62219971 3
2 0.15156026 -0.22428203 0.93404883 2 0.24420078 -0.09253296 0.62134999 3
2 0.15149744 -0.22427657 0.93400621 2 0.24083452 -0.09160484 0.61958271 3
2 0.15147860 -0.22424839 0.93396342 2 0.23650359 -0.09080905 0.61832333 3
2 0.15166441 -0.22453013 0.93369877 2 0.23027071 -0.08794043 0.61575717 3
2 0.15186557 -0.22485417 0.93333137 2 0.22522442 -0.08596534 0.61416101 3
2 0.15174505 -0.22480398 0.93333042 2 0.21958537 -0.08404712 0.61302251 3
2 0.15186760 -0.22488883 0.93308276 2 0.20075963 -0.07630605 0.61587411 3
2 0.15197256 -0.22501947 0.93273091 2 0.19853178 -0.07530965 0.61534965 3
1 0.15257433 -0.22500561 0.93230492 2 0.19617839 -0.07436264 0.61467999 3
2 0.15259422 -0.22504596 0.93209136 2 0.19363986 -0.07406745 0.61416495 3
2 0.15239754 -0.22481236 0.93218040 2 0.20253421 -0.06054189 0.57603508 3
2 0.15227719 -0.22459660 0.93220079 2 0.19920909 -0.06101495 0.57693177 3
2 0.15213160 -0.22438706 0.93223709 2 0.19605811 -0.06123651 0.57768935 3
2 0.15198821 -0.22417572 0.93221885 2 0.19347772 -0.06137940 0.57822579 3
2 0.15184461 -0.22396831 0.93214917 2 0.19066590 -0.06158193 0.57848817 3
2 0.15175697 -0.22377938 0.93212110 2 0.18845613 -0.06186800 0.57858729 3
2 0.15166847 -0.22363430 0.93211013 2 0.18662560 -0.06243985 0.57847154 3
2 0.15190332 -0.22337371 0.93187344 2 0.18248920 -0.06273492 0.57867157 3
2 0.15214425 -0.22313178 0.93166286 2 0.17990007 -0.06314056 0.57858688 3
2 0.15239392 -0.22282371 0.93155557 2 0.17698950 -0.06356743 0.57863462 3
2 0.15259996 -0.22248664 0.93156582 2 0.17626342 -0.06630257 0.57576722 3
2 0.15283741 -0.22198135 0.93162930 2 0.17510398 -0.06793230 0.57454693 3
2 0.15298630 -0.22159886 0.93156660 2 0.17313847 -0.07053316 0.57215238 3
2 0.15304860 -0.22105148 0.93191075 2 0.17236277 -0.07108356 0.57138568 3
2 0.15319109 -0.22040285 0.93241322 2 0.17064764 -0.07196569 0.57069308 3
2 0.15337256 -0.21962647 0.93321800 2 0.16995263 -0.07290455 0.57011932 3
2 0.15328227 -0.21934336 0.93330306 2 0.16865864 -0.07397448 0.56927007 3
2 0.15335168 -0.21860170 0.93400991 2 0.16625352 -0.07403069 0.56984687 3
2 0.15328094 -0.21833320 0.93404865 2 0.16484523 -0.07437345 0.56961763 3
2 0.15309958 -0.21812527 0.93389618 2 0.16343495 -0.07452556 0.56917799 3
2 0.15298162 -0.21799596 0.93388742 2 0.16194765 -0.07502155 0.56875002 3
2 0.15289252 -0.21753164 0.93431979 2 0.16081962 -0.07543194 0.56882006 3
2 0.15273561 -0.21697116 0.93505162 2 0.15931061 -0.07596486 0.56898451 3
2 0.15258348 -0.21680294 0.93514818 2 0.15806830 -0.07661215 0.56864578 3
2 0.15250216 -0.21668351 0.93516165 2 0.15714537 -0.07648528 0.56880349 3
2 0.15241127 -0.21653673 0.93522072 2 0.15582323 -0.07701357 0.56844491 3
2 0.15233845 -0.21643198 0.93516648 2 0.15541446 -0.07727303 0.56821960 3
2 0.15220185 -0.21630149 0.93526119 2 0.15511934 -0.07757088 0.56832969 3
2 0.15207469 -0.21607159 0.93566382 2 0.15452667 -0.07791331 0.56866127 3
2 0.15194285 -0.21602094 0.93552732 2 0.15440388 -0.07790821 0.56875485 3
2 0.15194418 -0.21590886 0.93559247 2 0.15419987 -0.07798262 0.56896991 3
2 0.15185717 -0.21586160 0.93560106 2 0.15389152 -0.07811640 0.56890112 3
2 0.15174828 -0.21582039 0.93571198 2 0.15372559 -0.07848292 0.56875747 3
2 0.15174638 -0.21573137 0.93578768 2 0.15330173 -0.07861190 0.56881982 3
2 0.15174082 -0.21572049 0.93576920 2 0.15324220 -0.07856658 0.56883490 3
2 0.15171808 -0.21573693 0.93570763 2 0.15110156 -0.07311302 0.56269902 3
2 0.15166634 -0.21570958 0.93571508 2 0.15191616 -0.07524298 0.56540221 3
2 0.15165074 -0.21567743 0.93577045 2 0.15203637 -0.07567112 0.56618905 3
2 0.15163203 -0.21565427 0.93574047 2 0.15225211 -0.07614224 0.56693012 3
2 0.15164658 -0.21563801 0.93571275 2 0.15255412 -0.07671393 0.56743544 3
2 0.15164334 -0.21557824 0.93577516 2 0.15268980 -0.07702009 0.56779015 3
2 0.15159042 -0.21561247 0.93550998 2 0.15269892 -0.07700585 0.56782317 3
2 0.15161350 -0.21558027 0.93544281 2 0.15282179 -0.07723156 0.56797373 3
2 0.15154935 -0.21560982 0.93539351 2 0.15284219 -0.07731127 0.56815130 3
2 0.15154789 -0.21560603 0.93538302 2 0.15285787 -0.07729056 0.56829655 3
2 0.15157841 -0.21559402 0.93529236 2 0.15291779 -0.07733720 0.56837070 3
2 0.15157250 -0.21560349 0.93524373 2 0.15283155 -0.07751060 0.56841475 3
2 0.15155490 -0.21558776 0.93526465 2 0.15281102 -0.07751030 0.56848747 3
2 0.15151800 -0.21557863 0.93528026 2 0.15286067 -0.07762270 0.56855458 3
2 0.15150839 -0.21558465 0.93526930 2 0.15292959 -0.07796430 0.56838924 3
2 0.15152481 -0.21558300 0.93525279 2 0.15285519 -0.07796157 0.56843215 3
2 0.15152720 -0.21558133 0.93523538 2 0.15283732 -0.07796939 0.56842881 3
2 0.15152971 -0.21556817 0.93524373 2 0.15278666 -0.07802999 0.56843823 3
2 0.15155688 -0.21567532 0.93507093 2 0.15274420 -0.07802922 0.56835997 3
2 0.15151912 -0.21568727 0.93504882 2 0.15264776 -0.07804995 0.56837040 3
2 0.15163188 -0.21569629 0.93486911 2 0.15259103 -0.07796745 0.56821787 3
2 0.15177669 -0.21583474 0.93446290 2 0.15251757 -0.07790631 0.56813699 3
2 0.15177125 -0.21582654 0.93438458 2 0.15256122 -0.07803620 0.56830478 3
2 0.15177396 -0.21585210 0.93434620 2 0.15252925 -0.07810488 0.56829107 3
2 0.15175763 -0.21583124 0.93421102 2 0.15264133 -0.07813780 0.56814969 3
2 0.15175973 -0.21584363 0.93418300 2 0.15256009 -0.07835535 0.56807333 3
2 0.15170464 -0.21599276 0.93394464 2 0.15248096 -0.07827085 0.56792998 3
2 0.15166463 -0.21606635 0.93382466 2 0.15241653 -0.07824489 0.56784445 3
2 0.15165277 -0.21608771 0.93378830 2 0.15248194 -0.07863770 0.56752968 3
2 0.15159765 -0.21612623 0.93370175 2 0.15253551 -0.07872989 0.56750715 3
2 0.15155610 -0.21614918 0.93364090 2 0.15239125 -0.07883577 0.56749994 3
2 0.15151276 -0.21617849 0.93356764 2 0.15238012 -0.07894935 0.56740522 3
2 0.15151070 -0.21617830 0.93354678 2 0.15206377 -0.07891043 0.56752342 3
2 0.15155420 -0.21619508 0.93347925 2 0.15208021 -0.07909819 0.56738001 3
2 0.15152921 -0.21618567 0.93342328 2 0.15205999 -0.07917690 0.56728446 3
2 0.15152961 -0.21620806 0.93338180 2 0.15197566 -0.07927754 0.56725228 3
2 0.15152453 -0.21628527 0.93319649 2 0.15197644 -0.07924778 0.56717426 3
2 0.15145406 -0.21636973 0.93308175 2 0.15059188 -0.07550804 0.56282800 3
2 0.15144821 -0.21637318 0.93305826 2 0.15110309 -0.07691866 0.56454319 3
2 0.15144950 -0.21637079 0.93305904 2 0.15136833 -0.07765950 0.56535089 3
2 0.15144168 -0.21637264 0.93304694 2 0.15150973 -0.07804494 0.56579441 3
2 0.15145123 -0.21639220 0.93300945 2 0.15151010 -0.07844511 0.56634206 3
2 0.15142824 -0.21639979 0.93298197 2 0.15156105 -0.07865380 0.56653690 3
1 0.18132205 -0.13217996 0.92297351 2 0.14841619 -0.07049426 0.55553770 3
1 0.22341752 -0.04502295 0.91181606 2 0.14842924 -0.07048150 0.55553073 3
1 0.22342904 -0.04491881 0.91185921 2 0.14837450 -0.07073189 0.55531359 3
1 0.22272027 -0.04416951 0.91189873 2 0.14756571 -0.06832437 0.55491745 3
1 0.22260907 -0.04411794 0.91188771 2 0.14711730 -0.06682067 0.55502003 3
1 0.22259925 -0.04403831 0.91185415 2 0.14735325 -0.06753516 0.55534625 3
1 0.22261167 -0.04403579 0.91186297 2 0.14790341 -0.06827170 0.55599749 3
1 0.22261706 -0.04403690 0.91186076 2 0.14798310 -0.06848320 0.55651510 3
1 0.22264193 -0.04404822 0.91185653 2 0.14825410 -0.06883761 0.55667388 3
1 0.22264989 -0.04404436 0.91187167 2 0.14861234 -0.06916103 0.55693448 3
1 0.22273976 -0.04410822 0.91185141 2 0.14882100 -0.06946663 0.55715132 3
1 0.22275721 -0.04411620 0.91184050 2 0.14898632 -0.06975171 0.55722690 3
1 0.22278763 -0.04412860 0.91182864 2 0.14905594 -0.06999251 0.55730331 3
1 0.22280407 -0.04413706 0.91183007 2 0.14922073 -0.07028458 0.55739439 3
1 0.22283000 -0.04415165 0.91183233 2 0.14929092 -0.07040053 0.55744153 3
1 0.22286248 -0.04417677 0.91183501 2 0.14934602 -0.07043856 0.55796993 3
1 0.22287217 -0.04417614 0.91183114 2 0.14940834 -0.07048169 0.55807430 3
1 0.22288258 -0.04418287 0.91182995 2 0.14950360 -0.07051219 0.55808657 3
1 0.22289649 -0.04419651 0.91182292 2 0.14954756 -0.07053080 0.55830735 3
1 0.22292598 -0.04425603 0.91180056 2 0.14959747 -0.07054662 0.55834824 3
1 0.22296067 -0.04431210 0.91178352 2 0.14965223 -0.07048947 0.55861700 3
1 0.22298028 -0.04429894 0.91179389 2 0.14965062 -0.07035294 0.55878854 3
1 0.22300288 -0.04429927 0.91179752 2 0.14971286 -0.07018166 0.55907959 3
1 0.22301672 -0.04429907 0.91179186 2 0.14981480 -0.07008839 0.55909061 3
1 0.22305019 -0.04429967 0.91176856 2 0.14978409 -0.06905676 0.55944425 3
1 0.22304858 -0.04427667 0.91176450 2 0.14908770 -0.06808981 0.56228298 3
1 0.22269757 -0.04355247 0.91172212 2 0.14560814 -0.06658021 0.56510383 2
1 0.22245514 -0.04337211 0.91168761 2 0.14501737 -0.06716232 0.56789410 2
1 0.22311571 -0.04446959 0.91147268 2 0.13955164 -0.06149848 0.56002992 2
1 0.22360671 -0.04506605 0.91144395 2 0.13772413 -0.06004586 0.55997956 2
1 0.22368136 -0.04521909 0.91141707 2 0.13625668 -0.05880756 0.56022006 2
1 0.22368696 -0.04521991 0.91142213 2 0.13523822 -0.05715569 0.55937737 2
1 0.22369881 -0.04522177 0.91142744 2 0.13442013 -0.05750958 0.55980241 0
1 0.22359498 -0.04510977 0.91146517 2 0.13407809 -0.05797313 0.55992603 0
1 0.22366454 -0.04514479 0.91146696 2 0.13378127 -0.05770163 0.55992365 0
1 0.22367674 -0.04515006 0.91147590 2 0.13357724 -0.05731831 0.55981696 0
1 0.22362971 -0.04511733 0.91148418 2 0.13352312 -0.05704825 0.55918986 2
1 0.22368923 -0.04513073 0.91148698 2 0.13414051 -0.05776595 0.56053829 2
1 0.22370268 -0.04513635 0.91148943 2 0.13441864 -0.05756925 0.56130201 0
1 0.22370224 -0.04513572 0.91149306 2 0.13498394 -0.05820016 0.56165624 0
1 0.22371033 -0.04516082 0.91147643 2 0.13605806 -0.05934754 0.56114697 0
1 0.22370945 -0.04513795 0.91148788 2 0.13644798 -0.05949697 0.56159210 0
1 0.22371000 -0.04513380 0.91149008 2 0.13603425 -0.05904919 0.56038994 2
1 0.22377925 -0.04532270 0.91154176 2 0.13617273 -0.05883316 0.56009674 2
1 0.22431734 -0.04677843 0.91148263 2 0.13694492 -0.05947469 0.55991083 2
1 0.22438450 -0.04689544 0.91150588 2 0.13750635 -0.05990183 0.56031191 2
1 0.22456104 -0.04683013 0.91153073 2 0.13803378 -0.06042753 0.56100029 2
1 0.22451404 -0.04681556 0.91151261 2 0.13893750 -0.06095631 0.56081623 2
1 0.22444305 -0.04676736 0.91150022 2 0.13935706 -0.06100171 0.56080788 2
1 0.22467047 -0.04647127 0.91162187 2 0.14007841 -0.06150642 0.56060064 2
1 0.22453932 -0.04644786 0.91159457 2 0.14052501 -0.06171731 0.56050748 2
1 0.22467726 -0.04632441 0.91166365 2 0.14132532 -0.06188504 0.56023639 2
1 0.22433522 -0.04627568 0.91151297 2 0.14174171 -0.06215277 0.56005204 2
1 0.22427429 -0.04620809 0.91150343 2 0.14204100 -0.06031886 0.55851555 2
1 0.22455731 -0.04568979 0.91172981 2 0.14258344 -0.05970582 0.55886561 2
1 0.22457014 -0.04554403 0.91173178 2 0.14255942 -0.06035438 0.55909026 2
1 0.22460850 -0.04548760 0.91175902 2 0.14282668 -0.06073565 0.55902565 2
1 0.17658046 0.01536604 0.90910459 2 0.14297162 -0.06027752 0.55827087 2
1 0.17461182 0.01672022 0.90874618 2 0.14337708 -0.05949763 0.55762571 2
1 0.17429236 0.01724147 0.90820664 2 0.14281635 -0.06045615 0.55891079 2
1 0.17308816 0.01792114 0.90775013 2 0.14308262 -0.06063713 0.55858707 0
1 0.17302321 0.01819670 0.90742707 2 0.14309423 -0.06093966 0.55873388 0
1 0.17227755 0.01945757 0.90696448 2 0.14327854 -0.06095488 0.55841643 2
1 0.17231819 0.01944928 0.90652525 2 0.14413287 -0.06245776 0.55887079 2
1 0.17099278 0.02032550 0.90612549 2 0.14494103 -0.06362085 0.55903548 2
1 0.17110300 0.02010777 0.90589297 2 0.14534017 -0.06424323 0.55919582 2
1 0.17075613 0.02006969 0.90530306 2 0.14559434 -0.06453973 0.55903047 2
1 0.17152685 0.01935993 0.90418434 2 0.14718658 -0.06629411 0.55877960 2
1 0.17147045 0.01909939 0.90352172 2 0.14778252 -0.06653950 0.55856353 2
1 0.17167321 0.01885488 0.90266216 2 0.14830202 -0.06731386 0.55840361 2
1 0.17179590 0.01878535 0.90234822 2 0.14986518 -0.06916312 0.55817479 2
1 0.17197728 0.01854709 0.90202308 2 0.15050054 -0.06953577 0.55801731 2
1 0.17188703 0.01838684 0.90142494 2 0.15086174 -0.06984823 0.55774778 2
1 0.17210370 0.01801191 0.90081698 2 0.15133429 -0.07020795 0.55737388 2
1 0.17220566 0.01790332 0.90040755 2 0.15161112 -0.07036310 0.55725396 2
1 0.17228891 0.01770095 0.89987719 2 0.15200488 -0.07094055 0.55720884 2
1 0.17230390 0.01770428 0.89984274 2 0.15251991 -0.07130297 0.55733454 2
1 0.17230231 0.01772672 0.89974368 2 0.15261050 -0.07135185 0.55734861 2
1 0.17231995 0.01772731 0.89968914 2 0.15288131 -0.07123930 0.55724674 2
1 0.17212522 0.01770036 0.89958787 2 0.15294348 -0.07130171 0.55724633 2
1 0.17195414 0.01768124 0.89948183 2 0.15322132 -0.07167792 0.55725640 2
1 0.17199308 0.01763220 0.89931345 2 0.15348905 -0.07197247 0.55717766 2
1 0.17141376 0.01870865 0.89962828 2 0.15385330 -0.07245389 0.55741781 2
-999
