2 0.06136791 -0.13139777 0.96276307 2 0.25667685 -0.17983888 0.56294036 0
2 0.06123849 -0.13052070 0.96220493 2 0.25596693 -0.17933241 0.56275529 2
2 0.05882039 -0.12765059 0.96180367 2 0.24280624 -0.26045105 0.69690919 2
2 0.05820316 -0.12702730 0.96209049 2 0.23638108 -0.25440419 0.73181736 0
2 0.05723744 -0.12614706 0.96171820 2 0.23676790 -0.25231308 0.71307957 0
2 0.05654205 -0.12496998 0.96184653 2 0.23474514 -0.27366957 0.81121349 0
2 0.05609022 -0.12449417 0.96184957 2 0.23200205 -0.27386969 0.80955833 0
2 0.05568337 -0.12380814 0.96217293 2 0.23028661 -0.27300182 0.81081665 0
2 0.05514276 -0.12253580 0.96237439 2 0.22657193 -0.27070692 0.80365908 0
2 0.05507585 -0.12236282 0.96232235 2 0.21950036 -0.27140400 0.75077975 0
2 0.05478089 -0.12202289 0.96212184 2 0.22369528 -0.30135229 0.72932678 0
2 0.05459686 -0.12192454 0.96184856 2 0.22292168 -0.30116677 0.72986847 0
2 0.05439279 -0.12186792 0.96172684 2 0.22104089 -0.29525170 0.73155910 0
2 0.05425446 -0.12172879 0.96161526 2 0.21985620 -0.29465279 0.72403747 0
2 0.05400538 -0.12160424 0.96149641 2 0.22032012 -0.28572106 0.71334016 0
2 0.05370659 -0.12112626 0.96105582 2 0.21224080 -0.30219644 0.72187263 0
2 0.05372946 -0.12103066 0.96100718 2 0.20365144 -0.25354192 0.74214977 0
2 0.05381118 -0.12084224 0.96073318 2 0.18141285 -0.21295266 0.76221752 0
2 0.04882435 -0.10086963 0.95248646 2 0.17880535 -0.19407417 0.80729133 0
2 0.05025683 -0.10312489 0.95335180 2 0.13447924 -0.13671052 0.73012084 0
2 0.08888556 -0.16744731 0.98151821 2 0.17262438 -0.07061209 0.63595247 0
2 0.08879665 -0.16743325 0.98156160 2 0.14912148 -0.06298672 0.64420176 0
2 0.08874745 -0.16739970 0.98151249 2 0.13746071 -0.06802450 0.64889485 0
2 0.08800615 -0.16739155 0.98130590 2 0.13014486 -0.06946994 0.65068752 2
2 0.08616049 -0.16691247 0.98077953 2 0.12081274 -0.06726781 0.65438288 2
1 0.09276392 -0.12823699 0.97658777 2 0.10945199 -0.04032448 0.65738869 0
2 0.07321118 -0.09084881 0.89751393 2 0.09722291 -0.02435045 0.66087282 0
2 0.05546492 -0.01265539 0.80969107 2 0.09638312 -0.01859097 0.66005331 0
2 0.05533043 -0.01576961 0.80770123 2 0.08826421 -0.01672485 0.66130847 0
2 0.05461410 -0.02214655 0.79931527 2 0.07797689 -0.01802509 0.66717762 1
2 0.05118772 -0.02483450 0.79786283 2 0.06772473 -0.01721895 0.67350709 1
2 0.04862603 -0.02612535 0.79596925 2 0.06144474 -0.01882860 0.67579758 1
1 0.04813445 -0.02692287 0.79496551 2 0.05326220 -0.01966730 0.68140393 1
1 0.04830525 -0.02742960 0.79399425 2 0.04760533 -0.01997993 0.68390530 1
1 0.04867410 -0.02766973 0.79330254 2 0.04203441 -0.02228541 0.68576813 1
1 0.04891548 -0.02787329 0.79285830 2 0.03844538 -0.01988780 0.68805230 1
1 0.04932034 -0.02803853 0.79238224 2 0.03494104 -0.02280780 0.68811911 1
1 0.04987600 -0.03073165 0.79158545 2 0.03307704 -0.02252508 0.68866551 1
1 0.04929355 -0.03202569 0.79052794 2 0.03059121 -0.02405677 0.68909788 1
1 0.04950368 -0.03056542 0.79005456 2 0.02981281 -0.02510494 0.68840772 1
1 0.04988259 -0.03015669 0.78983384 2 0.02824672 -0.02543662 0.68866783 1
1 0.05027489 -0.03143841 0.78980565 2 0.02831004 -0.02542249 0.68937957 1
1 0.05062275 -0.03042013 0.78968149 2 0.02846972 -0.02634210 0.68818766 1
1 0.05115847 -0.03000494 0.78968108 2 0.02772435 -0.02630292 0.68848556 1
1 0.05140824 -0.02990878 0.78965604 2 0.02847367 -0.02579387 0.68732202 1
1 0.05154108 -0.02988078 0.78966910 2 0.03014866 -0.02556872 0.68773997 1
1 0.05168290 -0.02990918 0.78966427 2 0.03135838 -0.02565590 0.68502450 1
1 0.05180125 -0.02987182 0.78965265 2 0.02986558 -0.02572524 0.68525732 1
1 0.05182788 -0.02983448 0.78962904 2 0.02859024 -0.02624782 0.68403155 1
1 0.05188141 -0.02982475 0.78959292 2 0.02522993 -0.02693116 0.68307465 1
1 0.05184456 -0.02986202 0.78959036 2 0.01958355 -0.02624006 0.68334043 1
1 0.05188450 -0.02981905 0.78955775 2 0.01373800 -0.02714132 0.68345159 1
2 0.05008438 -0.03007848 0.76880914 2 0.00829674 -0.02645065 0.68461430 1
1 0.04998207 -0.02990789 0.76609796 2 0.00331673 -0.02553474 0.68377900 1
1 0.04959086 -0.02957542 0.76456827 2 -0.00076980 -0.02547138 0.68516666 1
2 0.02330923 -0.04666543 0.74568087 2 -0.00331700 -0.02623933 0.68434644 1
2 -0.00840795 -0.06448659 0.73145252 2 -0.00535165 -0.02586947 0.68590730 1
2 -0.00795536 -0.06600967 0.72785544 2 -0.00465654 -0.02624138 0.68611324 1
2 -0.00822809 -0.06603457 0.72769982 2 -0.00355628 -0.02541579 0.68713349 1
2 -0.02838977 -0.06935728 0.75814402 2 -0.00153650 -0.02665483 0.68586546 1
1 -0.03114487 -0.05469103 0.76080894 2 0.00187239 -0.02701455 0.68565142 1
1 -0.03170307 -0.05319223 0.76087630 2 0.00636505 -0.02594698 0.68385679 1
1 -0.03028519 -0.04891029 0.76111811 2 0.01247570 -0.02554093 0.68395042 1
1 -0.02783557 -0.04680664 0.76345694 2 0.02129572 -0.02527872 0.68325138 1
1 -0.02082735 -0.04276447 0.76591516 2 0.03203205 -0.02032526 0.67922872 1
1 -0.01207609 -0.03822822 0.76907635 2 0.04476214 -0.01616291 0.67498493 1
2 0.03387357 -0.03038145 0.79493362 2 0.06015491 -0.01514388 0.66883469 1
2 0.03550142 -0.03071997 0.79405946 2 0.07169756 -0.01229347 0.66182309 1
2 0.03758694 -0.02801298 0.79577535 2 0.08208272 -0.01415316 0.65897238 1
1 0.05605145 -0.03351718 0.80583543 2 0.09570468 -0.01959438 0.65443242 0
1 0.04955761 -0.03402292 0.80351025 2 0.10025736 -0.04928007 0.66184092 0
2 0.06647038 -0.10370141 0.80931497 2 0.10628656 -0.05643034 0.65894425 1
2 0.06722614 -0.10385039 0.80899566 2 0.11811098 -0.06084141 0.65575844 1
1 0.07214130 -0.10574078 0.80713469 2 0.13003445 -0.06524901 0.65265548 0
2 0.10617955 -0.10128091 0.74459285 2 0.15302120 -0.06600166 0.64449036 0
2 0.10874441 -0.10440626 0.74901062 2 0.16304643 -0.06846632 0.63926029 0
2 0.05525200 -0.12122031 0.96018082 2 0.18200541 -0.07619754 0.63104957 0
2 0.05526277 -0.12126037 0.96022069 2 0.19200118 -0.08294868 0.62842584 0
2 0.05522614 -0.12125912 0.96022588 2 0.20321444 -0.09299208 0.62581289 0
2 0.05523826 -0.12137193 0.96026886 2 0.21357994 -0.09656197 0.62262756 0
2 0.05521027 -0.12134977 0.96028805 2 0.22181441 -0.10131884 0.61992234 0
2 0.05518546 -0.12135132 0.96028703 2 0.23079921 -0.10634927 0.61747664 0
2 0.05517794 -0.12144232 0.96031040 2 0.23316258 -0.10828335 0.61225533 0
2 0.05514745 -0.12145183 0.96035069 2 0.24008311 -0.11752790 0.60935664 0
2 0.05514605 -0.12155569 0.96040946 2 0.24487305 -0.12228454 0.60492861 0
2 0.05528024 -0.12282924 0.96091545 2 0.25128704 -0.12827836 0.60127091 0
2 0.05541936 -0.12347115 0.96116054 2 0.25643906 -0.13238437 0.59733224 0
2 0.05552956 -0.12378293 0.96127325 2 0.26037174 -0.13530634 0.59522521 0
2 0.05553624 -0.12376732 0.96126485 2 0.26163974 -0.13723072 0.59418678 0
2 0.05554742 -0.12374712 0.96126604 2 0.26461661 -0.13842258 0.59271640 0
2 0.05556643 -0.12374792 0.96126699 2 0.26593605 -0.13954957 0.59274763 0
2 0.05574142 -0.12405461 0.96116698 2 0.26706040 -0.14022101 0.59148693 0
2 0.05575113 -0.12404147 0.96116543 2 0.26842445 -0.14011757 0.59225380 0
2 0.05576491 -0.12403652 0.96115959 2 0.26846215 -0.14016217 0.59169924 0
-999
