2 0.16439821 -0.22913973 0.93395400 2 0.26588970 -0.00531160 0.69137591 2
2 0.16439749 -0.22913928 0.93395096 2 0.26454431 -0.00537790 0.68681622 2
2 0.16443563 -0.22916485 0.93393046 2 0.26737401 -0.00548825 0.68882024 2
2 0.16446745 -0.22917368 0.93392622 2 0.26736870 -0.00598915 0.68791509 2
2 0.16445975 -0.22916858 0.93391967 2 0.26713672 -0.00754639 0.68560725 2
2 0.16447791 -0.22917505 0.93396109 2 0.26946515 -0.00921822 0.69040883 2
2 0.15951875 -0.22774667 0.93735504 2 0.26869741 -0.01192165 0.68423748 2
2 0.15669426 -0.22726473 0.93982494 2 0.27193475 -0.01573955 0.68697298 2
2 0.15537855 -0.22699705 0.94084752 2 0.27135018 -0.02183085 0.68355811 2
2 0.15417781 -0.22679831 0.94177121 2 0.27216649 -0.02783655 0.68020296 2
2 0.15329583 -0.22665839 0.94242054 2 0.27323514 -0.03562857 0.67627251 2
2 0.15174532 -0.22594234 0.94375736 2 0.27426326 -0.04663822 0.67425787 2
2 0.15124081 -0.22594295 0.94436681 2 0.26943108 -0.06030807 0.67093122 2
2 0.15080678 -0.22598363 0.94470954 2 0.26515141 -0.07551984 0.66626519 2
2 0.15045652 -0.22603056 0.94483525 2 0.26010129 -0.08527964 0.66090840 2
2 0.15029117 -0.22616887 0.94500452 2 0.25801796 -0.09411410 0.65912962 2
2 0.15019165 -0.22640920 0.94512677 2 0.25575861 -0.10834528 0.65671891 2
2 0.15010467 -0.22656259 0.94523913 2 0.25836658 -0.11601470 0.65194941 2
2 0.14998417 -0.22672997 0.94541240 2 0.25093794 -0.13091001 0.65433383 2
2 0.14997758 -0.22683352 0.94547075 2 0.24751897 -0.13668229 0.65109926 2
2 0.15002443 -0.22696702 0.94560277 2 0.24294171 -0.14489210 0.64958680 2
2 0.15000463 -0.22704911 0.94559336 2 0.23510359 -0.15324944 0.64630288 2
2 0.15006471 -0.22723453 0.94575155 2 0.22850993 -0.16257341 0.64782739 2
2 0.15001765 -0.22727571 0.94574678 2 0.21818064 -0.17148632 0.64240319 2
2 0.14993998 -0.22729652 0.94572246 2 0.20879780 -0.17853425 0.63837618 2
2 0.14988165 -0.22726829 0.94576705 2 0.19914265 -0.18658908 0.63499856 2
2 0.14918199 -0.22718973 0.94549114 2 0.18571618 -0.19107851 0.62810957 1
2 0.14894283 -0.22710334 0.94543487 2 0.18075725 -0.18491714 0.62426949 1
2 0.14837505 -0.22700141 0.94519359 2 0.16672879 -0.19304042 0.62250477 1
2 0.14744173 -0.22687203 0.94503087 2 0.15389930 -0.19717884 0.62132168 1
2 0.14551137 -0.22624262 0.94405150 2 0.13963269 -0.20293874 0.61990786 1
2 0.13224888 -0.21627766 0.95046240 2 0.12834308 -0.20566864 0.62109745 1
2 0.13328502 -0.21695641 0.94884485 2 0.11555208 -0.20900191 0.61953700 1
2 0.13592415 -0.21726519 0.94725060 2 0.10170384 -0.19779120 0.61632031 1
2 0.14343767 -0.21501660 0.94947660 2 0.08702842 -0.19733714 0.61697042 1
2 0.14697762 -0.21699885 0.94810379 2 0.07322723 -0.19602500 0.61819971 1
2 0.14740285 -0.21280231 0.95455039 2 0.05983421 -0.19453052 0.61997187 1
1 0.14737417 -0.21357866 0.95380878 2 0.05286426 -0.19678819 0.61738461 1
2 0.14830151 -0.21509142 0.95194024 2 0.03832597 -0.19813576 0.62071681 1
1 0.14842242 -0.21747030 0.94871938 2 0.02946807 -0.17394647 0.61683971 1
1 0.14973029 -0.21833119 0.94332832 2 0.02172765 -0.16671877 0.61434168 1
2 0.14944261 -0.21862864 0.94224638 2 0.01191618 -0.15142037 0.60901719 1
2 0.14432842 -0.20885184 0.93230307 2 0.00119013 -0.13999508 0.61032265 1
2 0.13863684 -0.19490269 0.92387539 2 -0.00741170 -0.12501808 0.61230165 1
2 0.13458669 -0.18173434 0.91660881 2 -0.01323632 -0.11218278 0.60986680 1
2 0.12855236 -0.16298327 0.90527344 2 -0.01900293 -0.09688491 0.61084187 1
2 0.12608424 -0.15678240 0.90234166 2 -0.02316935 -0.08109272 0.60990173 1
1 0.12035305 -0.13718593 0.89361501 2 -0.02396755 -0.05940043 0.61022449 1
1 0.11964496 -0.13467522 0.89196217 1 -0.02553951 -0.05094435 0.60560113 1
2 0.11259891 -0.10929707 0.87993097 1 -0.02345304 -0.04360004 0.60505474 1
2 0.10542108 -0.08236774 0.86843973 1 -0.02168213 -0.03528655 0.60672820 0
2 0.10008086 -0.05825762 0.85826534 1 -0.01793013 -0.02343113 0.60409379 0
1 0.10218286 -0.05654999 0.85918891 1 -0.00991117 -0.01975816 0.60257298 0
2 0.10359962 -0.04542085 0.85763139 1 0.00783424 -0.04045260 0.60020906 0
2 0.10471109 -0.03928437 0.85658687 1 0.02247226 -0.04604264 0.59858000 1
2 0.10666773 0.00408941 0.82014775 1 0.03258718 -0.03713960 0.59849256 1
1 0.10930567 0.00702457 0.82167202 1 0.06386367 -0.04283529 0.60896170 1
1 0.11127475 0.00815213 0.82264465 1 0.04991961 -0.00517103 0.59913397 1
1 0.12350092 0.03244308 0.82132947 1 0.09043680 -0.03020799 0.61372781 1
1 0.13598689 0.04974831 0.81966168 1 0.09734668 -0.01478317 0.61586273 1
1 0.13859552 0.05479613 0.81967020 1 0.10821674 -0.00446446 0.61695766 1
1 0.15184060 0.08737546 0.82112622 1 0.11966704 0.00613874 0.61941481 1
1 0.15010139 0.08260630 0.82124329 1 0.12963669 0.01465259 0.62362909 0
1 0.15019095 0.08254234 0.82137775 1 0.14257786 0.02168385 0.62568659 0
1 0.15037191 0.08209340 0.82141978 1 0.14927128 0.04410026 0.61547673 1
1 0.15037069 0.08195430 0.82369548 1 0.15745629 0.07189316 0.61856711 1
1 0.16436581 0.08015421 0.85744810 1 0.17059837 0.08554579 0.62130475 0
2 0.14190091 -0.17667806 0.92248285 2 0.18805228 0.12656757 0.63178092 0
2 0.13995585 -0.18737881 0.92762548 2 0.20882405 0.09089658 0.63507843 2
2 0.13995671 -0.18738897 0.92759627 2 0.22125195 0.12324017 0.63598102 2
2 0.13971692 -0.19158271 0.92921317 2 0.23510419 0.12181214 0.64020264 2
2 0.13977996 -0.19156522 0.92913264 2 0.24926248 0.11662997 0.64093232 2
2 0.14038353 -0.19823164 0.93147057 2 0.26591682 0.11159027 0.64285350 2
2 0.14172536 -0.20214422 0.93369919 2 0.28076068 0.10633953 0.64597070 2
2 0.14239287 -0.20357421 0.93417484 2 0.29233897 0.09905140 0.64406776 2
2 0.14274490 -0.20144586 0.93374336 2 0.30566767 0.09296240 0.64864123 2
2 0.14274101 -0.20400059 0.93769467 2 0.32033736 0.08994613 0.65189469 2
2 0.14259954 -0.20189813 0.93709207 2 0.33109656 0.08317971 0.65263319 2
2 0.14263466 -0.20464894 0.94027042 2 0.34098592 0.07460398 0.65321833 2
2 0.14323352 -0.20629612 0.94158602 2 0.34864190 0.06285702 0.65162909 2
2 0.14442694 -0.20896189 0.94456834 2 0.35814944 0.05287162 0.65676028 0
2 0.14460178 -0.21014810 0.94521338 2 0.35982955 0.03982796 0.65200657 0
2 0.14433064 -0.20633827 0.94299185 2 0.36355346 0.02304185 0.65150422 0
2 0.14436841 -0.20997305 0.94684082 2 0.36385405 0.00544344 0.64916873 0
2 0.14461927 -0.21189329 0.94868559 2 0.36421326 -0.01031195 0.64475721 0
2 0.14471161 -0.21152560 0.94840109 2 0.36079618 -0.03124124 0.63773441 0
2 0.14620654 -0.21439910 0.95147073 2 0.35161382 -0.07014043 0.64095432 0
2 0.14768070 -0.21701041 0.95459300 2 0.35328448 -0.07491171 0.64029330 0
2 0.14871430 -0.21808277 0.95532990 2 0.34991950 -0.08233681 0.63396382 0
2 0.14986321 -0.21924023 0.95614374 2 0.34687844 -0.09167089 0.63291961 0
2 0.15055470 -0.21999213 0.95643294 2 0.34413868 -0.09775665 0.63060552 0
2 0.15179101 -0.22097398 0.95691335 2 0.34235248 -0.10311294 0.63176954 0
2 0.15130423 -0.21820594 0.95446455 2 0.34038949 -0.10567988 0.62871307 0
2 0.15217587 -0.21941344 0.95512027 2 0.33929431 -0.10845208 0.62881511 0
2 0.15187487 -0.21784393 0.95380270 2 0.33811581 -0.10971360 0.62863863 0
2 0.15317152 -0.21930753 0.95503896 2 0.33761829 -0.10976240 0.62859911 0
2 0.15253220 -0.21742684 0.95328629 2 0.33638826 -0.10966548 0.62759709 0
2 0.15364540 -0.21929497 0.95421886 2 0.33595791 -0.10919601 0.62876832 0
2 0.15299317 -0.21749517 0.95265102 2 0.33442351 -0.11032166 0.62982827 0
2 0.15260953 -0.21647362 0.95201063 2 0.33381793 -0.11194663 0.63180190 0
-999
