2 0.15243101 -0.25709790 0.90191525 2 0.24458511 -0.07049870 0.65393543 2
2 0.15246347 -0.25709507 0.90191513 2 0.24448590 -0.07035393 0.65403461 2
2 0.15247288 -0.25707325 0.90190810 2 0.24442801 -0.07033095 0.65404999 2
2 0.15248108 -0.25706360 0.90186715 2 0.24437086 -0.07023143 0.65397221 2
2 0.15246819 -0.25704342 0.90185797 2 0.24423042 -0.07022772 0.65405196 2
2 0.15247136 -0.25702533 0.90184027 2 0.24411055 -0.06999841 0.65402305 2
2 0.15239781 -0.25700942 0.90179068 2 0.24406067 -0.06993615 0.65404850 2
2 0.15239824 -0.25697723 0.90188229 2 0.24400716 -0.06979283 0.65433609 2
2 0.15249021 -0.25699499 0.90173799 2 0.24382684 -0.06959289 0.65467089 2
2 0.15253544 -0.25693306 0.90178674 2 0.24373615 -0.06940299 0.65507805 2
2 0.15260266 -0.25688484 0.90191060 2 0.24369353 -0.06910936 0.65574372 2
2 0.15297437 -0.25683478 0.90188056 2 0.24353738 -0.06845859 0.65638077 2
2 0.15438250 -0.25675461 0.90134585 2 0.24345964 -0.06790643 0.65693456 2
2 0.15432867 -0.25666705 0.90142214 2 0.24333929 -0.06744760 0.65721375 2
2 0.15509285 -0.25644866 0.90119678 2 0.24327211 -0.06729709 0.65766859 2
2 0.15515669 -0.25639173 0.90123129 2 0.24327317 -0.06725192 0.65821189 2
2 0.15511431 -0.25629610 0.90135539 2 0.24328350 -0.06729770 0.65842772 2
2 0.15511145 -0.25615570 0.90164793 2 0.24347204 -0.06741302 0.65904617 2
2 0.15523049 -0.25612974 0.90174425 2 0.24354503 -0.06790215 0.65950727 2
2 0.15515910 -0.25605839 0.90193844 2 0.24373133 -0.06843850 0.65968698 2
2 0.15513271 -0.25603503 0.90206546 2 0.24380858 -0.06903466 0.65972155 2
2 0.15523051 -0.25604245 0.90224981 2 0.24389821 -0.06992545 0.65973771 2
2 0.15532281 -0.25604069 0.90232724 2 0.24367389 -0.07126198 0.65959597 2
2 0.15537223 -0.25605112 0.90242112 2 0.24377789 -0.07183824 0.65968823 2
2 0.15539663 -0.25606665 0.90252036 2 0.24348766 -0.07243133 0.65969729 2
2 0.15544243 -0.25609800 0.90269041 2 0.24333861 -0.07274385 0.65975529 2
2 0.15546849 -0.25610417 0.90278393 2 0.24308991 -0.07308516 0.65979540 2
2 0.15540919 -0.25614098 0.90308064 2 0.24293056 -0.07344782 0.65997201 2
2 0.15542594 -0.25619179 0.90318811 2 0.24251939 -0.07399068 0.66041160 2
2 0.15544122 -0.25620922 0.90329945 2 0.24218424 -0.07435161 0.66047722 2
2 0.15547161 -0.25632054 0.90338790 2 0.24152265 -0.07457686 0.66083246 2
2 0.15540126 -0.25630423 0.90351158 2 0.24074583 -0.07489493 0.66089821 2
2 0.15491354 -0.25654781 0.90369564 2 0.24019130 -0.07497430 0.66134530 2
2 0.15492821 -0.25659192 0.90372276 2 0.23972929 -0.07501111 0.66156942 2
2 0.15491553 -0.25671455 0.90379685 2 0.23908153 -0.07493992 0.66202968 2
2 0.15491746 -0.25679952 0.90392900 2 0.23839341 -0.07474230 0.66268229 2
2 0.15490298 -0.25685275 0.90401697 2 0.23787627 -0.07457347 0.66288352 2
2 0.15458764 -0.25705782 0.90411425 2 0.23715714 -0.07451766 0.66321343 2
2 0.15429962 -0.25714076 0.90430140 2 0.23635134 -0.07438304 0.66371149 2
2 0.15392645 -0.25729132 0.90439695 2 0.23556890 -0.07413992 0.66390592 2
2 0.15378574 -0.25740635 0.90444833 2 0.23500022 -0.07388975 0.66423762 2
2 0.15368682 -0.25744805 0.90456319 2 0.23461328 -0.07362232 0.66468203 2
2 0.14605290 -0.25907570 0.91210163 2 0.23423737 -0.07332294 0.66526455 2
2 0.14722957 -0.25891986 0.91110599 2 0.23394760 -0.07289810 0.66612661 2
2 0.14779906 -0.25870198 0.91052628 2 0.23374464 -0.07260139 0.66663909 2
2 0.14814837 -0.25867018 0.91004264 2 0.23356907 -0.07245325 0.66706866 2
2 0.14835818 -0.25867778 0.90974182 2 0.23343632 -0.07227630 0.66750580 2
2 0.14870335 -0.25859097 0.90945703 2 0.23328240 -0.07208245 0.66809160 2
2 0.14895271 -0.25860608 0.90911776 2 0.23308243 -0.07202961 0.66849726 2
2 0.14927980 -0.25863189 0.90879196 2 0.23298939 -0.07200689 0.66867125 2
2 0.14945093 -0.25853899 0.90859723 2 0.23280899 -0.07195391 0.66892362 2
2 0.14948975 -0.25851560 0.90853244 2 0.23261297 -0.07184285 0.66924626 2
2 0.15071288 -0.25837329 0.90815759 2 0.23246656 -0.07176211 0.66938335 2
2 0.15093406 -0.25840154 0.90791178 2 0.23235096 -0.07172123 0.66943729 2
2 0.15099868 -0.25840771 0.90782022 2 0.23230529 -0.07168096 0.66939044 2
2 0.15100059 -0.25839216 0.90780878 2 0.23215854 -0.07161652 0.66963577 2
2 0.15099327 -0.25838718 0.90776706 2 0.23204301 -0.07161610 0.66957933 2
2 0.15107796 -0.25841609 0.90764016 2 0.23198876 -0.07163055 0.66959393 2
2 0.15106106 -0.25841036 0.90759152 2 0.23191984 -0.07168993 0.66960156 2
2 0.15169315 -0.25831553 0.90749556 2 0.23190263 -0.07176092 0.66965485 2
2 0.15194359 -0.25830507 0.90743494 2 0.23188959 -0.07180686 0.66968930 2
2 0.15200382 -0.25827944 0.90742475 2 0.23189549 -0.07186729 0.66971117 2
2 0.15248740 -0.25816953 0.90732622 2 0.23189820 -0.07188235 0.66970587 2
2 0.15250920 -0.25820583 0.90725422 2 0.23191905 -0.07191594 0.66971755 2
2 0.15252064 -0.25823089 0.90721172 2 0.23195504 -0.07194774 0.66975272 2
2 0.15254070 -0.25825191 0.90714914 2 0.23196870 -0.07196156 0.66974914 2
2 0.15277740 -0.25814542 0.90710765 2 0.23197439 -0.07198478 0.66973180 2
2 0.15313408 -0.25814646 0.90697795 2 0.23197623 -0.07198790 0.66972518 2
2 0.15328363 -0.25816590 0.90693611 2 0.23199998 -0.07199595 0.66971833 2
2 0.15331803 -0.25813237 0.90695620 2 0.23201095 -0.07201990 0.66971254 2
2 0.15329233 -0.25817204 0.90681487 2 0.23202839 -0.07210272 0.66965067 2
2 0.15328524 -0.25816715 0.90679795 2 0.23205906 -0.07220441 0.66968280 2
2 0.15322709 -0.25819615 0.90677357 2 0.23208059 -0.07222389 0.66970551 2
2 0.15332353 -0.25817385 0.90668416 2 0.23210707 -0.07234395 0.66958427 2
2 0.15314610 -0.25822413 0.90665817 2 0.23214769 -0.07240316 0.66957527 2
2 0.15309742 -0.25825155 0.90661252 2 0.23219459 -0.07249381 0.66955769 2
2 0.15306659 -0.25827587 0.90656310 2 0.23223568 -0.07256522 0.66954398 2
2 0.15305041 -0.25827870 0.90654016 2 0.23226386 -0.07259765 0.66954178 2
2 0.15321206 -0.25820705 0.90659463 2 0.23231214 -0.07264525 0.66958082 2
2 0.15318769 -0.25823408 0.90655571 2 0.23232147 -0.07266057 0.66957641 2
2 0.15327874 -0.25823361 0.90653771 2 0.23233818 -0.07267251 0.66957545 2
2 0.15326805 -0.25828755 0.90640360 2 0.23236102 -0.07271668 0.66954160 2
2 0.15322702 -0.25830626 0.90635985 2 0.23239419 -0.07273664 0.66953808 2
2 0.15318209 -0.25833881 0.90629053 2 0.23244652 -0.07276274 0.66950876 2
2 0.15334924 -0.25835568 0.90620899 2 0.23248586 -0.07280892 0.66949493 2
2 0.15332656 -0.25838545 0.90617365 2 0.23254828 -0.07282157 0.66948009 2
2 0.15330300 -0.25838330 0.90616781 2 0.23261304 -0.07287083 0.66950268 2
2 0.15330611 -0.25838238 0.90607321 2 0.23265131 -0.07293750 0.66940707 2
2 0.15330869 -0.25838560 0.90605748 2 0.23269422 -0.07302143 0.66937709 2
2 0.15328068 -0.25838667 0.90603709 2 0.23277219 -0.07306425 0.66939539 2
2 0.15312548 -0.25839165 0.90605623 2 0.23284496 -0.07319732 0.66932702 2
2 0.15331221 -0.25836617 0.90600002 2 0.23293072 -0.07321088 0.66917545 2
2 0.15344125 -0.25839722 0.90597892 2 0.23299849 -0.07324229 0.66915834 2
2 0.15332910 -0.25845021 0.90597218 2 0.23303857 -0.07327864 0.66917962 2
2 0.15335436 -0.25842500 0.90603149 2 0.23308061 -0.07326452 0.66919124 2
2 0.15332629 -0.25843704 0.90602255 2 0.23309158 -0.07329483 0.66917050 2
2 0.15349030 -0.25839719 0.90613657 2 0.23313196 -0.07329997 0.66917306 2
2 0.15348369 -0.25840077 0.90610158 2 0.23315886 -0.07334611 0.66920197 2
2 0.15360719 -0.25831875 0.90615445 2 0.23318098 -0.07332990 0.66919595 2
2 0.15374176 -0.25830626 0.90612340 2 0.23321417 -0.07336432 0.66914368 2
2 0.15380386 -0.25827846 0.90612745 2 0.23323706 -0.07340144 0.66914082 2
2 0.15380333 -0.25828496 0.90609205 2 0.23328058 -0.07342690 0.66912127 2
2 0.15387563 -0.25824806 0.90613019 2 0.23335081 -0.07346652 0.66907454 2
2 0.15384760 -0.25826418 0.90609622 2 0.23336743 -0.07344841 0.66907495 2
2 0.15395023 -0.25826067 0.90609187 2 0.23342034 -0.07348569 0.66902876 2
2 0.15394187 -0.25828353 0.90600973 2 0.23343951 -0.07350666 0.66901666 2
2 0.15401556 -0.25826925 0.90602767 2 0.23347229 -0.07352257 0.66900027 2
2 0.15400457 -0.25828314 0.90599233 2 0.23349009 -0.07352959 0.66898268 2
2 0.15410586 -0.25827309 0.90596986 2 0.23353830 -0.07348109 0.66889036 2
2 0.15418659 -0.25825387 0.90593970 2 0.23356085 -0.07344630 0.66885161 2
2 0.15428533 -0.25822100 0.90588385 2 0.23360267 -0.07342932 0.66862506 2
2 0.15432964 -0.25818545 0.90588516 2 0.23366539 -0.07337780 0.66857195 2
2 0.15432478 -0.25816730 0.90591121 2 0.23370801 -0.07331660 0.66842061 2
2 0.15428166 -0.25817668 0.90586042 2 0.23372866 -0.07329702 0.66834593 2
2 0.15434968 -0.25817174 0.90582556 2 0.23375413 -0.07319868 0.66824341 2
2 0.15427783 -0.25819480 0.90568566 2 0.23372705 -0.07317200 0.66815853 2
2 0.15449636 -0.25812575 0.90560603 2 0.23371018 -0.07311634 0.66801041 2
2 0.15448806 -0.25812337 0.90550143 2 0.23357776 -0.07309879 0.66771966 2
2 0.15451814 -0.25818697 0.90522856 2 0.23324907 -0.07280605 0.66724980 2
2 0.15482439 -0.25804096 0.90503955 2 0.23289746 -0.07254378 0.66698647 2
2 0.15492879 -0.25802475 0.90467930 2 0.23219794 -0.07186839 0.66659546 2
2 0.15517345 -0.25801992 0.90441978 2 0.23152141 -0.07108350 0.66621816 2
2 0.15580815 -0.25785542 0.90393752 2 0.23015966 -0.07048742 0.66505134 2
2 0.15646733 -0.25786999 0.90348643 2 0.22941712 -0.06987602 0.66465282 2
2 0.15716717 -0.25797158 0.90285498 2 0.22854026 -0.06916332 0.66468608 2
2 0.15785374 -0.25824627 0.90227586 2 0.22765078 -0.06750710 0.66360670 2
2 0.15875353 -0.25849736 0.90126717 2 0.22691666 -0.06605136 0.66212875 2
2 0.15936017 -0.25864673 0.90065700 2 0.22669753 -0.06575695 0.66226268 2
2 0.16024050 -0.25874868 0.90018976 2 0.22620386 -0.06425023 0.66166288 2
2 0.16064551 -0.25873581 0.89984590 2 0.22620691 -0.06408761 0.66167629 2
2 0.16118760 -0.25873569 0.89962471 2 0.22596045 -0.06128362 0.66197169 2
2 0.16148378 -0.25868472 0.89949512 2 0.22583944 -0.05950771 0.66291100 2
2 0.16197073 -0.25850999 0.89939427 2 0.22594669 -0.05807402 0.66391742 2
2 0.16228333 -0.25834429 0.89925337 2 0.22592913 -0.05719377 0.66449171 2
2 0.16259827 -0.25816828 0.89927000 2 0.22600605 -0.05724086 0.66466302 2
2 0.16298498 -0.25797880 0.89933145 2 0.22608221 -0.05652945 0.66507983 2
2 0.16328117 -0.25785634 0.89931989 2 0.22636193 -0.05646820 0.66622204 2
2 0.16356280 -0.25770888 0.89932811 2 0.22678657 -0.05640479 0.66767454 2
2 0.16384813 -0.25762022 0.89931554 2 0.22712806 -0.05606450 0.66926128 2
2 0.16394441 -0.25754789 0.89926970 2 0.22729021 -0.05545038 0.66951317 2
2 0.16411053 -0.25749600 0.89927542 2 0.22753060 -0.05486148 0.67012817 2
2 0.16423431 -0.25745139 0.89931792 2 0.22782081 -0.05507207 0.67092425 2
2 0.16434552 -0.25743148 0.89930689 2 0.22790770 -0.05479053 0.67117721 2
2 0.16443327 -0.25742447 0.89932775 2 0.22801167 -0.05492625 0.67158490 2
2 0.16455218 -0.25741071 0.89935154 2 0.22804113 -0.05495432 0.67158616 2
2 0.16461626 -0.25738528 0.89937747 2 0.22806382 -0.05507127 0.67165053 2
2 0.16465968 -0.25739399 0.89941746 2 0.22822231 -0.05533333 0.67221403 2
2 0.16466892 -0.25739467 0.89941519 2 0.22820140 -0.05515752 0.67240298 2
2 0.16470897 -0.25736877 0.89939463 2 0.22820254 -0.05503210 0.67220569 2
2 0.16473787 -0.25737846 0.89940202 2 0.22820517 -0.05499332 0.67219269 2
2 0.16479473 -0.25737834 0.89941329 2 0.22834940 -0.05520427 0.67260116 2
2 0.16483261 -0.25738165 0.89942908 2 0.22850825 -0.05549219 0.67260444 2
2 0.16484252 -0.25738934 0.89942700 2 0.22858045 -0.05557948 0.67267615 2
2 0.16498309 -0.25742429 0.89948744 2 0.22877905 -0.05588809 0.67279220 2
2 0.16501580 -0.25741348 0.89952862 2 0.22899692 -0.05620277 0.67314553 2
2 0.16505554 -0.25739813 0.89957023 2 0.22911903 -0.05648559 0.67310065 2
2 0.16516115 -0.25742772 0.89961457 2 0.22926144 -0.05664092 0.67308682 2
2 0.16517165 -0.25742981 0.89960897 2 0.22939202 -0.05685240 0.67310631 2
2 0.16519850 -0.25742188 0.89960355 2 0.22953263 -0.05711786 0.67319846 2
2 0.16528375 -0.25742483 0.89962900 2 0.22968647 -0.05730335 0.67336023 2
2 0.16539952 -0.25745434 0.89968455 2 0.22980769 -0.05760152 0.67316216 2
2 0.16553485 -0.25751245 0.89972728 2 0.23003636 -0.05784669 0.67343801 2
2 0.16554810 -0.25751117 0.89973319 2 0.23016155 -0.05803175 0.67349768 2
2 0.16557856 -0.25751325 0.89973640 2 0.23027903 -0.05820195 0.67354995 2
2 0.16565405 -0.25754270 0.89972430 2 0.23038664 -0.05851036 0.67332357 2
2 0.16571189 -0.25755799 0.89972198 2 0.23061858 -0.05913531 0.67345017 2
2 0.16579133 -0.25760552 0.89980829 2 0.23065840 -0.05924547 0.67334241 2
2 0.16581821 -0.25761762 0.89980900 2 0.23094231 -0.05975197 0.67329359 2
2 0.16582365 -0.25762355 0.89980376 2 0.23119201 -0.06026939 0.67314720 2
2 0.16586597 -0.25766128 0.89980638 2 0.23137735 -0.06070815 0.67309159 2
2 0.16588430 -0.25767651 0.89980644 2 0.23161606 -0.06134735 0.67239988 2
2 0.16596010 -0.25772446 0.89975649 2 0.23166727 -0.06156824 0.67231113 2
2 0.16602580 -0.25776410 0.89975196 2 0.23173398 -0.06216271 0.67200774 2
2 0.16604590 -0.25777677 0.89974743 2 0.23176067 -0.06210548 0.67194867 2
2 0.16606316 -0.25779399 0.89970738 2 0.23173887 -0.06225010 0.67185301 2
2 0.16610540 -0.25782967 0.89971226 2 0.23187956 -0.06252939 0.67141259 2
2 0.16612123 -0.25783679 0.89970368 2 0.23184320 -0.06245310 0.67135197 2
2 0.16617124 -0.25787807 0.89970028 2 0.23194924 -0.06263967 0.67142016 2
2 0.16617745 -0.25788125 0.89968425 2 0.23199874 -0.06282033 0.67082119 2
2 0.16619615 -0.25790194 0.89966887 2 0.23202430 -0.06273167 0.67084503 2
2 0.16619907 -0.25790477 0.89966792 2 0.23211241 -0.06289580 0.67063898 2
2 0.16620676 -0.25791740 0.89965546 2 0.23206557 -0.06329782 0.67030919 2
2 0.16621101 -0.25792006 0.89964902 2 0.23207903 -0.06321059 0.67032784 2
2 0.16620481 -0.25793070 0.89964992 2 0.23197335 -0.06312773 0.67035842 2
2 0.16617820 -0.25793123 0.89966619 2 0.23193587 -0.06318728 0.67037326 2
2 0.16617364 -0.25793251 0.89966881 2 0.23189138 -0.06337664 0.67040795 2
2 0.16617504 -0.25794116 0.89966512 2 0.23191507 -0.06347794 0.67043906 2
2 0.16617571 -0.25794509 0.89967394 2 0.23176157 -0.06377478 0.67019266 2
2 0.16616939 -0.25794694 0.89965856 2 0.23169246 -0.06394869 0.67025876 2
2 0.16618219 -0.25796124 0.89963859 2 0.23152837 -0.06401660 0.67003602 2
2 0.16618681 -0.25796041 0.89963496 2 0.23148328 -0.06403906 0.67008263 2
2 0.16619533 -0.25796449 0.89961869 2 0.23146386 -0.06402328 0.67019236 2
2 0.16619271 -0.25794595 0.89965153 2 0.23136893 -0.06417473 0.67031580 2
2 0.16622508 -0.25797179 0.89964086 2 0.23129800 -0.06432910 0.67042404 2
2 0.16623980 -0.25798449 0.89962709 2 0.23129839 -0.06431276 0.67049855 2
2 0.16623877 -0.25798336 0.89962482 2 0.23115250 -0.06436398 0.67031848 2
2 0.16624142 -0.25798607 0.89962113 2 0.23094207 -0.06417068 0.67014110 2
2 0.16624710 -0.25799203 0.89961427 2 0.23084332 -0.06398123 0.67021716 2
2 0.16623925 -0.25797856 0.89959699 2 0.23069631 -0.06432956 0.66974086 2
2 0.16623995 -0.25799072 0.89958549 2 0.23070507 -0.06437247 0.66969800 2
2 0.16624252 -0.25799558 0.89957106 2 0.23065837 -0.06439840 0.66975158 2
2 0.16631319 -0.25802329 0.89956957 2 0.23061560 -0.06429409 0.66983861 2
2 0.16630046 -0.25801322 0.89958298 2 0.23047581 -0.06454056 0.66968030 2
2 0.16631079 -0.25802526 0.89961535 2 0.23045033 -0.06438286 0.66970372 2
2 0.16630147 -0.25800583 0.89961225 2 0.23039378 -0.06438478 0.66974449 2
2 0.16630365 -0.25800988 0.89960861 2 0.23038800 -0.06438614 0.66980451 2
2 0.16637827 -0.25804865 0.89961493 2 0.23027423 -0.06398478 0.67007023 2
2 0.16640849 -0.25806746 0.89959013 2 0.23023346 -0.06414293 0.67013919 2
2 0.16639836 -0.25805843 0.89960957 2 0.23022629 -0.06431146 0.67033148 2
2 0.16638885 -0.25805503 0.89963758 2 0.23037177 -0.06448103 0.67046577 2
2 0.16637903 -0.25805250 0.89964646 2 0.23035365 -0.06475879 0.67034262 2
2 0.16636935 -0.25803772 0.89966506 2 0.23027582 -0.06452902 0.67048818 2
2 0.16636384 -0.25804070 0.89966702 2 0.23016806 -0.06461730 0.67022085 2
2 0.16639301 -0.25805756 0.89966142 2 0.23007190 -0.06458895 0.67032689 2
2 0.16640046 -0.25806272 0.89965326 2 0.23006225 -0.06453329 0.67028642 2
2 0.16640133 -0.25806558 0.89965147 2 0.22986668 -0.06446606 0.67038149 2
2 0.16639340 -0.25807011 0.89965045 2 0.22981481 -0.06441353 0.67040455 2
2 0.16639869 -0.25807405 0.89964610 2 0.22975783 -0.06408198 0.67052507 2
2 0.16639502 -0.25807872 0.89963478 2 0.22966531 -0.06395993 0.67037517 2
2 0.16638607 -0.25808203 0.89962280 2 0.22955106 -0.06382213 0.67040187 2
2 0.16638589 -0.25808623 0.89961880 2 0.22948602 -0.06379140 0.67047137 2
2 0.16638219 -0.25808758 0.89961708 2 0.22938743 -0.06381056 0.67018843 2
2 0.16638830 -0.25810066 0.89962178 2 0.22939941 -0.06389885 0.67016011 2
2 0.16640341 -0.25811183 0.89961708 2 0.22934803 -0.06387472 0.67019093 2
2 0.16640437 -0.25811592 0.89961559 2 0.22936989 -0.06392456 0.67035538 2
2 0.16640127 -0.25814462 0.89961064 2 0.22931385 -0.06393541 0.67042089 2
2 0.16642737 -0.25816154 0.89961821 2 0.22923249 -0.06394779 0.67050886 2
2 0.16644733 -0.25818083 0.89960074 2 0.22921611 -0.06383673 0.67049229 2
2 0.16645548 -0.25818571 0.89959663 2 0.22911613 -0.06381958 0.67052180 2
2 0.16646001 -0.25818774 0.89959276 2 0.22897094 -0.06390097 0.67031974 2
2 0.16647646 -0.25819924 0.89957094 2 0.22887786 -0.06397198 0.67007697 2
2 0.16647206 -0.25820231 0.89956743 2 0.22881526 -0.06403553 0.66990143 2
2 0.16648157 -0.25821236 0.89956772 2 0.22882424 -0.06399506 0.66985446 2
2 0.16647613 -0.25821558 0.89956415 2 0.22873236 -0.06390081 0.66998178 2
2 0.16649680 -0.25822839 0.89955992 2 0.22860737 -0.06395237 0.66988081 2
2 0.16650231 -0.25823244 0.89956313 2 0.22856312 -0.06391317 0.66992587 2
2 0.16649799 -0.25823119 0.89956498 2 0.22853124 -0.06388920 0.67007416 2
2 0.16650601 -0.25824076 0.89956951 2 0.22847867 -0.06392023 0.67005652 2
2 0.16651559 -0.25825319 0.89956069 2 0.22840169 -0.06386562 0.67015582 2
2 0.16651213 -0.25825566 0.89955455 2 0.22838233 -0.06392998 0.66995305 2
2 0.16651504 -0.25826561 0.89954686 2 0.22832337 -0.06390582 0.66996247 2
2 0.16650888 -0.25827241 0.89954317 2 0.22824222 -0.06403174 0.66984081 2
2 0.16651084 -0.25827307 0.89953756 2 0.22815526 -0.06400005 0.66996521 2
2 0.16648136 -0.25832081 0.89947349 2 0.22811373 -0.06421342 0.66961801 2
2 0.16651553 -0.25834551 0.89947075 2 0.22810988 -0.06425501 0.66962552 2
2 0.16652815 -0.25838289 0.89946795 2 0.22800897 -0.06427054 0.66964215 2
2 0.16653110 -0.25838947 0.89946198 2 0.22800523 -0.06432389 0.66958630 2
2 0.16659428 -0.25842959 0.89946866 2 0.22807714 -0.06438591 0.66985053 2
-999
