2 0.09283558 -0.28257802 0.90236890 2 0.19915365 -0.02714797 0.62586945 3
2 0.09624802 -0.28247035 0.90625763 2 0.19872662 -0.02717269 0.62744802 3
2 0.09456619 -0.28170201 0.90545601 2 0.19831519 -0.02775769 0.62362272 3
2 0.09924415 -0.28076884 0.90851337 2 0.19802593 -0.02847194 0.62576878 3
2 0.10151066 -0.28035775 0.90988553 2 0.19797033 -0.02962694 0.62607884 3
2 0.10082091 -0.27902034 0.90917802 2 0.19820073 -0.03079433 0.62593859 3
2 0.10040279 -0.27775666 0.90871495 2 0.19868758 -0.03194933 0.62610942 3
2 0.10276330 -0.27733994 0.91029209 2 0.19940454 -0.03310433 0.62634796 3
2 0.10330657 -0.27737111 0.91088033 2 0.20027147 -0.03425932 0.62513471 3
2 0.10189872 -0.27600518 0.91025662 2 0.20127693 -0.03527091 0.62464505 3
2 0.10271800 -0.27609351 0.91123945 2 0.20237461 -0.03603128 0.62638479 3
2 0.10405380 -0.27591136 0.91243744 2 0.20380525 -0.03610589 0.62726295 3
2 0.10071419 -0.27444530 0.91155267 2 0.20545548 -0.03594828 0.63041973 3
2 0.09992250 -0.27414796 0.91249996 2 0.20735987 -0.03535258 0.62975502 3
2 0.08296539 -0.26728132 0.91293287 2 0.21001050 -0.03475687 0.62641865 3
2 0.08056753 -0.26633346 0.91273391 2 0.21383335 -0.03416117 0.62073833 3
2 0.07924414 -0.26624441 0.91239488 2 0.21946217 -0.03356546 0.62315333 3
2 0.07908924 -0.26657158 0.91199201 2 0.22675081 -0.03312240 0.62003440 0
2 0.08064529 -0.27104905 0.90955812 2 0.23568375 -0.03294270 0.61633396 0
2 0.08039925 -0.27112353 0.90948665 2 0.24652195 -0.03351272 0.61427099 0
2 0.08006370 -0.27133414 0.90947473 2 0.25892311 -0.03631270 0.61275506 0
2 0.07975783 -0.27153903 0.90943736 2 0.27238354 -0.04099820 0.60997260 0
2 0.07978113 -0.27156326 0.90946245 2 0.28542721 -0.04725246 0.61087370 0
2 0.07985354 -0.27164382 0.90957820 2 0.29757231 -0.05521474 0.60546148 0
2 0.07981213 -0.27180994 0.90954244 2 0.30835563 -0.06522906 0.60437870 0
2 0.08013344 -0.27192807 0.90961653 2 0.31719586 -0.07680483 0.59514976 3
2 0.08040674 -0.27216578 0.90966368 2 0.32331371 -0.09018065 0.59389365 3
2 0.08184946 -0.27246013 0.90966046 2 0.32594496 -0.10376138 0.59618032 3
2 0.08322538 -0.27244723 0.90953159 2 0.32398897 -0.11690450 0.59571701 3
2 0.08553072 -0.27270725 0.90907657 2 0.31811360 -0.12795308 0.59460330 3
2 0.10464511 -0.27903253 0.90425032 2 0.30920669 -0.13722515 0.58940506 3
2 0.10553341 -0.27920574 0.90340781 2 0.29820165 -0.14492847 0.58304656 3
2 0.10296977 -0.28176451 0.90202594 2 0.28647238 -0.15081951 0.58431453 3
2 0.10190368 -0.28233886 0.90174997 2 0.27330709 -0.15373117 0.59028226 3
2 0.09768724 -0.28231815 0.90034425 2 0.25777763 -0.15259866 0.58710885 3
2 0.09550288 -0.28186998 0.89950323 2 0.24232337 -0.14597335 0.58785045 3
2 0.09577336 -0.27775311 0.89949632 2 0.22857289 -0.13816601 0.58709162 3
2 0.09591068 -0.27626887 0.89930767 2 0.21741217 -0.12979546 0.58729738 3
2 0.09674314 -0.27390000 0.90033638 2 0.20827492 -0.11946570 0.58954769 3
2 0.09844687 -0.26566708 0.90282881 2 0.20081499 -0.10738122 0.58692706 3
2 0.09912328 -0.26251245 0.90334028 2 0.19598374 -0.09337210 0.58609182 3
2 0.08740170 -0.26045281 0.90601051 2 0.19293134 -0.07838718 0.58574957 3
2 0.08599487 -0.25892076 0.90724260 2 0.19240613 -0.06328471 0.58491820 3
2 0.08512940 -0.25783560 0.90811563 2 0.19502878 -0.04926750 0.58604991 3
2 0.08450310 -0.25705421 0.90884614 2 0.19929834 -0.03809710 0.58693773 3
2 0.08156221 -0.25795090 0.90867686 2 0.20412892 -0.02755090 0.58679646 3
2 0.08212545 -0.25796166 0.90880620 2 0.20900157 -0.01746363 0.58702224 3
2 0.08134970 -0.25801358 0.90900820 2 0.21390145 -0.00933559 0.58898032 3
2 0.08149754 -0.25832266 0.90896565 2 0.21894112 -0.00296226 0.59146285 3
2 0.08128984 -0.25881425 0.90887803 2 0.22345026 0.00168857 0.58176595 2
-999
