2 0.05711401 -0.12794067 0.96269584 2 0.26793897 -0.14187482 0.59277034 0
2 0.05696385 -0.12732713 0.96258086 2 0.26593810 -0.14197645 0.59184158 0
2 0.05698480 -0.12731701 0.96257657 2 0.26529378 -0.14203064 0.59084785 0
2 0.05689908 -0.12693316 0.96242732 2 0.26549730 -0.14234826 0.59131283 0
2 0.05674045 -0.12630546 0.96213675 2 0.26484764 -0.14181638 0.59085578 0
2 0.05672665 -0.12639908 0.96216875 2 0.26404977 -0.14247569 0.59162563 0
2 0.05666983 -0.12625274 0.96214038 2 0.26408878 -0.14313243 0.59246290 0
2 0.05655535 -0.12586601 0.96188122 2 0.26386943 -0.14297567 0.59165943 0
2 0.05652695 -0.12578192 0.96186167 2 0.26258686 -0.14291033 0.59210783 0
2 0.05652410 -0.12582503 0.96184802 2 0.26254395 -0.14294463 0.59233081 0
2 0.05653166 -0.12589709 0.96188903 2 0.26327035 -0.14352141 0.59213847 0
2 0.05656852 -0.12611803 0.96188843 2 0.26280880 -0.14353910 0.59244138 0
2 0.05655350 -0.12613569 0.96186316 2 0.26144853 -0.14301938 0.59325612 0
2 0.05658084 -0.12632823 0.96189445 2 0.26102251 -0.14270945 0.59295970 0
2 0.05637403 -0.12891547 0.96290904 2 0.26094094 -0.14234667 0.59289342 0
2 0.05624263 -0.12831382 0.96271443 2 0.26130453 -0.14206697 0.59341240 0
2 0.05624706 -0.12831034 0.96269977 2 0.25482589 -0.13745604 0.59274697 0
2 0.05620538 -0.12787484 0.96260279 2 0.25055787 -0.13526167 0.59625071 0
2 0.05622069 -0.12740104 0.96235675 2 0.23917830 -0.12738493 0.59840775 0
2 0.05677912 -0.12975100 0.96299696 2 0.22934315 -0.12187775 0.60043693 0
2 0.05681990 -0.12969211 0.96292526 2 0.21956027 -0.11797361 0.60559958 0
2 0.05671895 -0.12838665 0.96260321 2 0.20653071 -0.11139700 0.61037737 0
2 0.05709744 -0.12771060 0.96195221 2 0.19602728 -0.10576531 0.61104131 0
2 0.05694563 -0.12595662 0.96119034 2 0.18303385 -0.09194593 0.61343789 0
2 0.04854773 -0.10988545 0.95607227 2 0.17077345 -0.08612008 0.61692673 0
2 0.04216317 -0.09614396 0.94856703 2 0.15846893 -0.08176462 0.62164062 0
1 0.04216100 -0.09554950 0.94846612 2 0.14737360 -0.07558328 0.62558377 2
2 0.04202729 -0.08338916 0.93985671 2 0.13458815 -0.07180464 0.62863910 2
1 0.04989633 -0.06601876 0.92995232 2 0.11239556 -0.04940325 0.63504827 0
2 0.04543116 -0.06019975 0.92637277 2 0.10355931 -0.04339606 0.64036149 0
1 0.04532024 -0.05903135 0.92613655 2 0.10960806 -0.01426871 0.62918687 0
2 0.04993160 -0.03214591 0.85143965 2 0.09619356 -0.00837577 0.63315040 0
2 0.04778339 -0.00366374 0.79514611 2 0.08525708 -0.00398619 0.63569558 0
2 0.04697926 -0.01085257 0.78010887 2 0.07202352 0.00064404 0.64050448 0
2 0.04475008 -0.01281190 0.77212650 2 0.06094510 0.00345256 0.64003146 1
1 0.04488872 -0.01286681 0.77191383 2 0.05098351 0.00464376 0.64421988 1
1 0.04484070 -0.01260232 0.77184600 2 0.04135002 0.00583448 0.64745337 1
1 0.04502834 -0.01241550 0.77196538 2 0.02992052 0.00032076 0.65183914 1
1 0.04546534 -0.01244776 0.77230942 2 0.02030897 -0.00215442 0.65557688 0
1 0.04630942 -0.01238292 0.77287078 2 0.01389046 -0.00312770 0.65658802 0
1 0.04631484 -0.01240693 0.77293253 2 0.00664349 -0.00444563 0.65948051 0
1 0.04709430 -0.01574760 0.77414393 2 0.00134357 -0.00610298 0.66144395 0
1 0.04706371 -0.01590274 0.77419150 2 -0.00137373 -0.00829757 0.66149408 0
1 0.04604076 -0.02193681 0.77549082 2 -0.00702900 -0.00733805 0.66193742 0
1 0.04639197 -0.02347585 0.77579570 2 -0.00773809 -0.00983546 0.66606486 2
1 0.04653636 -0.02399363 0.77601326 2 -0.01204644 -0.00721642 0.66547877 2
2 0.05082434 -0.02287318 0.82401580 2 -0.01293282 -0.00797591 0.66415995 0
2 0.05014664 -0.01831320 0.83727980 2 -0.02287515 -0.01284090 0.67068446 0
2 0.05047168 -0.01848618 0.84758592 2 -0.02612785 -0.00746309 0.67114639 0
2 0.05065525 -0.01859091 0.85066187 2 -0.02661332 -0.00772835 0.67014778 0
2 0.05067298 -0.01849942 0.85182154 2 -0.02615408 -0.00788385 0.66958630 0
2 0.05074978 -0.01751342 0.85310495 2 -0.02625907 -0.00680354 0.66852850 0
2 0.05022601 -0.01430585 0.85459572 2 -0.02621916 -0.00660931 0.66786236 0
1 0.05020525 -0.01419332 0.85467589 2 -0.02582683 -0.00623731 0.66986930 0
1 0.05007205 -0.01402276 0.85440475 2 -0.01665275 -0.01101529 0.66343713 0
1 0.05011282 -0.01397498 0.85394681 2 -0.00970749 -0.00689982 0.65832615 0
1 0.05008037 -0.01395226 0.85361063 2 -0.00779381 -0.00696517 0.65878516 2
2 0.05000892 -0.00936517 0.85450131 2 -0.00879582 -0.00900272 0.66256684 2
2 0.04996587 -0.00574990 0.85466367 2 -0.00630735 -0.00953449 0.66057783 0
2 0.04991909 0.00013804 0.85522848 2 -0.00515284 -0.01092516 0.66008073 0
2 0.05115561 0.00309978 0.84939975 2 -0.00236750 -0.01048712 0.66126829 0
1 0.05128256 0.00406945 0.84906554 2 -0.00043241 -0.01108052 0.66032207 0
1 0.05129235 0.00464740 0.84945780 2 0.00326831 -0.01110471 0.66210514 0
1 0.05126333 0.00574288 0.85021192 2 0.01154800 -0.01076371 0.65876842 0
1 0.05143360 0.00719342 0.85116076 2 0.01448373 -0.00977236 0.65828276 0
1 0.05204089 0.00871800 0.85227513 2 0.01976871 -0.00815869 0.65961230 0
1 0.05197712 0.00921112 0.85295916 2 0.02821091 -0.00122852 0.65449387 0
1 0.05209012 0.00936139 0.85330003 2 0.03769167 0.00156291 0.64967448 0
1 0.05229932 0.00986740 0.85367477 2 0.04325368 0.00444515 0.64882493 0
1 0.06970041 0.03099813 0.85467994 2 0.05263477 0.00464324 0.64274794 0
1 0.07357613 0.03218857 0.85735255 2 0.06410903 0.00434783 0.64175600 0
2 0.04928689 0.00305064 0.78299737 2 0.06927891 0.00210289 0.64270943 0
2 0.07653130 -0.05106342 0.70467520 2 0.08029284 0.00085104 0.63961405 1
2 0.09279807 -0.05527570 0.67620689 2 0.08960081 -0.00222949 0.63796717 1
2 0.08537355 -0.04376770 0.67604893 2 0.09136800 -0.02520041 0.64279777 1
2 0.08234155 -0.03130398 0.67549980 2 0.09934011 -0.03583410 0.64364552 1
2 0.07349773 -0.10542291 0.80073172 2 0.11192242 -0.04789905 0.63751549 1
2 0.07485479 -0.10605656 0.79845935 2 0.12578675 -0.05463915 0.63218129 1
2 0.07767839 -0.10677724 0.79564613 2 0.13725708 -0.06079720 0.62564749 0
2 0.10715092 -0.11071413 0.74725676 2 0.15029415 -0.06569535 0.61939561 0
1 0.10684928 -0.11093036 0.74727786 1 0.21847700 -0.03586017 0.57281244 0
1 0.10666406 -0.11112501 0.74724102 2 0.17974529 -0.08746345 0.60352868 0
1 0.10576647 -0.11210200 0.74751920 1 0.19969308 0.08305642 0.54751861 0
1 0.10494582 -0.11373462 0.74832821 1 0.20675316 0.06054698 0.53926611 0
1 0.10313974 -0.12009345 0.75113660 1 0.22375904 0.04948178 0.51225060 0
1 0.10200702 -0.12155522 0.75148213 1 0.24553818 0.03644414 0.49800950 0
1 0.10134462 -0.12223266 0.75175327 1 0.33797157 -0.02697929 0.46644905 1
1 0.10060640 -0.12289856 0.75192159 1 0.33759251 -0.03183080 0.46805766 1
1 0.10029588 -0.12327081 0.75199848 2 0.24259393 -0.16615096 0.56726855 0
1 0.10030945 -0.12529790 0.75306833 2 0.24714775 -0.17154878 0.56314963 0
1 0.10016210 -0.12540083 0.75309032 2 0.25059426 -0.17618847 0.55961603 0
1 0.09995076 -0.12555765 0.75304544 2 0.25260282 -0.17957388 0.55685842 0
1 0.10006717 -0.12656905 0.75345284 2 0.25764501 -0.18268812 0.55461913 0
1 0.09996175 -0.12658246 0.75341833 2 0.26225379 -0.18588054 0.55322242 0
1 0.09982870 -0.12661751 0.75333792 2 0.26336318 -0.18633188 0.55046463 0
1 0.09981926 -0.12661639 0.75333589 2 0.26540455 -0.18685991 0.55221808 0
1 0.09964611 -0.12664331 0.75315386 2 0.26494792 -0.18669602 0.55103624 0
1 0.09958985 -0.12663962 0.75310969 2 0.26675490 -0.18696573 0.55198276 0
1 0.09957673 -0.12664773 0.75309682 2 0.26689604 -0.18595378 0.55181605 0
1 0.09956114 -0.12667486 0.75307214 2 0.26624021 -0.18536209 0.55146730 0
1 0.09953199 -0.12667936 0.75301546 2 0.26576257 -0.18479617 0.55143952 0
1 0.09948830 -0.12670337 0.75299770 2 0.26628992 -0.18385604 0.55267894 0
1 0.09946448 -0.12669379 0.75295925 2 0.26639158 -0.18318084 0.55394113 0
1 0.09941795 -0.12668088 0.75290287 2 0.26649660 -0.18253969 0.55467951 0
1 0.09937067 -0.12672368 0.75290436 2 0.26526964 -0.18180275 0.55530268 0
1 0.09935363 -0.12671326 0.75286019 2 0.26450536 -0.18116347 0.55805224 0
1 0.09931356 -0.12673931 0.75284779 2 0.26303321 -0.18056083 0.55807656 0
1 0.09928983 -0.12677228 0.75286496 2 0.26314887 -0.18019691 0.55932277 0
-999
