2 0.15342706 -0.26605681 1.03765512 2 0.22402926 0.05980466 0.81455523 3
2 0.15574661 -0.26625010 1.03642404 2 0.22504324 0.05896776 0.80755961 3
2 0.15713726 -0.26635826 1.03565180 2 0.22593486 0.05670089 0.80274856 3
2 0.15770544 -0.26634914 1.03528965 2 0.22690344 0.05353155 0.79902422 3
2 0.15386130 -0.26710320 1.03886104 2 0.22838594 0.04990933 0.79953504 3
2 0.15225299 -0.26766127 1.04057038 2 0.22983915 0.04601444 0.79944766 3
2 0.15118575 -0.26762864 1.04127765 2 0.23205203 0.04198393 0.79700446 3
2 0.15055461 -0.26780581 1.04189658 2 0.23499441 0.03804489 0.79669923 3
2 0.15015434 -0.26803422 1.04233289 2 0.23893447 0.03413807 0.79551113 3
2 0.14989300 -0.26830533 1.04266608 2 0.24378718 0.03042664 0.79407692 3
2 0.14976573 -0.26853028 1.04279828 2 0.24942981 0.02740275 0.78964210 3
2 0.14961863 -0.26870260 1.04306960 2 0.25581768 0.02580884 0.78874141 3
2 0.14949027 -0.26879773 1.04321754 2 0.26298627 0.02491946 0.78551984 3
2 0.14889951 -0.26851040 1.04369164 2 0.27089745 0.02448296 0.77992803 3
2 0.14804776 -0.26755542 1.04442644 2 0.27988061 0.02431912 0.77538258 3
2 0.14724788 -0.26664576 1.04528129 2 0.28956488 0.02410814 0.77009016 3
2 0.14721638 -0.26667419 1.04520404 2 0.29965979 0.02324261 0.76241809 3
2 0.14721842 -0.26677534 1.04519260 2 0.30987570 0.02088195 0.77156377 3
2 0.14693652 -0.26645544 1.04542482 2 0.31988439 0.01693943 0.75998163 3
2 0.14651980 -0.26655006 1.04581928 2 0.32909998 0.01134574 0.75828224 3
2 0.14631781 -0.26661453 1.04587948 2 0.33745870 0.00382145 0.75138062 3
2 0.14609860 -0.26663983 1.04593420 2 0.34479666 -0.00748718 0.74458271 3
2 0.14601067 -0.26668087 1.04598534 2 0.35081643 -0.01934547 0.74087721 3
2 0.14608002 -0.26692376 1.04599535 2 0.35437828 -0.03258480 0.73660308 3
2 0.14607464 -0.26717266 1.04600132 2 0.35489964 -0.04688006 0.73448384 3
2 0.14602692 -0.26734921 1.04606485 2 0.35248592 -0.06070483 0.73377001 3
2 0.14590162 -0.26764143 1.04614758 2 0.34680405 -0.07303448 0.73209435 3
2 0.14582530 -0.26781797 1.04606879 2 0.33822614 -0.08394610 0.73063844 3
2 0.14587536 -0.26803470 1.04595411 2 0.32748699 -0.09324065 0.73227543 3
2 0.14724304 -0.26893950 1.04423773 2 0.31510445 -0.10060459 0.73426235 3
2 0.14874282 -0.26940170 1.04143548 2 0.30048862 -0.10299008 0.73213887 3
2 0.14830357 -0.26937351 1.04153562 2 0.28378791 -0.10371891 0.73542923 3
2 0.14831215 -0.26936328 1.04147744 2 0.26683056 -0.10188598 0.73862374 3
2 0.14838733 -0.26920971 1.04128301 2 0.25142172 -0.09729110 0.73689461 3
2 0.14808866 -0.26678437 1.04252398 2 0.23768045 -0.09071366 0.73985726 3
2 0.14712009 -0.26409051 1.04352748 2 0.22590293 -0.08217907 0.73873711 3
2 0.14682211 -0.26336575 1.04370582 2 0.21630061 -0.07139371 0.74437678 3
2 0.14677157 -0.26304999 1.04383016 2 0.20956352 -0.05862171 0.74932325 3
2 0.14659685 -0.26278389 1.04393995 2 0.20619418 -0.04398801 0.75233549 3
2 0.14650747 -0.26263592 1.04400265 2 0.20691839 -0.02873363 0.75805366 3
2 0.14646509 -0.26262668 1.04409778 2 0.21138319 -0.01351249 0.76519984 3
2 0.14641182 -0.26264337 1.04404116 2 0.21881747 0.00130389 0.76277071 2
-999
