2 0.21319973 -0.33553985 1.01641941 2 0.40307659 -0.03096072 0.81690770 32 0.40731341 -0.26287609 0.89398867 3
2 0.21404848 -0.33581740 1.01621699 2 0.38046232 -0.03212162 0.82630718 32 0.39744335 -0.27150887 0.89983541 3
2 0.21404023 -0.33574313 1.01607847 2 0.35782564 -0.02912583 0.82996756 32 0.38730273 -0.27679044 0.90309727 3
2 0.21344860 -0.33571827 1.01569128 2 0.33139440 -0.01689132 0.83120519 32 0.38426250 -0.27205676 0.90001553 3
2 0.21250966 -0.33578870 1.01503682 2 0.30765158 -0.01816760 0.82978237 32 0.37871149 -0.26480865 0.89484376 3
2 0.21192998 -0.33590692 1.01469171 2 0.28678653 -0.02251633 0.83046263 32 0.37445354 -0.25851706 0.89180833 3
2 0.21193339 -0.33607197 1.01404572 2 0.26442161 -0.02414089 0.82476991 32 0.36475414 -0.24444276 0.88812864 3
2 0.21188803 -0.33596739 1.01406777 2 0.24685813 -0.02948014 0.83119428 32 0.36108151 -0.23654704 0.88667136 3
2 0.21165857 -0.33543423 1.01423025 2 0.24240218 -0.05076527 0.83449578 32 0.35852793 -0.23401460 0.88502359 3
2 0.21137524 -0.33484095 1.01441503 2 0.23331064 -0.06289918 0.83721840 32 0.37861297 -0.31025383 0.88173646 3
2 0.21094030 -0.33433953 1.01471567 1 0.21107174 -0.05414366 0.83746988 32 0.34690243 -0.23983377 0.88073409 3
2 0.21028483 -0.33408231 1.01483703 1 0.20086499 -0.06325619 0.83671552 02 0.34636325 -0.24139546 0.88056147 0
2 0.20140810 -0.34118026 1.00899732 2 0.21050210 -0.09054973 0.83966553 02 0.34575227 -0.24112311 0.87952596 0
2 0.20138337 -0.34123853 1.00877261 2 0.20642236 -0.10273950 0.83713788 32 0.34678608 -0.24517730 0.87767518 3
2 0.20125610 -0.34144902 1.00850892 2 0.20112813 -0.11635324 0.83157784 32 0.33833280 -0.26573873 0.88429195 3
2 0.20128171 -0.34045315 1.00939500 2 0.19528554 -0.13490166 0.82845145 32 0.34047261 -0.28129902 0.88514858 3
2 0.19772771 -0.34873566 1.00099683 2 0.18770516 -0.15718986 0.82469529 32 0.35902601 -0.29678580 0.87452817 3
2 0.24755871 -0.34046686 1.00469661 2 0.19003357 -0.18508837 0.82092607 32 0.36480749 -0.29644623 0.86178160 3
2 0.24110289 -0.34342709 1.00429440 2 0.18799691 -0.20596986 0.80930459 32 0.36081266 -0.30369225 0.86233246 3
2 0.22291245 -0.35455731 1.00147831 2 0.18974791 -0.22823276 0.79889637 22 0.34702700 -0.30688563 0.86600477 2
-999
