2 0.13704361 -0.32151464 1.03151345 2 0.29338232 -0.19208775 0.85397303 2
2 0.13722461 -0.32160482 1.03161919 2 0.29348087 -0.19250353 0.85413843 2
2 0.13715857 -0.32159579 1.03159559 2 0.29354888 -0.19277142 0.85422915 2
2 0.13724644 -0.32162374 1.03150761 2 0.29357320 -0.19301400 0.85427678 2
2 0.13720194 -0.32163560 1.03155541 2 0.29376268 -0.19336873 0.85426241 2
2 0.13713722 -0.32162493 1.03153193 2 0.29386017 -0.19376357 0.85431504 2
2 0.13714387 -0.32160446 1.03148377 2 0.29388520 -0.19433346 0.85419309 2
2 0.13761735 -0.32097951 1.03213465 2 0.29391301 -0.19534551 0.85414064 2
2 0.13772438 -0.32041702 1.03277099 2 0.29409206 -0.19722229 0.85328346 2
2 0.13706541 -0.31973952 1.03323948 2 0.29366946 -0.20060790 0.85264337 2
2 0.13586214 -0.31882501 1.03355932 2 0.29247233 -0.20512336 0.85070026 2
2 0.13472877 -0.31829378 1.03379035 2 0.29061934 -0.21161020 0.84879297 2
2 0.13415441 -0.31814533 1.03385377 2 0.28797507 -0.22007765 0.84380096 2
2 0.13349645 -0.31791386 1.03391540 2 0.28440475 -0.22620793 0.83945042 2
2 0.13288395 -0.31818029 1.03367734 2 0.27914688 -0.23333186 0.83518869 2
2 0.13259728 -0.31873643 1.03368449 2 0.27320454 -0.24006991 0.83082801 2
2 0.13217166 -0.31912902 1.03363585 2 0.26458478 -0.25081500 0.82021886 2
2 0.13211508 -0.31939277 1.03351867 2 0.25656429 -0.25565636 0.81584162 2
2 0.13216068 -0.31953195 1.03342700 2 0.24431458 -0.26090083 0.81023341 2
2 0.13215932 -0.31961897 1.03337371 2 0.23917893 -0.27098885 0.80924094 2
2 0.13208055 -0.31966805 1.03336513 2 0.22740211 -0.27702945 0.80558318 2
2 0.12998399 -0.31935933 1.03252983 2 0.21731123 -0.28885400 0.80336928 2
2 0.12718205 -0.31938040 1.03201962 2 0.21564780 -0.30221486 0.80222404 2
2 0.12383197 -0.31920785 1.03053176 2 0.23356615 -0.31216931 0.81871462 2
2 0.11950757 -0.31736326 1.02944934 2 0.22258569 -0.31523114 0.80933356 2
2 0.11685121 -0.31584349 1.02920103 2 0.20297743 -0.31878987 0.80081403 2
2 0.11098348 -0.31517947 1.02630103 2 0.19693440 -0.31296438 0.79663712 2
2 0.10073878 -0.31799185 1.01986945 2 0.16976449 -0.27641049 0.78122079 2
1 0.09765715 -0.31837821 1.01747239 2 0.16711655 -0.27219191 0.77877730 2
1 0.09575971 -0.31681743 1.01492119 2 0.11663675 -0.18806002 0.76036298 2
1 0.09783372 -0.31361419 1.02071869 2 0.10096209 -0.16659276 0.75167406 0
1 0.10137562 -0.31085715 1.02485025 2 0.09945814 -0.16341124 0.76196140 0
1 0.10773791 -0.29382670 1.00735223 2 0.10103752 -0.16044177 0.75881779 2
1 0.10886993 -0.29727441 1.01543117 2 0.09316203 -0.14944455 0.74985206 2
2 0.10506254 -0.35676825 0.97000337 2 0.09561690 -0.14945635 0.74831325 2
2 0.10994139 -0.35211354 0.97383767 2 0.11005767 -0.16404761 0.75854099 2
2 0.11081757 -0.35012046 0.97500384 2 0.11385693 -0.15793045 0.72217095 2
1 0.11091012 -0.35006925 0.97503936 2 0.11802407 -0.12269823 0.74151802 2
1 0.11018988 -0.35088882 0.97480530 2 0.11969450 -0.11154222 0.73599690 2
1 0.10914616 -0.35152268 0.97415072 2 0.12552950 -0.11265443 0.73679960 2
2 0.11846560 -0.34008408 0.96910304 2 0.13524130 -0.11129373 0.74012178 2
2 0.13213736 -0.32426095 0.96573073 2 0.14466515 -0.10588747 0.74401665 2
2 0.14200917 -0.31712806 0.96038055 2 0.15487517 -0.09083022 0.75138271 2
2 0.13858770 -0.30810580 0.97248971 2 0.16633067 -0.08264451 0.75448966 2
2 0.13265733 -0.30239245 0.98599160 2 0.18140513 -0.07366615 0.76095217 2
2 0.13172181 -0.30192575 0.98735571 2 0.19349052 -0.06837214 0.76524210 2
2 0.13129419 -0.30182815 0.98869449 2 0.20842516 -0.07160258 0.77096903 2
2 0.13079199 -0.30188838 0.98973596 2 0.22130826 -0.07268397 0.77770907 2
2 0.13049388 -0.30200458 0.99069756 2 0.23158297 -0.07009065 0.78182328 2
2 0.11795212 -0.31404492 1.00042224 2 0.24465227 -0.07669584 0.78632224 2
2 0.11883976 -0.31361163 0.99937350 2 0.25516865 -0.08201545 0.78854471 2
2 0.11952939 -0.31328204 0.99901068 2 0.26749903 -0.08831935 0.79181093 2
2 0.12000505 -0.31298330 0.99879164 2 0.27717957 -0.09319191 0.79451126 2
2 0.11650639 -0.31577280 1.00640774 2 0.29015958 -0.10585281 0.80084884 2
2 0.11791126 -0.31442878 1.00509679 2 0.29604825 -0.11187179 0.80265141 2
2 0.12399051 -0.31080493 1.00522065 2 0.29970765 -0.11187055 0.80254501 2
2 0.12568259 -0.30961838 1.00515568 2 0.30335808 -0.11262818 0.80285531 2
2 0.12699059 -0.30887052 1.00506413 2 0.30636284 -0.11320128 0.80264765 2
-999
