1 0.08629325 -0.13479008 0.92337012 2 0.24236178 -0.03956752 0.61330104 2
1 0.08632115 -0.13477613 0.92339426 2 0.24325967 -0.04038834 0.61466086 2
1 0.08629046 -0.13465568 0.92343760 2 0.24320889 -0.04161745 0.61374372 2
1 0.08621787 -0.13492082 0.92361826 2 0.24495421 -0.04079336 0.61468029 2
1 0.08623723 -0.13480107 0.92357671 2 0.24456702 -0.04168572 0.61382443 2
1 0.08624003 -0.13470417 0.92348623 2 0.24378876 -0.04123854 0.61353701 2
1 0.08628299 -0.13471799 0.92355663 2 0.24404024 -0.04192245 0.61510682 2
1 0.08632556 -0.13472770 0.92356205 2 0.24528296 -0.04105634 0.61501890 2
1 0.08637529 -0.13467903 0.92356908 2 0.24575295 -0.04016421 0.61339104 2
1 0.08642217 -0.13469137 0.92354298 2 0.24556755 -0.03998059 0.61274797 2
1 0.08643857 -0.13464521 0.92351794 2 0.24599823 -0.04014636 0.61311817 2
1 0.08644263 -0.13463677 0.92351449 2 0.24613157 -0.03939719 0.61329037 2
1 0.08647490 -0.13461682 0.92355442 2 0.24661882 -0.03966121 0.61367005 2
1 0.08650336 -0.13455127 0.92360270 2 0.24642889 -0.03968684 0.61384475 2
1 0.08651672 -0.13453051 0.92362261 2 0.24634331 -0.03898522 0.61164874 2
1 0.08656202 -0.13453072 0.92368501 2 0.24555041 -0.03959861 0.61320215 2
1 0.08657277 -0.13451117 0.92369753 2 0.24611199 -0.03930802 0.61446959 2
1 0.08658116 -0.13452975 0.92370272 2 0.24542983 -0.03551413 0.61170363 2
1 0.08660009 -0.13455227 0.92373562 2 0.25196415 -0.04359394 0.61239225 2
1 0.08660134 -0.13455988 0.92374665 2 0.24998815 -0.03857927 0.61088955 2
1 0.08658373 -0.13453485 0.92372334 2 0.25014102 -0.03778639 0.61089122 2
1 0.08657885 -0.13453710 0.92372149 2 0.24596508 -0.03846877 0.61253035 2
1 0.08657752 -0.13452743 0.92373407 2 0.24578013 -0.03108351 0.61512935 2
1 0.08659185 -0.13444717 0.92372036 2 0.25060979 -0.03218404 0.61204141 2
1 0.08664021 -0.13451593 0.92362577 2 0.25083655 -0.02781890 0.61118466 2
1 0.08691546 -0.13437343 0.92326176 2 0.25105280 -0.02397484 0.61128908 2
1 0.08725027 -0.13464773 0.92317182 2 0.25197220 -0.02105340 0.61275160 2
1 0.08706196 -0.13393088 0.92259526 2 0.25095910 -0.01642980 0.61214495 2
1 0.08712425 -0.13434198 0.92252374 2 0.24603243 -0.01095751 0.61671048 0
1 0.08713179 -0.13453209 0.92251307 2 0.24348456 -0.01020003 0.61540860 0
1 0.08716498 -0.13483688 0.92253685 2 0.24074878 -0.01105561 0.61481303 0
1 0.08723317 -0.13490017 0.92259693 2 0.23836496 -0.01253922 0.61573100 0
1 0.08716859 -0.13478467 0.92263705 2 0.23458053 -0.01556696 0.61509883 2
1 0.08711512 -0.13488738 0.92272705 2 0.23041545 -0.01932178 0.61440426 2
1 0.08697317 -0.13489680 0.92278558 2 0.22940521 -0.02581192 0.61260486 2
1 0.08674626 -0.13489100 0.92282104 2 0.21776775 -0.03643540 0.61233485 2
1 0.08656210 -0.13484241 0.92295265 2 0.21105070 -0.04354057 0.61190921 2
1 0.08613090 -0.13459054 0.92294252 2 0.20192832 -0.05394524 0.60983241 2
1 0.08474728 -0.13192026 0.92269784 2 0.19196138 -0.07207523 0.61149716 2
1 0.08384894 -0.12985438 0.92238444 2 0.18231212 -0.08454844 0.61115205 2
1 0.08088349 -0.12478065 0.92175704 2 0.16982964 -0.09821925 0.61047113 2
1 0.07809053 -0.12063457 0.92092150 2 0.15688983 -0.11482383 0.60896385 2
1 0.06836963 -0.09303343 0.90631056 2 0.14549792 -0.12707248 0.60751849 2
1 0.06763795 -0.09282006 0.90641510 2 0.13004382 -0.14901356 0.60876125 2
2 0.05969428 -0.09261248 0.90607691 2 0.11542350 -0.17003614 0.61258698 2
2 0.05963638 -0.09270983 0.90642494 2 0.09955288 -0.18272309 0.61750519 2
2 0.05979238 -0.09277539 0.90659714 2 0.08383986 -0.19339789 0.61826509 2
2 0.06073947 -0.09531070 0.90939564 2 0.07870644 -0.20976119 0.61845684 2
2 0.06280236 -0.09986770 0.91214263 2 0.05641523 -0.22221920 0.62439823 0
1 0.06375111 -0.10366244 0.91386014 2 -0.08315330 -0.14047088 0.64838231 0
1 0.06594857 -0.10825644 0.91536576 2 0.02454457 -0.14902516 0.90934134 1
1 0.06673321 -0.10945271 0.91582930 2 0.02481373 -0.14706661 0.90808451 1
1 0.06792475 -0.11203648 0.91600686 2 0.02593528 -0.14713559 0.90654904 1
1 0.06844286 -0.11301017 0.91623795 2 0.02502704 -0.14843322 0.90781218 1
1 0.06866761 -0.11329472 0.91644841 2 0.02437098 -0.14898576 0.90809476 1
1 0.06871775 -0.11343237 0.91648382 2 0.02473279 -0.14867836 0.90872663 1
1 0.06879245 -0.11359424 0.91652048 2 0.02421555 -0.14883068 0.90849060 1
1 0.06899479 -0.11392574 0.91665906 2 0.02412889 -0.14857469 0.90856820 1
1 0.06899329 -0.11398901 0.91671783 2 0.02323994 -0.14933074 0.90918547 1
1 0.06902774 -0.11406359 0.91673344 2 0.02237571 -0.14881891 0.90712595 1
1 0.06913190 -0.11440948 0.91705447 2 0.02315796 -0.14670888 0.90758961 1
1 0.06912582 -0.11440638 0.91706234 2 0.02349362 -0.14541215 0.90676939 1
1 0.06911030 -0.11440010 0.91704094 2 0.02284726 -0.14425087 0.90427303 1
1 0.06868331 -0.11339109 0.91644973 2 0.02341498 -0.13860445 0.89757341 1
1 0.06831627 -0.11282369 0.91572803 2 0.02627430 -0.13410755 0.89698529 1
1 0.06965405 -0.11180316 0.91497803 1 0.18437506 -0.07484181 1.00816655 1
2 0.06211802 -0.08079324 0.90212649 1 0.10004191 -0.06063166 0.93648916 1
2 0.06343661 -0.07788839 0.90183187 1 0.09808336 -0.06356043 0.94199091 1
1 0.06485797 -0.07462875 0.90077114 2 0.09237990 -0.04636222 0.89239591 1
1 0.06433842 -0.03765474 0.88987601 2 0.03286276 -0.07342907 0.58480400 1
1 0.06440079 -0.03829973 0.89030129 2 0.03329457 -0.05635560 0.58062947 2
1 0.06440407 -0.03832792 0.89042139 2 0.03404313 -0.04433926 0.57691896 2
1 0.06437320 -0.03836700 0.89043528 2 0.03399193 -0.03192469 0.57354885 2
1 0.06134458 -0.02715384 0.88922065 2 0.03310481 0.00216171 0.57048923 2
1 0.06193560 -0.02542303 0.88721007 2 0.02017308 -0.02946825 0.57759500 2
1 0.06303614 -0.02241211 0.88366324 2 0.02058817 -0.02175763 0.57587117 2
1 0.06461813 -0.02896559 0.88567102 1 0.02333884 -0.01800453 0.57450396 0
1 0.06694976 -0.00905927 0.88142943 1 0.02478072 -0.01519585 0.57313514 0
1 0.08074791 -0.04443540 0.86072665 1 0.02488601 -0.01023329 0.57228667 0
1 0.07931075 -0.07920481 0.86102849 1 0.02583550 -0.00688534 0.57064098 0
1 0.08231367 -0.08682768 0.86769581 1 0.02759875 -0.00349855 0.57131600 0
1 0.07766811 -0.06468832 0.87663049 1 0.02918134 -0.00135229 0.57191420 0
1 0.07717049 -0.06466962 0.87710720 1 0.03067819 0.00101881 0.57268351 0
1 0.07724180 -0.06513970 0.87783837 1 0.02943871 0.00837361 0.57375908 0
1 0.07729356 -0.06521246 0.87787944 1 0.02860575 0.01025156 0.57450676 0
1 0.07779971 -0.06573062 0.87845731 1 0.03024422 0.00962178 0.57474649 0
1 0.07816099 -0.06597009 0.87848455 1 0.03060251 0.01066647 0.57363921 0
1 0.07878685 -0.06632230 0.87840039 1 0.03120932 0.00935546 0.57307315 0
1 0.07919527 -0.06645574 0.87847769 1 0.03223811 0.00790126 0.57280254 0
1 0.07950608 -0.06646989 0.87862015 1 0.03314520 0.00864355 0.57245505 0
1 0.08004197 -0.06656495 0.87868387 1 0.03718574 0.00558508 0.57126766 0
1 0.08099563 -0.06690043 0.87937152 1 0.03771408 0.00483987 0.57136965 0
1 0.08189938 -0.06691289 0.87948215 1 0.03862850 0.00605351 0.57154900 0
1 0.08346874 -0.06705486 0.88004935 1 0.03990457 0.00456889 0.57166177 0
1 0.08631080 -0.03733990 0.87727869 2 0.04743290 0.05639580 0.56845897 2
1 0.08703800 -0.03527765 0.87900454 1 0.08095076 0.02130429 0.56061250 2
1 0.08942945 -0.03279471 0.88282537 1 0.08364536 0.02130528 0.56177884 0
1 0.09230201 -0.02942108 0.88596064 1 0.08788018 0.02134517 0.56116742 0
1 0.09675882 -0.02276643 0.89413333 2 0.08112467 0.02590607 0.56565428 2
1 0.09923010 -0.01879735 0.89955294 2 0.07197323 -0.01711519 0.57346833 2
1 0.10150620 -0.01071554 0.90789926 1 0.07654942 -0.02179133 0.57809299 0
1 0.10169592 -0.00376349 0.91226870 1 0.08323848 -0.02810582 0.58089823 0
1 0.10344574 -0.00320341 0.91551048 1 0.09130711 -0.03668777 0.58519709 0
1 0.10153642 -0.04284441 0.92490977 1 0.11431302 0.02439796 0.56269604 0
1 0.14961782 -0.08336216 0.94531292 2 0.13246836 -0.08149333 0.58855933 2
1 0.15022740 -0.08392783 0.94602031 2 0.13883422 -0.09077362 0.59323156 2
1 0.15072966 -0.08491153 0.94806427 2 0.14851627 -0.10499018 0.59987396 2
2 0.08234891 -0.18017787 0.97093034 2 0.16005197 -0.12007611 0.60570967 2
2 0.08219399 -0.18011934 0.97087425 2 0.17562599 -0.15088668 0.61336017 0
1 0.07258379 -0.11921299 0.91706216 2 0.18588534 -0.15818430 0.61541140 0
1 0.07256194 -0.11914244 0.91704386 1 0.25670022 -0.03216815 0.49422598 0
1 0.07256333 -0.11942530 0.91707993 1 0.25784713 -0.04516969 0.48866281 0
1 0.07172339 -0.11994853 0.91714472 2 0.22184588 -0.20978661 0.63430339 2
1 0.07136023 -0.12017127 0.91722631 2 0.23035942 -0.22079694 0.63886446 2
1 0.07099339 -0.12055881 0.91715896 2 0.23729418 -0.22880688 0.64094824 2
1 0.07073535 -0.12049797 0.91722363 2 0.24548388 -0.23576193 0.64375353 2
1 0.07063969 -0.12031739 0.91724539 2 0.25037634 -0.24013565 0.64351082 2
1 0.06797747 -0.11696967 0.91651112 2 0.25469074 -0.24438947 0.64506781 2
1 0.06799591 -0.11695993 0.91651291 2 0.25972617 -0.24295779 0.64176232 2
1 0.06813997 -0.11705242 0.91657835 2 0.26088688 -0.24283564 0.64161015 2
1 0.06863899 -0.11770797 0.91683209 2 0.26280829 -0.24075897 0.64036775 2
1 0.06904463 -0.11825843 0.91697448 2 0.26211554 -0.23971888 0.64055228 2
1 0.06931698 -0.11867673 0.91693807 2 0.26091465 -0.23797469 0.63891506 2
1 0.06944276 -0.11887573 0.91695005 2 0.25995064 -0.23722641 0.63937491 2
1 0.06947368 -0.11900091 0.91690999 2 0.25889739 -0.23530421 0.63906443 2
1 0.06987551 -0.11965397 0.91699046 2 0.25808492 -0.23288861 0.63936269 2
1 0.07007626 -0.12244660 0.91677469 2 0.25592092 -0.22859070 0.63750690 2
1 0.07002210 -0.12329728 0.91687214 2 0.25536457 -0.22386852 0.63845903 2
1 0.06994945 -0.12401515 0.91683757 2 0.25461146 -0.21713956 0.63782156 2
1 0.07006861 -0.12410238 0.91690493 2 0.25405797 -0.20894016 0.63708061 2
1 0.07021178 -0.12389348 0.91706777 2 0.25878966 -0.18907875 0.63438016 2
1 0.07071126 -0.12378374 0.91726887 2 0.26398680 -0.17893136 0.62848735 2
1 0.07176965 -0.12347990 0.91723883 2 0.26354262 -0.16043200 0.62351954 2
1 0.07315587 -0.12350872 0.91744769 2 0.26177990 -0.12807272 0.62001514 2
1 0.07540531 -0.12442310 0.91777742 2 0.26082817 -0.11104766 0.61390305 2
1 0.07882416 -0.12650412 0.91809732 2 0.26102978 -0.08228659 0.60848469 2
1 0.08404513 -0.13018866 0.91871518 2 0.26051682 -0.05174307 0.60473663 2
1 0.08829737 -0.13445078 0.91842228 2 0.25961405 -0.03301443 0.59882897 2
1 0.09255591 -0.13623191 0.91810352 2 0.25773069 -0.01602883 0.59388971 2
1 0.09387338 -0.13629445 0.91783011 2 0.25083002 0.00248511 0.59211153 2
1 0.09404118 -0.13599557 0.91791743 2 0.25134251 0.01753488 0.59125483 0
1 0.09423288 -0.13600211 0.91794550 2 0.24977745 0.03159469 0.58768815 0
1 0.09462209 -0.13596711 0.91789764 2 0.24883659 0.04503402 0.58411992 0
1 0.09499349 -0.13567698 0.91794443 2 0.25066090 0.05065860 0.58333170 0
1 0.09538943 -0.13564603 0.91765207 2 0.27435848 0.08070302 0.57560211 0
1 0.09562339 -0.13547841 0.91747415 2 0.25004846 0.06681300 0.57994759 0
1 0.09572152 -0.13527091 0.91740471 2 0.24884374 0.06959303 0.58173615 0
1 0.09586309 -0.13523965 0.91732216 2 0.24800020 0.07210717 0.58130836 0
1 0.09600946 -0.13517135 0.91724116 2 0.24716701 0.07334738 0.58021712 0
1 0.09613489 -0.13520111 0.91705757 2 0.24137510 0.07190392 0.58191717 0
1 0.09620828 -0.13505474 0.91688085 2 0.24056089 0.07291035 0.58167601 2
1 0.09627333 -0.13504131 0.91664487 2 0.23982380 0.07248166 0.58039641 2
1 0.09631588 -0.13496095 0.91637433 2 0.23905022 0.07098122 0.57985812 2
1 0.09623125 -0.13442168 0.91605997 2 0.23875609 0.07654256 0.58205038 2
1 0.09631046 -0.13426387 0.91583681 2 0.23841351 0.06912124 0.58046305 2
1 0.09628186 -0.13401501 0.91566420 2 0.23788634 0.06907874 0.58130217 2
1 0.09627392 -0.13396747 0.91571718 2 0.23811755 0.06903659 0.58308387 2
1 0.09630498 -0.13395412 0.91565901 2 0.23741516 0.06918931 0.58199728 2
1 0.09627752 -0.13394475 0.91564244 2 0.23683614 0.07627364 0.58388048 0
1 0.09627978 -0.13393950 0.91561657 2 0.23549405 0.07606653 0.58262300 0
1 0.09623621 -0.13399887 0.91535634 2 0.23462780 0.07512846 0.58217013 0
1 0.09625258 -0.13398944 0.91533697 2 0.23499782 0.07538268 0.58308136 0
1 0.09627322 -0.13391380 0.91521442 2 0.23432666 0.07461303 0.58276159 0
1 0.09609607 -0.13357398 0.91507375 2 0.23548514 0.06757496 0.58333206 0
1 0.09617993 -0.13344090 0.91516322 2 0.23489951 0.06596565 0.58486438 2
-999
