2 0.11921813 -0.28482443 1.03544641 2 0.30333772 -0.04381631 0.77475452 3
2 0.11938196 -0.28491268 1.03542483 2 0.30409634 -0.04779578 0.77621853 3
2 0.11950910 -0.28496245 1.03526163 2 0.30302724 -0.04766861 0.77252328 3
2 0.11957493 -0.28499013 1.03522635 2 0.30512410 -0.04854973 0.77457863 3
2 0.11963189 -0.28500423 1.03523874 2 0.30500096 -0.04861764 0.77536958 3
2 0.11971588 -0.28501588 1.03521264 2 0.30275014 -0.04845911 0.77369595 3
2 0.11980885 -0.28503311 1.03518629 2 0.30218947 -0.04799632 0.77295113 3
2 0.11996735 -0.28506118 1.03516734 2 0.30231529 -0.04803104 0.77362257 3
2 0.12007216 -0.28509489 1.03515255 2 0.30302006 -0.04772007 0.77416748 3
2 0.12014347 -0.28509769 1.03511131 2 0.30354202 -0.04544511 0.77268738 3
2 0.12020161 -0.28510839 1.03513670 2 0.30795333 -0.04427583 0.77575910 3
2 0.12020654 -0.28510147 1.03511500 2 0.31040043 -0.04387773 0.77266431 3
2 0.12019861 -0.28507698 1.03512061 2 0.31634420 -0.04304558 0.77214336 3
2 0.11959664 -0.28462341 1.03527486 2 0.32228976 -0.04294924 0.77079844 3
2 0.11898949 -0.28424138 1.03552830 2 0.32959515 -0.04565465 0.76896697 3
2 0.11861903 -0.28402370 1.03558421 2 0.33867133 -0.05196416 0.76682079 3
2 0.11828451 -0.28396177 1.03556871 2 0.34787929 -0.06308581 0.76501060 3
2 0.11825860 -0.28411925 1.03546643 2 0.35682398 -0.07339678 0.76122892 3
2 0.11819384 -0.28449845 1.03530037 2 0.36247620 -0.08433508 0.75922012 3
2 0.11813958 -0.28494412 1.03511286 2 0.36664063 -0.09906088 0.75934756 3
2 0.11811912 -0.28536421 1.03506494 2 0.37069100 -0.12723966 0.76562250 3
2 0.11812329 -0.28567129 1.03494883 2 0.36714393 -0.13787854 0.76221603 3
2 0.11817254 -0.28607854 1.03489327 2 0.36351794 -0.14873886 0.76077724 3
2 0.11827288 -0.28633830 1.03494215 2 0.35643345 -0.15794492 0.75935262 3
2 0.11845864 -0.28657001 1.03502727 2 0.34425855 -0.16499774 0.76032180 3
2 0.11875577 -0.28691265 1.03507519 2 0.33204344 -0.17044026 0.75824267 3
2 0.11922783 -0.28752363 1.03531861 2 0.31952813 -0.17626378 0.75544775 3
2 0.11956062 -0.28805032 1.03539133 2 0.30586493 -0.18042138 0.75633216 3
2 0.11991679 -0.28858092 1.03545606 2 0.29309064 -0.18665676 0.75606984 3
2 0.12022401 -0.28895175 1.03528941 2 0.27942178 -0.19030453 0.75275522 3
2 0.12042405 -0.28927091 1.03511596 2 0.27071303 -0.19600755 0.75452876 3
2 0.12052579 -0.28966230 1.03483272 2 0.25956202 -0.19830799 0.75180686 1
2 0.12065718 -0.29019457 1.03431106 2 0.24947800 -0.20067298 0.74923187 1
2 0.12096782 -0.29060185 1.03382492 2 0.23901938 -0.19895695 0.74731410 3
2 0.12157896 -0.29101259 1.03343463 2 0.22405647 -0.19310942 0.74623007 3
1 0.07034748 -0.22334366 1.05892825 2 0.19666186 -0.16031830 0.73925364 3
2 0.07251554 -0.23252471 1.05482364 2 0.18978572 -0.15602055 0.73611349 3
2 0.07229722 -0.23055775 1.05253828 2 0.18076579 -0.14707635 0.73354942 3
2 0.07205261 -0.22822335 1.05074215 2 0.17375997 -0.13865875 0.73387116 3
2 0.07220282 -0.22699730 1.04951763 2 0.17065363 -0.12946413 0.72971702 3
2 0.07264399 -0.22597326 1.05012798 2 0.16012843 -0.11243544 0.72357512 3
2 0.07532124 -0.22056936 1.04871154 2 0.15902315 -0.10072090 0.72329360 3
1 0.07414592 -0.20543042 1.04780889 2 0.15817071 -0.08868159 0.72230214 3
1 0.07243831 -0.19914253 1.04842675 2 0.15616581 -0.07505614 0.72085261 3
1 0.07071725 -0.19469878 1.04773426 2 0.15695325 -0.06304681 0.71821976 3
1 0.07059599 -0.19516817 1.04782152 2 0.15839395 -0.05082442 0.71735823 3
1 0.07077526 -0.19684792 1.04802942 2 0.16347931 -0.03967590 0.71829849 3
1 0.07182799 -0.20031101 1.04918706 2 0.16787967 -0.02951504 0.71879363 3
1 0.07296858 -0.21087770 1.05025578 2 0.17498873 -0.01980944 0.71774042 3
1 0.07381846 -0.21484898 1.04979849 2 0.18225418 -0.01252643 0.72017264 3
2 0.07422719 -0.21640527 1.04946113 2 0.19119686 -0.00549560 0.72166222 3
2 0.07462081 -0.21788707 1.04905820 2 0.20007446 0.00099502 0.72126305 3
2 0.07480562 -0.21917753 1.04848993 2 0.20980701 0.00814456 0.72139627 3
2 0.07497607 -0.22013816 1.04800606 2 0.22069022 0.01278637 0.72214675 3
2 0.07519436 -0.22098118 1.04795027 2 0.23298265 0.01529782 0.72496670 3
2 0.07540537 -0.22353239 1.04737556 2 0.24187499 0.01749862 0.72639716 3
2 0.07549842 -0.22508191 1.04697645 2 0.25061128 0.02065912 0.72740203 3
2 0.07557037 -0.22611767 1.04674721 2 0.25714278 0.02126659 0.72636980 3
2 0.07561456 -0.22694458 1.04646885 2 0.26142782 0.02025240 0.72502267 3
2 0.07575711 -0.22765099 1.04630542 2 0.26554635 0.01865844 0.72552550 3
2 0.07579286 -0.22819391 1.04617202 2 0.26699224 0.01831327 0.72643089 3
2 0.07574963 -0.22794159 1.04609513 2 0.26797315 0.01759062 0.72625911 3
2 0.07566569 -0.22764610 1.04599619 2 0.26801470 0.01632006 0.72564107 3
2 0.07562076 -0.22734380 1.04598272 2 0.26803291 0.01690440 0.72645223 3
2 0.07553241 -0.22707838 1.04585218 2 0.26688525 0.01687211 0.72554606 3
2 0.07546552 -0.22688834 1.04573929 2 0.26579180 0.01826869 0.72749263 3
2 0.07545134 -0.22682384 1.04564309 2 0.26470205 0.02293426 0.73075336 3
2 0.07542782 -0.22679526 1.04553616 2 0.26412719 0.04323126 0.72855562 2
-999
