2 0.00000000 0.00000000 0.87362266 2 0.34638423 0.14256270 0.87362266 3
2 0.00000000 0.00000000 0.87687528 2 0.33152661 0.14486232 0.87687528 3
2 0.00000000 0.00000000 0.87782657 2 0.31283030 0.14564389 0.87782657 3
2 0.00000000 0.00000000 0.87593126 2 0.29193100 0.14311720 0.87593126 3
2 0.00000000 0.00000000 0.87880641 2 0.27379307 0.12553346 0.87880641 3
2 0.00000000 0.00000000 0.88433450 2 0.24248904 0.12658988 0.88433450 3
2 0.00000000 0.00000000 0.88925308 2 0.21962297 0.11098766 0.88925308 3
2 0.00000000 0.00000000 0.89089704 2 0.19879407 0.08905161 0.89089704 3
2 0.00000000 0.00000000 0.88752300 2 0.17964743 0.06428775 0.88752300 3
2 0.00000000 0.00000000 0.88364756 2 0.17341422 0.03050723 0.88364756 3
2 0.00000000 0.00000000 0.87565958 2 0.16110024 0.00236445 0.87565958 3
2 0.00000000 0.00000000 0.86615115 2 0.15470625 -0.02859996 0.86615115 3
2 0.00000000 0.00000000 0.85700810 2 0.12168026 -0.04022754 0.85700810 3
2 0.00000000 0.00000000 0.83718789 2 0.15913233 -0.08974916 0.83718789 3
2 0.00000000 0.00000000 0.82161492 2 0.17715797 -0.11930932 0.82161492 3
2 0.00000000 0.00000000 0.80011702 2 0.18999805 -0.13813229 0.80011702 3
2 0.00000000 0.00000000 0.78256673 2 0.20811588 -0.15095833 0.78256673 3
2 0.00000000 0.00000000 0.76537925 2 0.23226020 -0.15907495 0.76537925 0
2 0.00000000 0.00000000 0.75084597 2 0.26059151 -0.16083810 0.75084597 0
2 0.00000000 0.00000000 0.73977989 2 0.29012430 -0.15722524 0.73977989 3
2 0.00000000 0.00000000 0.73479378 2 0.32265735 -0.14932495 0.73479378 3
2 0.00000000 0.00000000 0.73380071 2 0.35460073 -0.13887599 0.73380071 3
2 0.00000000 0.00000000 0.73755854 2 0.38974643 -0.13097449 0.73755854 3
2 0.00000000 0.00000000 0.74513859 2 0.41739208 -0.11659890 0.74513859 0
2 0.00000000 0.00000000 0.74488568 2 0.43965432 -0.08858591 0.74488568 0
2 0.00000000 0.00000000 0.75332534 2 0.46218434 -0.06970029 0.75332534 0
2 0.00000000 0.00000000 0.76568550 2 0.47962880 -0.05167649 0.76568550 0
2 0.00000000 0.00000000 0.77897656 2 0.49305695 -0.03457404 0.77897656 1
2 0.00000000 0.00000000 0.78868490 2 0.50339562 -0.01296261 0.78868490 1
2 0.00000000 0.00000000 0.81416768 2 0.50794804 -0.00955058 0.81416768 1
2 0.00000000 0.00000000 0.82175773 2 0.50995028 0.00990329 0.82175773 1
2 0.00000000 0.00000000 0.82906753 2 0.50692630 0.02955238 0.82906753 0
2 0.00000000 0.00000000 0.83784527 2 0.50030011 0.04986995 0.83784527 0
2 0.00000000 0.00000000 0.84001720 2 0.48498821 0.06246740 0.84001720 0
2 0.00000000 0.00000000 0.85115379 2 0.46910888 0.07486977 0.85115379 0
2 0.00000000 0.00000000 0.86008841 2 0.44871068 0.08795056 0.86008841 3
2 0.00000000 0.00000000 0.86737746 2 0.42218608 0.10433662 0.86737746 3
2 0.00000000 0.00000000 0.86940068 2 0.39460316 0.10535173 0.86940068 3
2 0.00000000 0.00000000 0.87176621 2 0.36670661 0.10183751 0.87176621 3
2 0.00000000 0.00000000 0.87557381 2 0.34275153 0.09867644 0.87557381 3
2 0.00000000 0.00000000 0.87870347 2 0.32427862 0.09397260 0.87870347 3
2 0.00000000 0.00000000 0.87310505 2 0.30725273 0.09385133 0.87310505 3
2 0.00000000 0.00000000 0.87096190 2 0.29655030 0.09305475 0.87096190 3
2 0.00000000 0.00000000 0.86969382 2 0.29061797 0.09275476 0.86969382 3
2 0.00000000 0.00000000 0.86574227 2 0.28722671 0.09275236 0.86574227 3
2 0.00000000 0.00000000 0.86671752 2 0.28730020 0.09340637 0.86671752 3
2 0.00000000 0.00000000 0.86732048 2 0.28772172 0.09431690 0.86732048 3
2 0.00000000 0.00000000 0.86326814 2 0.28795552 0.09388804 0.86326814 3
2 0.00000000 0.00000000 0.86615324 2 0.28964183 0.09460720 0.86615324 3
2 0.00000000 0.00000000 0.86999005 2 0.29147306 0.09520736 0.86999005 3
2 0.00000000 0.00000000 0.87230766 2 0.29201990 0.09572446 0.87230766 3
2 0.00000000 0.00000000 0.87795484 2 0.29225823 0.09954254 0.87795484 3
2 0.00000000 0.00000000 0.88475823 2 0.29085305 0.11503872 0.88475823 3
2 0.00000000 0.00000000 0.87682843 2 0.29176855 0.11787955 0.87682843 2
-999
