2 0.15284041 -0.33141157 1.07409608 2 0.27448830 -0.22952071 0.86454844 2
2 0.15280592 -0.33143646 1.07404649 2 0.27447298 -0.22951740 0.86448276 2
2 0.15278521 -0.33143407 1.07402647 2 0.27443042 -0.22940664 0.86434746 2
2 0.15276755 -0.33143762 1.07400799 2 0.27440894 -0.22943044 0.86427969 2
2 0.15273587 -0.33145699 1.07398427 2 0.27440009 -0.22946857 0.86427993 2
2 0.15272710 -0.33145943 1.07396996 2 0.27431214 -0.22949296 0.86434346 2
2 0.15270069 -0.33145958 1.07395077 2 0.27413204 -0.22920464 0.86429042 2
2 0.15269089 -0.33146700 1.07393622 2 0.27395189 -0.22895092 0.86429602 2
2 0.15261787 -0.33148524 1.07385695 2 0.27376550 -0.22844851 0.86417961 2
2 0.15258649 -0.33148471 1.07383990 2 0.27359390 -0.22815751 0.86428976 2
2 0.15258279 -0.33148620 1.07383108 2 0.27399716 -0.23100901 0.86676949 2
2 0.15257449 -0.33148584 1.07382107 2 0.27379501 -0.22864108 0.86601532 2
2 0.15253623 -0.33148891 1.07380354 2 0.27381262 -0.22491458 0.86499190 2
2 0.15252687 -0.33148488 1.07380199 2 0.27449343 -0.22412243 0.86580735 2
2 0.15251894 -0.33147538 1.07377601 2 0.27554113 -0.22268526 0.86639690 2
2 0.15251303 -0.33146361 1.07376564 2 0.27633584 -0.21608309 0.86395061 2
2 0.15251780 -0.33140847 1.07372808 2 0.27753970 -0.21397893 0.86424601 2
2 0.15253140 -0.33135632 1.07369244 2 0.27819842 -0.20866463 0.86798751 2
2 0.15258002 -0.33128819 1.07367313 2 0.27886632 -0.20536062 0.86848027 2
2 0.15265404 -0.33120468 1.07362747 2 0.27992976 -0.20380305 0.86897284 2
2 0.15275317 -0.33109927 1.07351470 2 0.28131211 -0.20243871 0.86884725 2
2 0.15289514 -0.33101147 1.07349741 2 0.28343335 -0.19967091 0.86856323 2
2 0.15308958 -0.33093837 1.07351494 2 0.28505817 -0.18592812 0.86366975 2
2 0.15320703 -0.33091390 1.07356095 2 0.28878784 -0.18393320 0.86459750 2
2 0.15329066 -0.33086687 1.07358539 2 0.29277030 -0.17949265 0.86386991 2
2 0.15332639 -0.33085218 1.07351661 2 0.29636887 -0.17614859 0.86402887 2
2 0.15333101 -0.33086464 1.07342231 2 0.29974234 -0.17306009 0.86369115 2
2 0.15330273 -0.33089301 1.07328641 2 0.30325952 -0.17159265 0.86386448 2
2 0.15323603 -0.33092570 1.07322347 2 0.30754307 -0.17056444 0.86597359 2
2 0.15314834 -0.33095625 1.07312810 2 0.31146547 -0.17004313 0.86761087 2
2 0.15303138 -0.33099842 1.07299209 2 0.31522578 -0.16970812 0.86946112 2
2 0.15289856 -0.33101276 1.07290447 2 0.32004926 -0.17604940 0.87543482 2
2 0.15288013 -0.33101943 1.07295632 2 0.32437924 -0.15876977 0.86762244 2
2 0.15285331 -0.33102578 1.07299650 2 0.33108857 -0.17295454 0.87776661 2
2 0.15268445 -0.33090517 1.07302701 2 0.33499378 -0.16325636 0.87283313 2
2 0.15232879 -0.33093804 1.07298160 2 0.34012210 -0.16278231 0.87394494 2
2 0.15179446 -0.33091050 1.07293212 2 0.34648716 -0.16251889 0.87385881 2
2 0.15146437 -0.33073777 1.07321811 2 0.35360429 -0.16428414 0.87586898 2
2 0.15112647 -0.33059168 1.07324123 2 0.35895848 -0.16589595 0.87586099 2
2 0.15076578 -0.33046287 1.07334900 2 0.36826536 -0.17048296 0.87572032 2
2 0.15051810 -0.33037871 1.07339883 2 0.37274012 -0.17301024 0.87472713 2
2 0.14980160 -0.33047214 1.07352984 2 0.37883765 -0.17892852 0.87673289 2
2 0.14931373 -0.33058098 1.07343137 2 0.38207808 -0.18185709 0.87643778 2
2 0.14890453 -0.33070490 1.07339418 2 0.38527808 -0.18538667 0.87679857 2
2 0.14840141 -0.33075121 1.07345557 2 0.38788262 -0.18993473 0.87774378 2
2 0.14814289 -0.33083969 1.07357085 2 0.39109093 -0.19395006 0.87797320 2
2 0.14794324 -0.33098757 1.07363451 2 0.39302900 -0.20159400 0.88167542 2
2 0.14774889 -0.33123565 1.07373989 2 0.39487565 -0.20831807 0.88369364 2
2 0.14765564 -0.33142713 1.07372296 2 0.39624530 -0.21384145 0.88430256 2
2 0.14753325 -0.33171526 1.07377958 2 0.38856933 -0.24099001 0.86101747 2
2 0.14743900 -0.33206385 1.07383454 2 0.38698417 -0.24654187 0.86753327 2
2 0.14737293 -0.33243170 1.07388508 2 0.40045914 -0.27532578 0.92828304 2
2 0.14730990 -0.33284307 1.07384503 2 0.40095726 -0.28275180 0.92787689 2
2 0.14727668 -0.33336595 1.07390130 2 0.40140215 -0.29091430 0.92726779 2
2 0.14724021 -0.33391094 1.07385147 2 0.40100706 -0.30110955 0.92356390 2
2 0.14724605 -0.33457625 1.07402587 2 0.40017861 -0.31038454 0.92484784 2
2 0.14722608 -0.33502510 1.07415366 2 0.39272645 -0.27505168 0.88975805 2
2 0.14723839 -0.33548963 1.07437313 2 0.39183500 -0.27843985 0.88812822 2
2 0.14722547 -0.33589226 1.07450724 2 0.37472603 -0.31750375 0.92313063 2
2 0.14722516 -0.33618289 1.07465398 2 0.38568878 -0.28582293 0.88349813 2
2 0.14723490 -0.33646268 1.07482958 2 0.36823672 -0.33996025 0.91914403 2
2 0.14728157 -0.33670220 1.07497990 2 0.36540586 -0.34435448 0.91561425 2
2 0.14728940 -0.33686271 1.07506096 2 0.38503927 -0.31007531 0.87092298 2
2 0.14732566 -0.33703312 1.07517421 2 0.34342864 -0.33419946 0.86873192 2
2 0.14731355 -0.33717251 1.07521009 2 0.34202293 -0.33257413 0.86520576 2
2 0.14733644 -0.33739531 1.07546341 2 0.33468875 -0.33571348 0.86112797 2
2 0.14732422 -0.33744991 1.07547677 2 0.32029530 -0.33607751 0.85623777 2
2 0.14730152 -0.33748275 1.07550383 2 0.31298113 -0.33551630 0.85244226 2
2 0.14728200 -0.33751473 1.07551384 2 0.31651670 -0.38140199 0.89779961 2
2 0.14725420 -0.33754277 1.07551038 2 0.31401157 -0.31635755 0.85463703 2
2 0.14721838 -0.33756772 1.07550669 2 0.31385392 -0.31636208 0.85380012 2
2 0.14720248 -0.33759505 1.07551587 2 0.29275036 -0.38005528 0.88942516 2
2 0.14715979 -0.33759758 1.07545471 2 0.26903880 -0.36080202 0.83262008 2
2 0.14713559 -0.33760610 1.07542598 2 0.28196478 -0.37760782 0.88215601 2
2 0.14708582 -0.33759457 1.07539105 2 0.26948506 -0.33878267 0.82489091 2
2 0.14701916 -0.33755809 1.07532668 2 0.26658359 -0.34030300 0.82415396 2
2 0.14703013 -0.33755246 1.07525396 2 0.26450837 -0.34049216 0.82372469 2
2 0.14703815 -0.33754426 1.07523715 2 0.25318852 -0.37202811 0.83377808 2
2 0.14710540 -0.33750769 1.07515144 2 0.25320944 -0.37197021 0.83320218 2
2 0.14714572 -0.33747587 1.07514369 2 0.25376919 -0.37130743 0.83281231 2
2 0.14719570 -0.33740425 1.07508957 2 0.25413838 -0.36806986 0.83205265 2
2 0.14727645 -0.33731896 1.07508135 2 0.26641622 -0.35197556 0.83124942 2
2 0.14742669 -0.33716881 1.07496989 2 0.26424506 -0.34861583 0.83013421 2
2 0.14763959 -0.33701077 1.07481396 2 0.26346144 -0.34309220 0.83183920 2
2 0.14792779 -0.33686763 1.07470250 2 0.26073518 -0.33894745 0.82976627 2
2 0.14821178 -0.33671975 1.07451165 2 0.26063591 -0.33181775 0.83060461 2
2 0.14849207 -0.33658960 1.07423937 2 0.26231000 -0.32616943 0.82917750 2
2 0.14870888 -0.33647862 1.07406616 2 0.26121977 -0.32001746 0.82894379 2
2 0.14885986 -0.33635053 1.07392144 2 0.26050320 -0.31368482 0.83051044 2
2 0.14909655 -0.33617228 1.07354021 2 0.26078969 -0.30439171 0.83088791 2
2 0.14950779 -0.33586237 1.07343268 2 0.26193896 -0.29893732 0.83305568 2
2 0.14984231 -0.33558244 1.07334399 2 0.26192066 -0.23437642 0.82031745 2
2 0.15014017 -0.33522668 1.07316363 2 0.26360846 -0.27509287 0.83825696 2
2 0.15038605 -0.33492774 1.07306099 2 0.26378793 -0.27528983 0.83802503 2
2 0.15059249 -0.33465454 1.07305455 2 0.26387671 -0.27529815 0.83750182 2
2 0.15086471 -0.33423942 1.07309628 2 0.26424611 -0.27504098 0.83736491 2
2 0.15101400 -0.33401915 1.07305288 2 0.26505148 -0.27486229 0.83662635 2
2 0.15116283 -0.33380476 1.07297695 2 0.26175252 -0.26419184 0.82847375 2
2 0.15130511 -0.33359262 1.07301223 2 0.26603803 -0.27410603 0.83682054 2
2 0.15142721 -0.33341131 1.07301068 2 0.26648089 -0.27390420 0.83692563 2
2 0.15150979 -0.33327740 1.07295358 2 0.26655555 -0.27380511 0.83687413 2
2 0.15163995 -0.33304295 1.07299209 2 0.26671720 -0.27369779 0.83679670 2
2 0.15172407 -0.33286375 1.07302272 2 0.26681474 -0.27366751 0.83664358 2
2 0.15178315 -0.33279249 1.07302105 2 0.26683497 -0.27367130 0.83647931 2
2 0.15185085 -0.33263123 1.07299113 2 0.26494947 -0.26754946 0.83139139 2
2 0.15188794 -0.33259934 1.07295728 2 0.26689681 -0.27374625 0.83572948 2
2 0.15193711 -0.33245683 1.07304478 2 0.26688457 -0.27387634 0.83538032 2
2 0.15195292 -0.33243066 1.07303059 2 0.26682103 -0.27391559 0.83512837 2
2 0.15198152 -0.33240172 1.07301497 2 0.26672271 -0.27391967 0.83508241 2
-999
