2 0.17355767 -0.29850426 1.00396383 2 0.19601099 0.07954544 0.80739307 3
2 0.17365395 -0.29877782 1.00346148 2 0.19637586 0.07855936 0.80670267 3
2 0.17369007 -0.29903874 1.00303757 2 0.19719549 0.07746570 0.80568910 3
2 0.17804223 -0.29375833 0.99931836 2 0.19814222 0.07637012 0.80085152 3
2 0.18096265 -0.29016441 0.99714899 2 0.19964267 0.07526979 0.80139869 3
2 0.16871655 -0.29857445 1.00483286 2 0.20253298 0.07416946 0.80037284 3
2 0.16664490 -0.30147490 1.00594783 2 0.20626017 0.07307389 0.79855376 3
2 0.16528182 -0.30281606 1.00690317 2 0.21017917 0.07223747 0.80027974 3
2 0.16468678 -0.30357406 1.00727344 2 0.21491940 0.07143549 0.80217808 3
2 0.16410592 -0.30401701 1.00760913 2 0.22051252 0.07069272 0.79951894 3
2 0.16408864 -0.30423489 1.00798666 2 0.22661091 0.07087681 0.79598093 3
2 0.16438244 -0.30421352 1.00879192 2 0.23347420 0.07113406 0.79049712 3
2 0.16492724 -0.30310303 1.00993752 2 0.24203375 0.06903115 0.78345793 3
2 0.16575645 -0.30363119 1.01009321 2 0.25155309 0.06690256 0.77639031 3
2 0.16475973 -0.30324066 1.01098323 2 0.26146603 0.06433491 0.77007872 3
2 0.16362488 -0.30325106 1.01161981 2 0.27222964 0.06076028 0.76148063 3
2 0.16290660 -0.30353680 1.01201344 2 0.28438354 0.05555290 0.75464272 3
2 0.16206244 -0.30398744 1.01196623 2 0.29739913 0.04849793 0.75011075 3
2 0.16126896 -0.30465195 1.01220238 2 0.30953848 0.03884163 0.74554718 3
2 0.16115262 -0.30482253 1.01229274 2 0.32080969 0.02697855 0.74694020 3
2 0.16119203 -0.30497092 1.01247358 2 0.33086124 0.01260579 0.74288017 3
2 0.16126779 -0.30524126 1.01267219 2 0.33908942 -0.00263977 0.73857766 3
2 0.16138093 -0.30561864 1.01276386 2 0.34539869 -0.01943690 0.72903061 3
2 0.16124341 -0.30665109 1.01222777 2 0.34831408 -0.03835494 0.72411048 3
2 0.16248122 -0.30662766 1.01236331 2 0.34664217 -0.05729607 0.72599316 3
2 0.16291866 -0.30647916 1.01260173 2 0.34102708 -0.07493303 0.72669286 3
2 0.16284813 -0.30644223 1.01265967 2 0.33014205 -0.09072240 0.72776812 3
2 0.16216299 -0.30707946 1.01253736 2 0.31695145 -0.10391044 0.73070389 3
2 0.16116896 -0.30834156 1.01160526 2 0.30131206 -0.11489170 0.73382276 3
1 0.15216790 -0.31281915 1.00944304 1 0.28407472 -0.12336327 0.68803382 0
2 0.15292259 -0.36446548 0.99399680 1 0.26553887 -0.12751170 0.73526120 0
2 0.13356182 -0.31180313 1.02095509 2 0.24647807 -0.12867436 0.73684514 3
2 0.11238471 -0.25573707 1.03970134 2 0.22888315 -0.12578581 0.73243737 3
2 0.11228636 -0.25574642 1.03904390 2 0.21418795 -0.11174220 0.73181480 3
2 0.11187518 -0.25547814 1.03872025 2 0.20185390 -0.09584589 0.73179656 3
2 0.11096686 -0.25497890 1.03862047 2 0.19310680 -0.07861336 0.73218054 3
2 0.10675094 -0.25320965 1.03837454 2 0.18666527 -0.06054037 0.73648232 3
2 0.10651994 -0.25324202 1.03973114 2 0.18317519 -0.04074955 0.73627949 3
2 0.07965505 -0.26669103 1.04770911 2 0.18327132 -0.01884072 0.74169594 3
2 0.07871671 -0.26866961 1.04793870 2 0.18637225 0.00277622 0.74330324 3
2 0.08347607 -0.26835278 1.04666018 2 0.19150594 0.02347979 0.74304116 3
2 0.08559886 -0.26830536 1.04595482 2 0.19767134 0.04427615 0.74495071 3
2 0.08272253 -0.27076244 1.04531395 2 0.20458700 0.05514861 0.74367148 3
2 0.08073489 -0.27074879 1.04495084 2 0.21163192 0.06426085 0.74675375 3
2 0.07923081 -0.27117306 1.04534507 2 0.21878968 0.07207566 0.75337863 3
2 0.08441906 -0.27030602 1.04538476 2 0.22620934 0.07905003 0.75942624 0
2 0.08703029 -0.25828752 1.04487276 2 0.23312636 0.08434252 0.72972351 0
2 0.09085380 -0.25633061 1.04558551 2 0.23813526 0.08752251 0.72800678 2
-999
