2 0.07135754 -0.28506151 1.06622124 2 0.27724224 -0.10241636 0.81212687 3
2 0.07178972 -0.28520441 1.06631315 2 0.27506632 -0.10514215 0.81474346 3
2 0.07194848 -0.28522488 1.06636500 2 0.27351564 -0.10619522 0.81130970 3
2 0.07246871 -0.28544897 1.06644225 2 0.27262941 -0.10360060 0.81276721 3
2 0.07263064 -0.28549892 1.06645823 2 0.27370605 -0.10256464 0.81484199 3
2 0.07284361 -0.28555468 1.06654239 2 0.27306876 -0.10090484 0.81415021 3
2 0.07310465 -0.28570518 1.06676793 2 0.27447927 -0.10105920 0.81882101 3
2 0.07679166 -0.28823590 1.07291162 2 0.27396807 -0.10065800 0.82050174 3
2 0.07907242 -0.29031780 1.07545197 2 0.27745774 -0.09507114 0.83473307 0
2 0.08014788 -0.29086742 1.07657683 2 0.27349955 -0.05750454 0.84877276 0
2 0.08042101 -0.29095361 1.07666075 2 0.27175283 -0.05534144 0.84809852 0
2 0.08093852 -0.29108703 1.07705331 2 0.26773778 -0.04995743 0.85783613 0
2 0.08136964 -0.29130095 1.07777810 2 0.24645187 -0.08705220 0.85210967 0
2 0.08199140 -0.29185858 1.07785797 2 0.26134709 -0.04443002 0.85991251 0
2 0.08231882 -0.29224852 1.07815158 2 0.26194191 -0.04346158 0.85913879 0
2 0.08239171 -0.29237002 1.07813799 2 0.25193289 -0.04709189 0.85822672 0
2 0.07987026 -0.29042590 1.07374191 2 0.25123772 -0.04420090 0.85556895 0
2 0.07810874 -0.28889185 1.07086170 2 0.26024401 -0.03744100 0.84754288 0
2 0.07875463 -0.28988606 1.07212365 2 0.26994720 -0.05807175 0.84113300 0
2 0.07638775 -0.28750941 1.06718087 2 0.25388974 -0.10212912 0.79945546 0
2 0.07503735 -0.28584713 1.06470215 2 0.26496264 -0.09049302 0.76862884 2
-999
