2 0.19474734 -0.26015013 0.83880919 2 0.14326474 0.00498906 0.64337313 3
2 0.19568810 -0.26014990 0.83570606 2 0.14090973 0.00330064 0.64078748 3
2 0.19554172 -0.26036179 0.83491588 2 0.13883287 -0.00054750 0.63847589 3
1 0.19546925 -0.26037616 0.83483279 2 0.13702652 -0.00504322 0.63694119 3
1 0.19535682 -0.26038620 0.83485174 2 0.13543126 -0.01039644 0.63558716 3
1 0.19516562 -0.26040602 0.83506012 2 0.13401660 -0.01594663 0.63606918 3
1 0.19535890 -0.27028027 0.84025574 2 0.13247241 -0.02137790 0.63509327 3
1 0.19526686 -0.27024209 0.84040207 2 0.13104139 -0.02673263 0.63459611 3
2 0.19426282 -0.26780000 0.83807307 2 0.12894866 -0.03190528 0.63489687 3
2 0.19344713 -0.26576969 0.83735287 2 0.12662670 -0.03672377 0.63315868 3
2 0.19220641 -0.26140875 0.83803999 2 0.12434717 -0.04053903 0.62963384 3
2 0.19227049 -0.25536641 0.83678299 2 0.12214742 -0.04200356 0.63133830 3
2 0.15582184 -0.26132229 0.87884152 2 0.12006024 -0.04218458 0.63000739 3
2 0.14966810 -0.26010680 0.88035798 2 0.11803980 -0.04102590 0.62968612 3
2 0.08493989 -0.26151037 0.92267787 2 0.11615031 -0.03876911 0.62412935 3
2 0.08572640 -0.26204565 0.92224765 2 0.11472638 -0.03515524 0.62350321 3
2 0.08666915 -0.26144180 0.92212147 2 0.11407600 -0.02938311 0.62323570 3
2 0.08762145 -0.26093516 0.92175847 2 0.11622901 -0.02289321 0.62604427 3
2 0.08812359 -0.26054826 0.92171824 2 0.11967020 -0.01156514 0.62799996 3
2 0.08836062 -0.26036194 0.92182696 2 0.12557162 0.00127811 0.63092995 3
2 0.08868181 -0.26010594 0.92212623 2 0.13363075 0.01470669 0.63290083 3
2 0.08926785 -0.25922799 0.92278361 2 0.14399686 0.02756659 0.63632721 3
2 0.08696073 -0.25936931 0.92281395 2 0.15676871 0.03997356 0.63311148 3
2 0.08515941 -0.25978661 0.92285997 2 0.17158176 0.05150982 0.63573873 3
2 0.07131712 -0.26046005 0.92562550 2 0.18824877 0.06168900 0.64293867 3
2 0.06817456 -0.26206711 0.92583388 2 0.20593786 0.06772038 0.63589740 3
2 0.06721024 -0.26348841 0.92617565 2 0.22240862 0.07087121 0.63573378 3
2 0.06847329 -0.26406416 0.92591214 2 0.23784265 0.06600734 0.62676024 3
2 0.07310239 -0.26638913 0.92425418 2 0.25099334 0.05433393 0.61302286 3
2 0.07625765 -0.26912671 0.92328858 2 0.26204976 0.04021541 0.60766548 0
2 0.07789471 -0.27125591 0.92241096 2 0.27079922 0.02237275 0.60167414 0
2 0.08391702 -0.27245539 0.92236400 2 0.27625817 0.00290205 0.59961653 3
2 0.08826377 -0.27297366 0.92181867 2 0.27733234 -0.01790622 0.59418237 3
2 0.10683613 -0.28014544 0.91845846 2 0.27457270 -0.03871449 0.58604491 3
2 0.13944450 -0.28138816 0.88343543 2 0.26825878 -0.05753324 0.58171004 3
2 0.13910259 -0.28229517 0.88259065 2 0.25886354 -0.07418919 0.58206809 3
2 0.13630524 -0.28363243 0.88079828 2 0.24716821 -0.08766862 0.58289862 3
2 0.13509794 -0.28254572 0.88049614 2 0.23222388 -0.09575185 0.58558172 3
2 0.13847400 -0.27861369 0.87597311 2 0.21509464 -0.10031966 0.58739942 3
1 0.17360206 -0.22110550 0.84811509 2 0.19672391 -0.09947148 0.58911037 3
1 0.16832995 -0.31280884 0.89701450 2 0.17796345 -0.09481101 0.59074491 3
2 0.14750239 -0.29362503 0.88199008 2 0.16154654 -0.08661673 0.59140849 3
2 0.10226770 -0.26634204 0.90224963 2 0.14710948 -0.07630870 0.58867621 3
2 0.09991218 -0.26700145 0.90403467 2 0.13462456 -0.06382773 0.58905917 3
2 0.09816146 -0.26644111 0.90512896 2 0.12437455 -0.04932990 0.58930510 3
2 0.09713508 -0.26612785 0.90578407 2 0.11753473 -0.03293808 0.58722299 3
2 0.09640188 -0.26589802 0.90640944 2 0.11554357 -0.01530064 0.59030336 3
2 0.09585058 -0.26596528 0.90674436 2 0.11721150 0.00049015 0.59079224 3
2 0.09536559 -0.26615572 0.90715218 2 0.12174675 0.01458910 0.59496671 3
2 0.09491985 -0.26642776 0.90746033 2 0.12809595 0.02650381 0.59663945 3
2 0.09351007 -0.26758716 0.90753031 2 0.13504481 0.03622225 0.60264635 3
2 0.09043164 -0.26948506 0.90787524 2 0.14199366 0.04398135 0.59310395 2
-999
