2 0.08142195 -0.26034048 0.86264002 2 0.07210588 0.01074759 0.58171278 2
2 0.08132906 -0.26028249 0.86265796 2 0.07168730 0.01098804 0.58170092 2
2 0.08113833 -0.26032549 0.86281776 2 0.07144956 0.01117147 0.58174723 2
2 0.08102938 -0.26025718 0.86280370 2 0.07096263 0.01119919 0.58165592 2
2 0.08093251 -0.26031280 0.86272484 2 0.07038258 0.01119859 0.58138818 2
2 0.08081861 -0.26037216 0.86271393 2 0.06963170 0.01146416 0.58130121 2
2 0.08069352 -0.26037228 0.86265254 2 0.06874628 0.01157517 0.58117145 2
2 0.08061417 -0.26037425 0.86266685 2 0.06798521 0.01177804 0.58141220 2
2 0.08048755 -0.26032382 0.86257505 2 0.06744288 0.01180516 0.58134925 2
2 0.08042087 -0.26032087 0.86256468 2 0.06709355 0.01198204 0.58146262 2
2 0.08029785 -0.26023459 0.86261719 2 0.06692129 0.01262428 0.58169121 2
2 0.08025943 -0.26019886 0.86268681 2 0.06862924 0.01160104 0.58253211 2
2 0.08029363 -0.26019683 0.86265910 2 0.07244440 0.01103045 0.58385646 2
2 0.08045320 -0.26016214 0.86251438 2 0.07570907 0.01067270 0.58498824 2
2 0.08446259 -0.25433710 0.86251843 2 0.07933934 0.01288446 0.58699626 2
2 0.08924814 -0.25046280 0.86218464 2 0.08270104 0.01512036 0.58893859 2
2 0.08919100 -0.25166243 0.86138701 2 0.08785356 0.01668180 0.59028012 2
2 0.08937033 -0.25239733 0.86063272 2 0.09320420 0.01682695 0.59268850 2
2 0.09771774 -0.24614869 0.85494065 2 0.09839088 0.02688984 0.59652513 2
1 0.09783226 -0.24626517 0.85492051 2 0.11382773 0.02440929 0.59081745 2
1 0.09374191 -0.25460938 0.85311544 2 0.11898507 0.03469196 0.60568857 2
1 0.08535031 -0.26665077 0.85714853 2 0.12755992 0.01906832 0.60729629 2
2 0.09051599 -0.25891316 0.85686129 2 0.13238834 0.02678083 0.60969710 2
2 0.10149695 -0.24687091 0.85683477 2 0.14206243 0.01667727 0.61398214 2
2 0.09820011 -0.24678110 0.86034811 2 0.14567970 0.02495239 0.61300749 2
2 0.10411893 -0.24394721 0.85857135 2 0.15513282 0.01570181 0.61742276 2
2 0.10025828 -0.24487402 0.86262083 2 0.15827699 0.01995819 0.61686778 2
2 0.09537610 -0.24702951 0.86538094 2 0.16788796 0.01326023 0.61903363 2
2 0.07353289 -0.25947154 0.88312072 2 0.17652881 0.00721370 0.62188643 2
2 0.07545236 -0.25903264 0.88043976 2 0.18300283 0.00354122 0.62257326 2
2 0.07660576 -0.25876278 0.87899113 2 0.18810777 0.00381274 0.62241238 2
2 0.07308123 -0.26222271 0.88272703 2 0.19515067 0.00113728 0.62207252 2
2 0.07199169 -0.26355308 0.88340062 2 0.20290565 -0.00681880 0.62178177 2
2 0.07143267 -0.26471740 0.88445324 2 0.21023148 -0.01630932 0.62288380 2
2 0.07124691 -0.26608676 0.88519514 2 0.21662965 -0.02894110 0.62316746 2
2 0.07548951 -0.26432717 0.88139915 2 0.22230917 -0.04293095 0.62519592 2
2 0.07460640 -0.26628157 0.88388205 2 0.22606215 -0.05431434 0.62639433 2
2 0.07483982 -0.26620376 0.88379198 2 0.22909723 -0.07184340 0.62713271 2
2 0.07363776 -0.26667470 0.88775891 2 0.23078692 -0.08877322 0.62914276 2
2 0.07411399 -0.26644862 0.88755530 2 0.22617286 -0.11662974 0.63252389 2
2 0.07445577 -0.26682714 0.89023083 2 0.22201532 -0.12511164 0.63269746 2
2 0.07512356 -0.26667988 0.88983315 2 0.22036278 -0.12083466 0.62315249 2
2 0.07542340 -0.26668748 0.88966238 2 0.21930522 -0.12406175 0.61077708 2
2 0.07575580 -0.26685700 0.88935643 2 0.21811104 -0.13572174 0.60369986 2
2 0.07642371 -0.26748052 0.88884008 2 0.21463244 -0.14521801 0.59926260 2
2 0.07717639 -0.26830024 0.88827813 2 0.20904598 -0.16036120 0.59490961 2
2 0.07762960 -0.26896721 0.88790870 2 0.20285751 -0.17378046 0.59338886 2
2 0.07779668 -0.26953724 0.88763225 2 0.19625093 -0.20418198 0.60847086 2
2 0.07787770 -0.26992956 0.88749355 2 0.18589409 -0.20868804 0.59405822 2
2 0.07783536 -0.27025074 0.88737983 2 0.17941365 -0.21927491 0.59371275 2
2 0.07764980 -0.27048030 0.88730055 2 0.16989510 -0.22446483 0.59130269 2
2 0.07718340 -0.27078098 0.88722932 2 0.15869997 -0.23602171 0.59328359 2
2 0.07642775 -0.27114937 0.88709533 2 0.15014200 -0.24043889 0.59269994 2
2 0.07521963 -0.27154255 0.88699198 2 0.12898907 -0.24018371 0.59010327 0
2 0.07293275 -0.27181029 0.88651443 2 0.11442932 -0.24099436 0.58910674 0
2 0.06979711 -0.27177605 0.88590056 2 0.09600098 -0.26848823 0.59652507 2
2 0.05830837 -0.27397746 0.88716018 2 0.08846208 -0.26511809 0.59150898 2
2 0.05282259 -0.27507275 0.88721418 2 0.08787860 -0.26514086 0.58967590 2
2 0.04575212 -0.27754840 0.88506365 2 0.07492004 -0.23086211 0.58241272 2
1 0.04276093 -0.27834558 0.88399440 2 0.06712270 -0.22181447 0.58140653 2
1 0.04085099 -0.27867022 0.88311374 2 0.06289429 -0.21477126 0.57981342 2
2 0.09630514 -0.27929711 0.87222594 2 0.06125039 -0.21806733 0.57755697 2
2 0.13131605 -0.28453523 0.86551219 2 0.08065856 -0.22055995 0.60156357 2
2 0.13169378 -0.28448322 0.86587340 2 0.02850703 -0.17722166 0.57778567 2
2 0.13168271 -0.28442299 0.86598605 2 0.02854648 -0.17722806 0.57781577 2
2 0.12070798 -0.28807333 0.87000203 2 0.02630210 -0.17438450 0.57917118 2
2 0.11887308 -0.28863487 0.86988014 2 0.04917782 -0.18042970 0.59388745 2
2 0.11599189 -0.29019946 0.86937189 2 0.01139139 -0.16808803 0.58166319 2
2 0.09363354 -0.29959553 0.86724502 2 0.01159033 -0.16783263 0.58142585 2
2 0.08984154 -0.30123574 0.86661369 2 0.01086871 -0.16609745 0.58197021 2
2 0.07593490 -0.30754802 0.86428308 2 0.01079843 -0.16372919 0.58200228 2
2 0.07280257 -0.30919731 0.86330342 2 0.01775134 -0.15478939 0.58267069 2
2 0.07206023 -0.30937821 0.86289382 2 0.02318089 -0.13880031 0.58204919 2
2 0.07183596 -0.30924410 0.86272085 2 0.01154985 -0.11014774 0.57568204 2
2 0.07161476 -0.30826646 0.86236590 2 0.01233112 -0.10325126 0.57323503 2
2 0.07139497 -0.30574042 0.86229539 2 -0.01427894 -0.06770902 0.55698234 2
2 0.07167204 -0.30190662 0.86325657 2 -0.00583952 -0.05776558 0.55748063 2
2 0.07228979 -0.29748973 0.86423975 2 0.00261331 -0.04983279 0.55782855 2
2 0.07294771 -0.29296279 0.86437130 2 0.01059989 -0.04204306 0.55703062 2
2 0.07197078 -0.26418525 0.86292589 2 0.01825690 -0.03748612 0.55787551 2
2 0.07229550 -0.26834947 0.86365432 2 0.01392986 -0.02091125 0.55162215 2
2 0.07193118 -0.26790974 0.86425769 2 0.01221415 -0.00918374 0.54961735 2
2 0.07078832 -0.26177874 0.86415559 2 0.00905429 0.00127102 0.54804188 2
2 0.07030168 -0.25670493 0.86551017 2 0.01098251 0.00239790 0.54819393 2
2 0.07023111 -0.25510824 0.86567277 2 0.01269401 0.00508091 0.55044919 2
2 0.07026799 -0.25596640 0.86558920 2 0.01436375 0.00497404 0.55110341 2
2 0.07036000 -0.25691500 0.86595559 2 0.01482238 0.00580146 0.55203551 2
2 0.07041989 -0.25771791 0.86624306 2 0.01495646 0.00580964 0.55220437 2
2 0.07042656 -0.25837198 0.86626863 2 0.01515295 0.00591680 0.55262071 2
2 0.07053287 -0.25894913 0.86645043 2 0.01350169 0.00784596 0.55171174 2
-999
