2 0.05673578 -0.12628695 0.96193689 2 0.26481080 -0.14179665 0.59077352 0
2 0.05672171 -0.12637980 0.96196836 2 0.26395482 -0.14255600 0.59150624 0
2 0.05666428 -0.12623248 0.96193963 2 0.26400620 -0.14239338 0.59217024 0
2 0.05654672 -0.12583902 0.96167773 2 0.26383275 -0.14295579 0.59157717 0
2 0.05651816 -0.12575488 0.96165800 2 0.26254809 -0.14294139 0.59204811 0
2 0.05651520 -0.12579802 0.96164423 2 0.26243708 -0.14294501 0.59222609 0
2 0.05652263 -0.12586999 0.96168512 2 0.26258788 -0.14266297 0.59228081 0
2 0.05655927 -0.12609085 0.96168441 2 0.26217771 -0.14256476 0.59258121 0
2 0.05654414 -0.12610856 0.96165901 2 0.26139200 -0.14306104 0.59322023 0
2 0.05657130 -0.12630101 0.96169007 2 0.26092696 -0.14280304 0.59293389 0
2 0.05636395 -0.12888759 0.96270418 2 0.26090121 -0.14237636 0.59283197 0
2 0.05623233 -0.12828602 0.96250939 2 0.26062262 -0.14122912 0.59356034 0
2 0.05623672 -0.12828253 0.96249473 2 0.25476700 -0.13755701 0.59273738 0
2 0.05619489 -0.12784711 0.96239758 2 0.25048718 -0.13521568 0.59618467 0
2 0.05621003 -0.12737338 0.96215135 2 0.23908389 -0.12747802 0.59839886 0
2 0.05676802 -0.12972286 0.96279138 2 0.22931081 -0.12186056 0.60035223 0
2 0.05680875 -0.12966399 0.96271968 2 0.22041094 -0.11866672 0.60510701 0
2 0.05670764 -0.12835883 0.96239734 2 0.20626393 -0.11150399 0.61036962 0
2 0.05708592 -0.12768292 0.96174622 2 0.19582601 -0.10581739 0.61104298 2
2 0.05693398 -0.12592931 0.96098411 2 0.18299308 -0.09199379 0.61336315 2
2 0.04853738 -0.10986143 0.95586514 2 0.17059028 -0.08613152 0.61691368 0
2 0.04215401 -0.09612284 0.94835949 2 0.15843123 -0.08174487 0.62150687 0
1 0.04215184 -0.09552852 0.94825864 2 0.14732541 -0.07562590 0.62535942 2
2 0.04201803 -0.08337067 0.93964893 2 0.13455243 -0.07174851 0.62864429 2
1 0.04988500 -0.06600374 0.92974091 2 0.11235756 -0.04929229 0.63500655 0
2 0.04542063 -0.06018579 0.92615795 2 0.10343917 -0.04337607 0.64029586 0
1 0.04530969 -0.05901759 0.92592072 2 0.10982310 -0.01430673 0.62886345 0
2 0.04991890 -0.03213773 0.85122305 2 0.09627640 -0.00824683 0.63284928 0
2 0.04777041 -0.00366274 0.79493022 2 0.08501434 -0.00356134 0.63568330 0
2 0.04696633 -0.01084958 0.77989429 2 0.07199983 0.00096886 0.64035851 0
2 0.04473773 -0.01280836 0.77191341 2 0.06042871 0.00390025 0.64041799 1
1 0.04487643 -0.01286328 0.77170247 2 0.05097613 0.00464309 0.64412665 1
1 0.04483324 -0.01260863 0.77164054 2 0.04131426 0.00576602 0.64744484 1
1 0.04502283 -0.01242325 0.77176368 2 0.02991633 0.00032071 0.65174794 1
1 0.04546116 -0.01245606 0.77211154 2 0.02030618 -0.00215412 0.65548700 0
1 0.04630482 -0.01239077 0.77267575 2 0.01393969 -0.00321170 0.65644175 0
1 0.04719098 -0.01263731 0.77325225 2 0.00668581 -0.00580789 0.65991974 0
1 0.04685025 -0.01594539 0.77395415 2 0.00143918 -0.00715081 0.66141880 0
1 0.04655974 -0.01616415 0.77392268 2 -0.00142534 -0.00805532 0.66144639 0
-999
