1 0.04702676 -0.06508137 1.08938575 2 0.18648015 -0.05742849 0.86215669 3
1 0.04702713 -0.06509544 1.08936918 2 0.19331467 -0.04974718 0.86370438 3
1 0.04703609 -0.06509797 1.08935356 2 0.21644947 -0.04542547 0.85658050 3
1 0.04703198 -0.06508847 1.08937883 2 0.22724730 -0.04827469 0.85104382 3
1 0.04804944 -0.06527510 1.08963227 2 0.24035199 -0.05303427 0.84753871 3
1 0.04776215 -0.06522151 1.08954775 2 0.24350445 -0.05470267 0.84348476 3
1 0.04763523 -0.06515359 1.08965969 2 0.24588054 -0.05686493 0.84295005 3
1 0.04762164 -0.06515636 1.08957052 2 0.24711601 -0.05789466 0.84272456 3
1 0.04761218 -0.06515924 1.08953476 2 0.24589723 -0.05881329 0.84646726 3
1 0.05277551 -0.06881269 1.09456074 2 0.24376556 -0.05918115 0.84309983 3
1 0.05256394 -0.06868986 1.09450996 2 0.24125662 -0.06313802 0.84706265 3
1 0.05411839 -0.06973384 1.09574616 2 0.23031424 -0.04801346 0.85543740 0
1 0.05326816 -0.06936502 1.09495854 2 0.23318885 -0.04145509 0.85302049 0
2 0.05867351 -0.07558716 1.10057640 2 0.23521048 -0.04499583 0.85383141 0
1 0.06034772 -0.07728398 1.10195577 2 0.27735433 -0.18977353 0.85115319 0
2 0.06864716 -0.08608496 1.11228228 2 0.27512762 -0.18681361 0.85057843 0
1 0.06849017 -0.08618522 1.11200273 2 0.21828906 -0.05305821 0.85101789 0
1 0.06826063 -0.08586230 1.11131597 2 0.26224318 -0.17166764 0.84905493 0
1 0.06713855 -0.08554892 1.10907841 1 0.12694457 -0.03017513 0.85066891 0
2 0.09813676 -0.29045972 1.08257699 2 0.22623304 -0.04971075 0.85451972 0
2 0.12482800 -0.29877001 1.04742694 2 0.22333288 -0.00952070 0.87726820 0
2 0.11340220 -0.29438627 1.06079578 2 0.22102749 -0.00835252 0.88428634 0
2 0.11220858 -0.29387534 1.06185579 2 0.22175962 -0.00657421 0.88721234 0
2 0.11122136 -0.29369369 1.06327152 2 0.22695334 -0.04748004 0.87260884 0
2 0.11061575 -0.29350835 1.06375754 2 0.22688514 -0.04972398 0.87320727 0
2 0.11017215 -0.29330361 1.06389928 2 0.22409907 -0.05333453 0.86939114 0
2 0.10753067 -0.29123226 1.06256282 2 0.21412526 -0.06347298 0.84418219 0
2 0.09575075 -0.28287232 1.05665076 2 0.21684429 -0.08592341 0.79751086 0
2 0.09070154 -0.27861848 1.05077493 2 0.21554723 -0.08962798 0.77589887 0
2 0.09093490 -0.27714962 1.04523718 2 0.21425441 -0.08706728 0.74639952 0
2 0.08979083 -0.27344888 1.04159510 2 0.21348898 -0.09346364 0.72969395 0
2 0.08681984 -0.26820752 1.03589499 2 0.21041386 -0.10230421 0.72116703 0
2 0.09013143 -0.28625518 1.02026296 2 0.19698021 -0.15387604 0.69702530 0
2 0.08928042 -0.28654256 1.01628232 2 0.19230399 -0.15851621 0.69346118 0
1 0.08878382 -0.28338712 1.01505947 2 0.18037798 -0.15946525 0.68889916 0
1 0.08440933 -0.27291065 1.00445497 2 0.17626762 -0.16476120 0.67951035 0
1 0.08411595 -0.26337790 0.99193883 2 0.16525900 -0.14624473 0.66064250 0
1 0.08150929 -0.26194343 0.98702908 1 0.17226379 -0.14281541 0.64062005 0
1 0.12392237 -0.27895993 0.95779347 2 0.19295602 -0.18978387 0.58116961 2
