2 0.15508419 -0.27269843 1.00576556 2 0.17746060 0.03134560 0.78079754 3
2 0.15502290 -0.27355433 1.00557530 2 0.17736284 0.03089233 0.77563673 3
2 0.15460494 -0.27295449 1.00621128 2 0.17742556 0.03051398 0.77256024 3
2 0.15456273 -0.27276731 1.00621510 2 0.17806882 0.03029832 0.76741004 3
2 0.15446892 -0.27263829 1.00629163 2 0.17871284 0.03010140 0.76599598 3
2 0.15183641 -0.27325499 1.00938666 2 0.17935687 0.02995053 0.76644170 3
2 0.15062712 -0.27379224 1.01107025 2 0.18009788 0.02984220 0.76596153 3
2 0.14994827 -0.27402526 1.01168525 2 0.18083890 0.02988295 0.76409543 3
2 0.14941856 -0.27421084 1.01212800 2 0.18147676 0.02990287 0.76466674 3
2 0.14900759 -0.27432364 1.01265919 2 0.18173365 0.02983344 0.76477665 3
2 0.14890288 -0.27428794 1.01285768 2 0.18164705 0.02976401 0.76419473 3
2 0.14941205 -0.27364859 1.01246667 2 0.18110862 0.02969457 0.76228034 3
2 0.15036860 -0.27175233 1.01230836 2 0.17982949 0.02958439 0.75975114 3
2 0.15023047 -0.27019209 1.01295340 2 0.17841324 0.02947421 0.75722694 3
2 0.14983943 -0.26883823 1.01332390 2 0.17679366 0.02961070 0.75407189 3
2 0.14969847 -0.26507917 1.01311195 2 0.17517409 0.03013228 0.75304359 3
2 0.15035780 -0.26198366 1.01189590 2 0.17355451 0.03152740 0.75664645 3
2 0.15515685 -0.25720307 1.00571918 2 0.17203808 0.03431771 0.74965161 3
2 0.15691958 -0.25720066 1.00004518 2 0.17090262 0.03914298 0.75176924 3
2 0.16133627 -0.25612631 0.99037731 2 0.17104451 0.04557782 0.75749177 3
2 0.16114844 -0.25513497 0.99087882 2 0.17323586 0.05302425 0.76484001 3
2 0.16076177 -0.25414959 0.99185640 2 0.17618732 0.06545634 0.76701599 3
2 0.15641144 -0.25371277 0.99795657 2 0.18113743 0.07788843 0.77293026 3
2 0.15353408 -0.25633648 1.00052261 2 0.18830442 0.09007385 0.77719855 3
2 0.15134983 -0.25701034 1.00300658 2 0.19777745 0.10187418 0.77498120 3
2 0.14348604 -0.25888410 1.01211798 2 0.20925745 0.11280096 0.77441317 3
2 0.13995616 -0.25903857 1.01585078 2 0.22290394 0.12221327 0.77429181 3
2 0.13851148 -0.26005125 1.01741242 2 0.23843713 0.12617970 0.76967597 3
2 0.13778260 -0.26215646 1.01867568 2 0.25457621 0.12808643 0.76129347 3
2 0.13728417 -0.26369277 1.01920319 2 0.26895720 0.12642507 0.74999177 3
2 0.13715759 -0.26518804 1.01965654 2 0.28273821 0.11698540 0.73912811 3
2 0.13732538 -0.26614636 1.01978230 2 0.29465771 0.10463931 0.72966874 3
2 0.13798042 -0.26724619 1.02010047 2 0.30456364 0.09002879 0.72811115 3
2 0.13873538 -0.26911530 1.01993918 2 0.31039444 0.07334551 0.72731924 3
2 0.13980496 -0.27193484 1.01878941 2 0.31186977 0.05498942 0.72431678 3
1 0.14009647 -0.27208534 1.01868927 2 0.30818409 0.03677346 0.72484851 3
2 0.14172675 -0.27605644 1.01580429 2 0.29922774 0.02205775 0.71942359 3
2 0.14443623 -0.27769765 1.01367331 2 0.28604442 0.00779217 0.71486455 3
2 0.14640266 -0.27451065 1.01088190 2 0.27070904 -0.00391690 0.71398991 3
2 0.14973511 -0.26587504 1.00410187 2 0.25369823 -0.01155782 0.71141809 3
2 0.15107118 -0.26180923 1.00078070 2 0.23566392 -0.01428128 0.71213514 3
2 0.15147789 -0.26044092 0.99972767 2 0.21762674 -0.01239993 0.71484971 3
2 0.15173271 -0.25967625 0.99938399 2 0.20135866 -0.00611869 0.72009897 3
2 0.15180805 -0.25933450 0.99939662 2 0.18743907 0.00397776 0.72607005 3
2 0.15184575 -0.25912812 0.99945289 2 0.17651401 0.01501733 0.73044395 3
2 0.15086468 -0.26141989 1.00317740 1 0.16897292 0.02657310 0.73271817 0
2 0.15051821 -0.26218635 1.00425899 1 0.16424237 0.03812888 0.73842901 0
2 0.15018740 -0.26241636 1.00573230 1 0.16170743 0.04968465 0.73584497 0
2 0.14975719 -0.26221114 1.00685787 2 0.16086447 0.05996493 0.73289037 0
2 0.14959584 -0.26193544 1.00754762 2 0.16107847 0.06823415 0.73472339 2
-999
