2 0.41696841 0.12251882 0.85845768 2 0.42248189 0.09784739 0.85845768 3
2 0.41977555 0.11382304 0.85630882 2 0.42412513 0.09775133 0.85630882 3
2 0.42050093 0.10364836 0.85440570 2 0.42561993 0.09843411 0.85440570 3
2 0.42057389 0.09988179 0.85138756 2 0.42399889 0.09988179 0.85138756 3
2 0.42248189 0.09988179 0.85253745 2 0.42262676 0.10043751 0.85253745 3
2 0.42248189 0.09988179 0.85485363 2 0.42085996 0.10163242 0.85485363 3
2 0.42248189 0.09988179 0.85155076 2 0.41400543 0.10188679 0.85155076 3
2 0.42248189 0.09988179 0.84981716 2 0.40320200 0.10270081 0.84981716 3
2 0.42248189 0.10043751 0.85058165 2 0.38830787 0.10712360 0.85058165 3
2 0.42085996 0.10163242 0.85233808 2 0.37023374 0.11032705 0.85233808 3
2 0.41400543 0.10188679 0.85447979 2 0.35032463 0.11028960 0.85447979 3
2 0.40320200 0.10270081 0.85426199 2 0.32572386 0.10841387 0.85426199 3
2 0.38830787 0.10270081 0.85332590 2 0.30068305 0.10252034 0.85332590 3
2 0.37023374 0.10270081 0.85573226 2 0.27712810 0.09067497 0.85573226 3
2 0.35032463 0.10270081 0.86033070 2 0.24961147 0.08349453 0.86033070 3
2 0.32572386 0.10270081 0.86333138 2 0.22574815 0.06973297 0.86333138 3
2 0.30068305 0.10252034 0.86603773 2 0.20732093 0.04950788 0.86603773 3
2 0.27712810 0.09067497 0.86395538 2 0.19318078 0.02680374 0.86395538 3
2 0.24961147 0.08349453 0.86535037 2 0.17959078 0.00396291 0.86535037 3
2 0.22574815 0.06973297 0.85877430 2 0.16870205 -0.01879059 0.85877430 3
2 0.20732093 0.04950788 0.85645860 2 0.16369483 -0.04427257 0.85645860 3
2 0.19318078 0.02680374 0.85328680 2 0.16048367 -0.06905878 0.85328680 3
2 0.17959078 0.00396291 0.84193915 2 0.16008957 -0.09391364 0.84193915 3
2 0.16870205 -0.01879059 0.83372051 2 0.16364329 -0.11613466 0.83372051 3
2 0.16870205 -0.04427257 0.82023484 2 0.17280979 -0.13612504 0.82023484 3
2 0.16870205 -0.06905878 0.80435359 2 0.18376406 -0.15475972 0.80435359 3
2 0.16870205 -0.09391364 0.78783298 2 0.20274815 -0.17211020 0.78783298 3
2 0.16870205 -0.11613466 0.76916784 2 0.22298869 -0.18909177 0.76916784 3
2 0.17280979 -0.13612504 0.75338280 2 0.24679866 -0.20309429 0.75338280 3
2 0.18376406 -0.15475972 0.73885196 2 0.27344540 -0.21414550 0.73885196 3
2 0.20274815 -0.17211020 0.73096955 2 0.30303279 -0.22294554 0.73096955 3
2 0.22298869 -0.18909177 0.72556269 2 0.32438955 -0.22825009 0.72556269 0
2 0.24679866 -0.20309429 0.71888685 2 0.35912797 -0.22626117 0.71888685 0
2 0.27344540 -0.21414550 0.71503091 2 0.38685977 -0.22483039 0.71503091 0
2 0.30303279 -0.22294554 0.71874887 2 0.41056424 -0.22678910 0.71874887 0
2 0.32438955 -0.22294554 0.71991861 2 0.43533784 -0.22149117 0.71991861 0
2 0.35912797 -0.22294554 0.72724444 2 0.46279266 -0.21031812 0.72724444 0
2 0.38685977 -0.22294554 0.74540287 2 0.48283744 -0.21010165 0.74540287 1
2 0.41056424 -0.22294554 0.78110111 2 0.50106978 -0.21801423 0.78110111 1
2 0.43533784 -0.22149117 0.80450499 2 0.51431781 -0.21900801 0.80450499 1
2 0.46279266 -0.21900801 0.83008146 2 0.52157623 -0.21848825 0.83008146 1
2 0.48283744 -0.21848825 0.84010983 2 0.52694601 -0.20765258 0.84010983 1
2 0.50106978 -0.21801423 0.84676850 2 0.52928764 -0.19532062 0.84676850 1
2 0.51431781 -0.21031812 0.85119885 2 0.53116393 -0.17836426 0.85119885 0
2 0.52157623 -0.21010165 0.85492927 2 0.53510499 -0.15795994 0.85492927 0
2 0.52694601 -0.20765258 0.86011523 2 0.53840292 -0.13768302 0.86011523 1
2 0.52928764 -0.19532062 0.85974318 2 0.53711456 -0.11875932 0.85974318 1
2 0.53116393 -0.17836426 0.86527902 2 0.53312272 -0.10067498 0.86527902 0
2 0.53312272 -0.15795994 0.86108005 2 0.54150593 -0.05739411 0.86108005 0
2 0.53510499 -0.13768302 0.85144126 2 0.53862327 -0.01800740 0.85144126 1
2 0.53510499 -0.11875932 0.85140574 2 0.53470385 0.01110752 0.85140574 1
2 0.53510499 -0.10067498 0.85156190 2 0.52382767 0.02692002 0.85156190 0
2 0.53510499 -0.05739411 0.85328394 2 0.51047015 0.05554422 0.85328394 0
2 0.53470385 -0.01800740 0.85461891 2 0.48944661 0.06927387 0.85461891 0
2 0.53312272 0.01110752 0.85792243 2 0.46804240 0.08008119 0.85792243 0
2 0.52382767 0.02692002 0.86280638 2 0.44937837 0.08966655 0.86280638 3
2 0.51047015 0.05554422 0.86541486 2 0.42777741 0.10070718 0.86541486 3
2 0.48944661 0.06927387 0.86829299 2 0.40808287 0.10415345 0.86829299 3
2 0.46804240 0.08008119 0.87370908 2 0.38952726 0.10983430 0.87370908 3
2 0.44937837 0.08966655 0.87632984 2 0.37185171 0.10942333 0.87632984 3
2 0.42777741 0.10070718 0.87793392 2 0.35552400 0.10780787 0.87793392 3
2 0.40808287 0.10415345 0.88319314 2 0.33835319 0.10684418 0.88319314 3
2 0.38952726 0.10415345 0.88043147 2 0.32239360 0.10125460 0.88043147 3
2 0.37185171 0.10415345 0.88372481 2 0.30924201 0.09676346 0.88372481 3
2 0.35552400 0.10415345 0.88109118 2 0.29409730 0.09050803 0.88109118 3
2 0.33835319 0.10415345 0.87939888 2 0.28057557 0.08360633 0.87939888 3
2 0.32239360 0.10125460 0.88372308 2 0.27316347 0.07931180 0.88372308 3
2 0.30924201 0.09676346 0.88555425 2 0.26765963 0.07719798 0.88555425 3
2 0.29409730 0.09050803 0.88344914 2 0.26494247 0.07668645 0.88344914 3
2 0.28057557 0.08360633 0.88332814 2 0.26400155 0.07785366 0.88332814 3
2 0.27316347 0.07931180 0.88189393 2 0.26529455 0.07696806 0.88189393 3
2 0.26765963 0.07846486 0.88381141 2 0.26717857 0.07846486 0.88381141 3
2 0.26765963 0.07846486 0.88189763 2 0.26799485 0.07882766 0.88189763 3
2 0.26765963 0.07785366 0.88103652 2 0.26905301 0.07760392 0.88103652 3
2 0.26765963 0.07760392 0.88118547 2 0.27110642 0.07687416 0.88118547 3
2 0.26765963 0.07734850 0.88195437 2 0.27212796 0.07734850 0.88195437 3
2 0.26799485 0.07760392 0.88038594 2 0.27297363 0.07764736 0.88038594 3
2 0.26905301 0.07764736 0.88697052 2 0.27323070 0.08097055 0.88697052 3
2 0.27110642 0.07764736 0.89236063 2 0.27340174 0.08748466 0.89236063 3
2 0.27110642 0.07846486 0.89528120 2 0.27094567 0.11285409 0.89528120 2
-999
