2 0.10868798 -0.26360160 0.90066290 2 0.14902319 -0.06617513 0.67677468 2
2 0.10871886 -0.26359484 0.90063536 2 0.14891721 -0.06674659 0.67671227 2
2 0.10875319 -0.26359147 0.90061456 2 0.14912115 -0.06770755 0.67650801 2
2 0.10880155 -0.26360354 0.90055054 2 0.14910421 -0.06789350 0.67642784 2
2 0.10882389 -0.26359636 0.90053052 2 0.15024340 -0.06734368 0.67666858 2
2 0.10891856 -0.26361132 0.90050310 2 0.14977686 -0.06733289 0.67646962 2
2 0.10893764 -0.26359534 0.90046722 2 0.14942022 -0.06733286 0.67631304 2
2 0.10899353 -0.26357406 0.90040553 2 0.14938720 -0.06710525 0.67579871 2
2 0.10898909 -0.26355550 0.90037906 2 0.14980082 -0.06684222 0.67548794 2
2 0.10896850 -0.26354131 0.90036684 2 0.14277110 -0.06817558 0.69100904 2
2 0.10894474 -0.26352972 0.90035510 2 0.14077538 -0.06905419 0.69342244 2
2 0.10891669 -0.26356700 0.90036523 2 0.17787784 -0.12969817 0.68629915 2
2 0.10898018 -0.26367953 0.90039074 2 0.18166110 -0.15371749 0.69418985 2
2 0.10895139 -0.26392764 0.90028858 2 0.18444617 -0.16201481 0.69496608 2
2 0.10905906 -0.26447716 0.90020651 2 0.17582163 -0.13755055 0.69184417 2
2 0.10932410 -0.26550022 0.90003616 2 0.18764837 -0.16626716 0.69284034 2
2 0.10974879 -0.26662323 0.89991426 2 0.18966644 -0.16804837 0.69122934 2
2 0.10985458 -0.26721016 0.89988792 2 0.20846298 -0.19906142 0.69311398 2
2 0.10812999 -0.26706174 0.90100461 2 0.20128179 -0.16141997 0.68159366 2
2 0.10588851 -0.26590818 0.90262276 2 0.20421760 -0.17377374 0.68427843 2
2 0.10515799 -0.26544315 0.90332752 2 0.20419593 -0.17698659 0.68389803 2
2 0.10429162 -0.26494777 0.90389776 2 0.20463389 -0.18418521 0.68363714 2
2 0.10364123 -0.26449001 0.90443981 1 0.20715113 -0.13245389 0.67188638 0
2 0.10310860 -0.26403895 0.90490532 1 0.19604625 -0.13231564 0.62631762 0
2 0.10341913 -0.26408717 0.90507913 1 0.19504584 -0.13395712 0.62550670 0
2 0.10355973 -0.26415583 0.90520996 1 0.19316489 -0.13685295 0.62440079 0
2 0.10368010 -0.26423681 0.90537441 1 0.20725416 -0.15840358 0.66366065 0
2 0.10372984 -0.26427981 0.90542555 2 0.20730071 -0.25880787 0.68852931 0
2 0.10370207 -0.26433548 0.90550041 1 0.18964200 -0.14187703 0.62825191 0
2 0.10367362 -0.26434985 0.90559554 1 0.19576152 -0.22856683 0.67383081 0
2 0.10358141 -0.26434156 0.90596437 1 0.19056198 -0.23139434 0.67042536 0
2 0.10353764 -0.26432016 0.90598243 2 0.17557539 -0.25631261 0.66286886 0
2 0.10346249 -0.26426277 0.90609735 2 0.17903802 -0.22481501 0.66077644 2
2 0.10328615 -0.26414204 0.90621686 2 0.16599616 -0.22524047 0.65694219 2
2 0.10303447 -0.26385078 0.90644127 2 0.17473094 -0.27940512 0.68433678 2
2 0.10269948 -0.26296470 0.90700984 2 0.16940039 -0.27771887 0.68205196 2
2 0.10220076 -0.26254377 0.90717036 2 0.16261946 -0.21162938 0.63895518 2
2 0.10199286 -0.26252612 0.90714353 2 0.13350950 -0.21073496 0.64424485 2
2 0.10112356 -0.26089561 0.90791535 2 0.10413107 -0.21157548 0.65234458 2
2 0.09920587 -0.26001635 0.90795958 2 0.10264862 -0.20898034 0.65138286 2
2 0.09714232 -0.25902236 0.90836352 2 0.09389789 -0.19451629 0.64469343 0
2 0.09463545 -0.25792947 0.90832043 1 0.08506382 -0.19615036 0.64890915 0
1 0.09297396 -0.25718322 0.90824819 2 0.08836176 -0.19179612 0.64749014 2
1 0.09192315 -0.25668958 0.90821958 2 0.12101160 -0.25075901 0.66998792 2
1 0.09103265 -0.25624350 0.90813828 2 0.09151116 -0.18395422 0.64651638 0
1 0.09040280 -0.25579906 0.90797460 2 0.04090050 -0.22333492 0.67083806 0
1 0.08988170 -0.25537556 0.90782154 2 0.04291590 -0.22538799 0.67189240 2
1 0.08949478 -0.25506079 0.90774578 2 0.04331956 -0.22572836 0.67303580 2
1 0.08920227 -0.25475660 0.90767378 2 0.05384111 -0.24655400 0.68658662 2
1 0.08895800 -0.25447631 0.90766174 2 0.03179118 -0.20803821 0.66724479 2
1 0.08880704 -0.25426358 0.90762305 2 0.07121257 -0.17231698 0.66496402 2
1 0.08870046 -0.25408593 0.90761709 2 0.07219609 -0.17318249 0.66571164 2
1 0.08864549 -0.25401825 0.90757310 2 0.10140562 -0.18919897 0.68398970 2
1 0.08854105 -0.25389948 0.90750271 2 0.10216314 -0.18842362 0.68369138 2
1 0.08846211 -0.25382823 0.90751231 2 0.08369797 -0.09631807 0.63576233 2
1 0.08840979 -0.25378096 0.90754759 2 0.08042806 -0.08365771 0.63233364 2
1 0.08836059 -0.25372896 0.90760612 2 0.08363876 -0.08150206 0.63177931 2
1 0.08833408 -0.25370395 0.90763152 2 0.08755572 -0.08011033 0.63093245 2
2 0.09137540 -0.26691955 0.89434296 2 0.09084585 -0.07850641 0.63023341 1
2 0.09537356 -0.27608883 0.88382560 2 0.09322099 -0.07773627 0.62991214 1
2 0.09682879 -0.27742139 0.88198423 2 0.09529948 -0.07751395 0.63038647 1
2 0.09787090 -0.27797017 0.88105237 2 0.09732456 -0.07729257 0.63128108 1
2 0.09957515 -0.27831247 0.88022512 2 0.09954014 -0.07644486 0.63202804 1
2 0.10099430 -0.27803946 0.88001859 2 0.09284457 -0.05034963 0.64577383 1
2 0.10227292 -0.27729189 0.88018209 2 0.11090931 -0.07443997 0.63855737 2
2 0.10331696 -0.27666941 0.88061833 2 0.11172251 -0.07543518 0.63886601 2
2 0.10429977 -0.27574253 0.88136250 2 0.11292248 -0.07565274 0.63927662 1
2 0.10459800 -0.27416125 0.88307756 2 0.11575468 -0.07605986 0.63967109 1
2 0.10452591 -0.27298528 0.88431883 2 0.11968151 -0.07735782 0.64073610 2
2 0.10513553 -0.27080235 0.88617796 2 0.12322742 -0.07941219 0.64091587 2
2 0.10268044 -0.26867643 0.88844615 2 0.12603329 -0.08000662 0.64090633 2
2 0.10127514 -0.26762250 0.89016914 2 0.12848149 -0.08056951 0.64100534 2
2 0.10036457 -0.26692742 0.89154959 2 0.13357031 -0.08552484 0.64203072 2
-999
