2 0.11371689 -0.17056246 0.94036978 2 0.25569442 -0.01954861 0.66866672 2
2 0.11392773 -0.17079346 0.94034439 2 0.25551090 -0.01797579 0.66835821 2
2 0.11400776 -0.17086414 0.94031984 2 0.25549367 -0.01598265 0.66863936 2
2 0.11421732 -0.17106110 0.94039160 2 0.25690207 -0.01628943 0.67060125 2
2 0.11427969 -0.17112930 0.94036657 2 0.25645658 -0.01456080 0.66853160 2
2 0.11447328 -0.17130479 0.94039559 2 0.25746456 -0.01424343 0.66991889 2
2 0.11459999 -0.17150843 0.94037139 2 0.25723451 -0.01456795 0.66843253 2
2 0.11464423 -0.17150465 0.94036937 2 0.25804314 -0.01476227 0.66971952 2
2 0.11469516 -0.17153759 0.94038379 2 0.25794971 -0.01539459 0.66904902 2
2 0.11470237 -0.17152055 0.94034654 2 0.25755867 -0.01585710 0.66830176 2
2 0.11470209 -0.17148823 0.94026196 2 0.25699160 -0.01647089 0.66669327 2
2 0.11469120 -0.17147911 0.94023168 2 0.25765944 -0.01740015 0.66758692 2
2 0.11467136 -0.17145242 0.94017136 2 0.25719374 -0.01966784 0.66624463 2
2 0.11466527 -0.17144062 0.94016552 2 0.25769648 -0.02177585 0.66755885 2
2 0.11465647 -0.17139526 0.94017017 2 0.25730711 -0.02552052 0.66742074 2
2 0.11459961 -0.17127104 0.94016588 2 0.25709423 -0.03338803 0.66671014 2
2 0.11453901 -0.17112119 0.94014782 2 0.25607339 -0.03865688 0.66549450 2
2 0.11443555 -0.17096540 0.94012964 2 0.25644311 -0.04567555 0.66483408 2
2 0.11427923 -0.17074427 0.94005501 2 0.25592369 -0.05203772 0.66343784 2
2 0.11406974 -0.17045872 0.93997711 2 0.25650299 -0.05803184 0.66373050 2
2 0.11383292 -0.17013691 0.93990189 2 0.25679728 -0.06572886 0.66286051 2
2 0.11365164 -0.16988701 0.93982184 2 0.25920516 -0.07673042 0.66138136 2
2 0.11351261 -0.16967648 0.93973672 2 0.25984219 -0.08624050 0.65941918 2
2 0.11337138 -0.16946508 0.93967611 2 0.26136148 -0.09528159 0.65830415 2
2 0.11323862 -0.16919763 0.93959618 2 0.26106352 -0.10533454 0.65639943 2
2 0.11303555 -0.16898577 0.93950379 2 0.26223904 -0.11649640 0.65536094 2
2 0.11276116 -0.16853811 0.93936688 2 0.26163742 -0.12522437 0.65315092 2
2 0.11248243 -0.16829355 0.93921775 2 0.26187727 -0.13445555 0.65229648 2
2 0.11229856 -0.16817881 0.93909228 2 0.26323152 -0.14619374 0.65206462 2
2 0.11217870 -0.16800329 0.93899661 2 0.26305237 -0.15126075 0.65173781 2
2 0.11197394 -0.16781420 0.93875992 2 0.26195616 -0.15608403 0.65029538 2
2 0.11189373 -0.16765177 0.93865973 2 0.26119983 -0.15969186 0.64957821 2
2 0.11179142 -0.16738522 0.93843126 2 0.25987372 -0.16200057 0.64768004 2
2 0.11167729 -0.16719738 0.93824577 2 0.25926474 -0.17000534 0.64924604 2
2 0.11166559 -0.16713980 0.93816590 2 0.25753295 -0.17606011 0.64810979 2
2 0.11162259 -0.16696073 0.93805498 2 0.25610119 -0.18736909 0.65265650 2
2 0.11157581 -0.16683728 0.93794829 2 0.25503483 -0.19062367 0.65158945 2
2 0.11156011 -0.16671017 0.93786681 2 0.25458664 -0.19716197 0.65331924 2
2 0.11157876 -0.16663972 0.93775642 2 0.25376853 -0.19841225 0.65160728 2
2 0.11160175 -0.16652808 0.93767524 2 0.25483572 -0.20006476 0.65244025 2
2 0.11160239 -0.16638833 0.93749416 2 0.25410435 -0.20173267 0.65154278 2
2 0.11161425 -0.16623677 0.93738723 2 0.25415209 -0.20372017 0.65228444 2
2 0.11160509 -0.16611877 0.93728012 2 0.25381446 -0.20740938 0.65156770 2
1 0.11158318 -0.16599534 0.93716049 2 0.25266674 -0.21095383 0.65229040 2
1 0.11156669 -0.16583902 0.93702102 2 0.25229335 -0.21439582 0.65144771 2
2 0.10847564 -0.16264461 0.93527484 2 0.25147110 -0.21951838 0.65128398 2
2 0.10709579 -0.16157466 0.93465710 2 0.25175747 -0.22258037 0.65069544 2
1 0.10607535 -0.16064389 0.93417180 2 0.25199932 -0.22511961 0.65115565 2
2 0.10533173 -0.15995485 0.93382716 2 0.25129420 -0.22740325 0.65093833 2
2 0.10470824 -0.15935332 0.93355626 2 0.25121486 -0.22887360 0.65019649 2
2 0.10421208 -0.15890753 0.93331993 2 0.25090882 -0.22941591 0.64881045 2
2 0.10383511 -0.15859193 0.93328953 2 0.24989423 -0.22981866 0.64917457 0
2 0.10337576 -0.15829544 0.93301886 2 0.24569562 -0.23062547 0.64616168 0
2 0.10314529 -0.15807210 0.93295979 2 0.23895794 -0.23164420 0.64501166 2
2 0.10297121 -0.15791729 0.93285996 2 0.22942154 -0.23339973 0.64469016 2
2 0.10285833 -0.15782040 0.93279958 2 0.21865183 -0.23382513 0.64414382 2
2 0.10285293 -0.15781102 0.93279052 2 0.20567104 -0.23333694 0.64048851 2
2 0.10284637 -0.15779476 0.93279421 2 0.19295602 -0.23223440 0.63847238 2
1 0.10281512 -0.15775327 0.93278509 2 0.17672656 -0.23084497 0.63552767 2
1 0.10273208 -0.15765135 0.93277150 2 0.16201819 -0.22915238 0.63168430 2
1 0.10238599 -0.15738858 0.93263370 2 0.14784494 -0.22776039 0.62910008 2
1 0.10175896 -0.15696928 0.93244231 2 0.13300319 -0.22755846 0.62872928 2
1 0.09451248 -0.15087439 0.92992336 2 0.12063307 -0.22083949 0.62682724 2
1 0.09253690 -0.14905813 0.92879617 2 0.10662124 -0.22354960 0.62924701 2
1 0.09223769 -0.14885500 0.92842859 2 0.09663162 -0.22518148 0.63118023 2
1 0.09221415 -0.14879505 0.92834562 2 0.09094632 -0.22437522 0.63048750 2
1 0.09221121 -0.14866072 0.92816424 2 0.08481331 -0.22382155 0.63072437 2
1 0.09219493 -0.14822139 0.92796832 2 0.07976130 -0.22168027 0.63039935 2
1 0.09200849 -0.14748226 0.92767841 2 0.07697714 -0.22120601 0.63072926 2
1 0.09176181 -0.14689955 0.92738724 2 0.07412967 -0.22094895 0.63001043 2
1 0.09158508 -0.14656596 0.92713171 2 0.07170933 -0.22049141 0.62838316 2
1 0.09155822 -0.14655444 0.92711073 2 0.07112406 -0.22156380 0.62876928 2
1 0.09137395 -0.14634405 0.92690271 2 0.07014162 -0.22157711 0.62812203 2
1 0.09103086 -0.14624390 0.92664242 2 0.06749069 -0.21725357 0.62757325 2
1 0.09072438 -0.14617230 0.92646956 2 0.06670661 -0.21676318 0.62689978 2
1 0.09057550 -0.14610283 0.92630821 2 0.06587723 -0.21557650 0.62719953 2
1 0.09033404 -0.14562342 0.92618120 2 0.06239774 -0.20778294 0.62679893 2
1 0.08965082 -0.14462863 0.92561620 2 0.06638665 -0.22433335 0.63098919 2
1 0.08977447 -0.14297998 0.92526150 2 0.06725334 -0.21916968 0.62968445 2
1 0.09016691 -0.13760191 0.92427999 2 0.06765834 -0.21086827 0.62843508 2
1 0.09202942 -0.14051604 0.92845911 2 0.06803115 -0.20216691 0.62737846 2
1 0.09536768 -0.13082434 0.92345709 2 0.05997569 -0.18393633 0.62917733 2
1 0.09956550 -0.13731293 0.92645359 2 0.05936429 -0.15591820 0.62547350 2
2 0.08509912 -0.04976296 0.89077610 2 0.06459369 -0.11956357 0.61777389 0
1 0.08597943 -0.04816950 0.89017570 2 0.06427445 -0.11165457 0.61612070 0
1 0.08598007 -0.04801242 0.89012188 2 0.06387599 -0.08708152 0.61478734 2
1 0.08592553 -0.04777370 0.89006805 2 0.06422302 -0.07742464 0.61385643 2
1 0.08579981 -0.04699605 0.89002109 2 0.06613030 -0.05510816 0.61005539 2
1 0.08601081 -0.04158616 0.88933122 2 0.06608699 -0.03885491 0.61063862 2
1 0.08592024 -0.03987360 0.88912338 2 0.06522124 -0.01693546 0.60761154 2
1 0.08611471 -0.03578348 0.88852918 2 0.06513488 -0.00479453 0.60756022 2
1 0.08926120 0.00264355 0.88170147 2 0.06666211 0.00579492 0.60432452 2
1 0.08916076 -0.00030689 0.88210005 2 0.06799354 0.01593943 0.60265070 2
1 0.08927111 -0.00667262 0.88319254 2 0.07971903 -0.02467803 0.59640056 2
1 0.09151143 -0.01093352 0.88305211 2 0.08077583 -0.02177504 0.59460276 2
1 0.09091315 -0.01416580 0.88367707 2 0.08163287 -0.01720748 0.59272647 2
1 0.09331724 -0.02180303 0.88313514 2 0.08257923 -0.01372178 0.59212911 2
1 0.09497701 -0.02441402 0.88166237 2 0.08676042 -0.02526069 0.59142429 0
1 0.09554977 -0.02561821 0.88093704 1 0.08572748 -0.01767520 0.59102380 0
1 0.10008848 -0.03283546 0.87353855 1 0.08663956 -0.01685568 0.59157717 0
1 0.10168065 -0.03596172 0.87191826 1 0.08689389 -0.01580491 0.59112704 0
1 0.09715778 -0.03141017 0.87459236 1 0.08146034 -0.00604348 0.58924478 0
1 0.09501101 -0.03123836 0.87816316 1 0.08206540 -0.00569970 0.59146911 0
1 0.09334002 -0.03027585 0.88007593 1 0.08099889 -0.00350475 0.59126818 0
1 0.09214667 -0.02926801 0.88124108 1 0.08199915 -0.00538804 0.59060824 0
1 0.09136720 -0.02881777 0.88216954 1 0.08274960 -0.00495791 0.59104079 0
1 0.09079169 -0.02848830 0.88293338 1 0.08373152 -0.00492625 0.59193188 0
1 0.08975962 -0.02667807 0.88321376 1 0.08282704 -0.00233151 0.59230059 0
1 0.08955498 -0.02639404 0.88337100 1 0.08241817 -0.00164975 0.59244120 0
1 0.08936306 -0.02659780 0.88395292 1 0.08335676 -0.00133488 0.59126925 0
1 0.08912881 -0.02664237 0.88453853 1 0.08241222 -0.00039014 0.59295470 0
1 0.08893663 -0.02658151 0.88492101 1 0.08417615 -0.00038882 0.59283483 0
1 0.08875963 -0.02646664 0.88524991 1 0.08627695 -0.00195122 0.59266663 0
1 0.08860810 -0.02630660 0.88549644 1 0.08856621 -0.00353056 0.59239805 0
1 0.08850415 -0.02602902 0.88585079 1 0.09128011 -0.00483497 0.59660846 0
1 0.08851213 -0.02596069 0.88614935 1 0.09655409 -0.00512113 0.59604740 0
1 0.08857258 -0.02587447 0.88644689 1 0.11018014 0.04007970 0.60061538 0
1 0.08866923 -0.02585644 0.88675147 2 0.11680150 0.07587154 0.59819263 2
1 0.09059455 -0.02594744 0.88770717 2 0.12573759 0.06821872 0.60235488 2
1 0.09165219 -0.02660388 0.88904876 2 0.14751607 0.06880558 0.60105085 2
1 0.09613390 -0.02245131 0.89592534 2 0.16916384 0.06253690 0.60294306 2
1 0.02527315 0.05863066 0.90406221 2 0.19440758 0.03117169 0.60186607 2
2 0.02710329 0.06031758 0.90182936 2 0.21268287 0.02742075 0.60168272 2
1 0.02719011 0.06074603 0.90182304 2 0.22713712 0.02197732 0.60188824 2
1 0.02718969 0.06077283 0.90187114 2 0.24522808 0.01924287 0.60232359 2
1 0.02714879 0.06082790 0.90209293 2 0.26664302 0.03220134 0.60312003 2
2 0.02757462 0.06122733 0.90122777 2 0.27975935 0.01169537 0.60304183 2
2 0.02806446 0.06150964 0.90039766 2 0.29541138 0.01234659 0.60358846 0
1 0.02806530 0.06167094 0.90055299 2 0.30816877 0.01343823 0.60437161 0
2 0.02805671 0.06203689 0.89977562 2 0.31996903 0.01584661 0.60429758 0
1 0.02860553 0.06244248 0.90042740 2 0.32088700 0.01532811 0.60533035 0
1 0.02823982 0.06238455 0.90076363 2 0.32651833 0.01673478 0.60748976 0
1 0.02810381 0.06214035 0.90149504 2 0.33124405 0.01612702 0.60693151 0
2 0.02848204 0.06236838 0.90089619 2 0.33317631 0.01616181 0.60571241 0
1 0.02818175 0.06255557 0.90110463 2 0.33377063 0.01686570 0.60584128 0
2 0.02820024 0.06288241 0.90032411 2 0.33404368 0.01798473 0.60596853 0
2 0.02831923 0.06314886 0.89961857 2 0.33395302 0.01807314 0.60690463 0
2 0.02851726 0.06321135 0.89887404 2 0.33349279 0.01888787 0.60489810 0
1 0.02875630 0.06359275 0.89981800 2 0.33390507 0.01801969 0.60463142 0
2 0.02895630 0.06364302 0.89919144 2 0.33338299 0.01881973 0.60201895 0
2 0.02910223 0.06366204 0.89874816 2 0.33291388 0.01797863 0.60264724 0
2 0.02927295 0.06370163 0.89847368 2 0.33365595 0.01784413 0.60338068 0
1 0.02937879 0.06365858 0.89863241 2 0.33344936 0.01538983 0.60116333 0
2 0.02936152 0.06375276 0.89807224 2 0.33403477 0.01567489 0.60153723 0
1 0.02939931 0.06381947 0.89838976 2 0.33375654 0.01372164 0.60055822 0
2 0.02949014 0.06387781 0.89800948 2 0.33452070 0.01342265 0.60099471 0
-999
