2 0.16591585 0.05909491 0.91115391 2 0.20651916 0.05671806 0.69300199 2
2 0.16523141 0.05893132 0.91049862 2 0.20637873 0.05648457 0.69218248 2
2 0.16470103 0.05878543 0.91007727 2 0.20632479 0.05616974 0.69159865 2
2 0.16437493 0.05872288 0.90988535 2 0.20629805 0.05607209 0.69135141 2
2 0.16422246 0.05873015 0.90988088 2 0.20631239 0.05600737 0.69131148 2
2 0.16400555 0.05872605 0.90977561 2 0.20629609 0.05597426 0.69120473 2
2 0.16384225 0.05873754 0.90972108 2 0.20628929 0.05597107 0.69113415 2
2 0.16380984 0.05873983 0.90971035 2 0.20633808 0.05595864 0.69108701 2
2 0.16379045 0.05879067 0.90984577 2 0.20661621 0.05577333 0.69119388 2
2 0.16383426 0.05887688 0.91002959 2 0.20757392 0.05531368 0.69165915 2
2 0.16392523 0.05895587 0.91020197 2 0.20898119 0.05469079 0.69195837 2
2 0.16412961 0.05902050 0.91064101 2 0.21276909 0.05039795 0.69454741 2
2 0.16445476 0.05915963 0.91141915 2 0.21615802 0.04870841 0.69555241 2
2 0.16471203 0.05923073 0.91191638 2 0.22607285 0.02415690 0.71620464 2
2 0.16501391 0.05936366 0.91285014 2 0.22820243 0.02312562 0.71699578 2
2 0.16521946 0.05921004 0.91365516 2 0.23014474 0.02152506 0.71762151 2
2 0.16545253 0.05883641 0.91480678 2 0.23177676 0.01973388 0.71809310 2
2 0.16549319 0.05861657 0.91538876 2 0.23329268 0.01725926 0.71873206 2
2 0.16544406 0.05840341 0.91641486 2 0.23504311 0.01272423 0.71950603 2
2 0.16540794 0.05822665 0.91716981 2 0.23615964 0.00840022 0.71987134 2
2 0.16527358 0.05783631 0.91773736 2 0.23691587 0.00390878 0.72027761 2
2 0.16516948 0.05753822 0.91834927 2 0.23741256 -0.00071330 0.72101134 2
2 0.16500914 0.05732507 0.91892254 2 0.23781466 -0.00424757 0.72119731 2
2 0.16482428 0.05712767 0.91924870 2 0.23882414 -0.01349958 0.72353286 2
2 0.16464296 0.05705991 0.91957080 2 0.23998120 -0.02173107 0.72641855 2
2 0.16447751 0.05699799 0.91966236 2 0.24060330 -0.02797849 0.72715825 2
2 0.16419391 0.05702652 0.92037475 2 0.24072835 -0.03396116 0.72955495 2
2 0.16402076 0.05700397 0.92038614 2 0.23999152 -0.03941335 0.72986287 2
2 0.16373447 0.05715227 0.92073125 2 0.23941113 -0.04667452 0.73083764 2
2 0.16347677 0.05721900 0.92079055 2 0.23748137 -0.05465756 0.73089671 2
2 0.16321728 0.05745807 0.92098594 2 0.23441824 -0.06429418 0.73050547 2
2 0.16297205 0.05764847 0.92110896 2 0.23050143 -0.07382108 0.72919005 2
2 0.16272594 0.05782194 0.92118061 2 0.22621959 -0.08327414 0.72690117 2
2 0.16258554 0.05796200 0.92069149 2 0.22268255 -0.09194209 0.72635448 2
2 0.16232993 0.05813947 0.92068279 2 0.21785404 -0.09937108 0.72441107 2
2 0.16220379 0.05820154 0.92070264 2 0.21388324 -0.10483621 0.72213751 2
2 0.16209218 0.05825511 0.92069650 2 0.21518193 -0.11064182 0.71842176 2
2 0.16197187 0.05830162 0.92063934 2 0.20417361 -0.11939722 0.71735978 2
2 0.16192046 0.05827289 0.92067218 2 0.19884257 -0.12340197 0.71594280 2
2 0.16175753 0.05816455 0.91947663 2 0.19141145 -0.12945485 0.71423638 2
2 0.16167594 0.05816488 0.91891640 2 0.18675213 -0.13239075 0.71251494 2
2 0.16160445 0.05814061 0.91846770 2 0.17945674 -0.13679756 0.71293432 2
2 0.16154894 0.05816767 0.91814029 2 0.17262211 -0.14317377 0.71339792 2
2 0.16146815 0.05810030 0.91764873 2 0.16666993 -0.14451304 0.71210283 2
2 0.16140845 0.05803404 0.91725010 2 0.15404469 -0.15060106 0.71213096 2
2 0.16133262 0.05795218 0.91687298 2 0.15637688 -0.14522700 0.70017475 2
2 0.16128026 0.05788321 0.91656101 2 0.14165786 -0.14739455 0.70410877 2
2 0.16101152 0.05789763 0.91642058 2 0.13325711 -0.14567104 0.70487130 2
2 0.16076143 0.05795846 0.91625172 2 0.16817549 -0.11841859 0.75442255 2
2 0.16070682 0.05807957 0.91583258 2 0.10721259 -0.15098028 0.70021999 2
2 0.16065970 0.05824261 0.91509187 2 0.10692902 -0.15633175 0.69730848 2
2 0.16061613 0.05846556 0.91454715 2 0.08807188 -0.13609985 0.69567984 2
2 0.16054948 0.05864237 0.91397578 2 0.14786145 -0.11971967 0.73148394 2
2 0.16008735 0.05924276 0.91349387 2 0.14225830 -0.11577734 0.72718054 2
2 0.16000569 0.05946482 0.91287607 2 0.13855188 -0.11366646 0.72443295 2
2 0.16000004 0.05970234 0.91259527 2 0.08277833 -0.11083578 0.67069405 2
2 0.15995015 0.06006900 0.91201496 2 0.12955295 -0.09980393 0.72123057 2
2 0.15995735 0.06043488 0.91157407 2 0.12500609 -0.09559090 0.71752000 2
2 0.15998289 0.06083500 0.91121870 2 0.08622128 -0.05387511 0.68354613 2
2 0.16001123 0.06112039 0.91084909 2 0.08879399 -0.06089990 0.67579889 2
2 0.16001830 0.06143497 0.91052008 2 0.08842988 -0.06791685 0.66949922 2
2 0.15994635 0.06207752 0.90999323 2 0.08665828 -0.06959620 0.66330272 2
2 0.15981679 0.06284364 0.90965676 2 0.08439096 -0.06757738 0.65985411 2
2 0.15959229 0.06378960 0.90906179 2 0.08150125 -0.06315656 0.65077853 2
2 0.15936233 0.06488282 0.90849251 2 0.08367350 -0.06004481 0.64278650 2
2 0.15930277 0.06579256 0.90785867 2 0.08791769 -0.05574590 0.63589454 2
2 0.15965852 0.06636053 0.90735471 2 0.06431368 -0.05749903 0.63292855 2
2 0.16050014 0.06699286 0.90636373 2 0.03937336 0.01242175 0.57413048 2
2 0.16192302 0.06728306 0.90535992 2 0.04451691 0.04276508 0.57785642 0
1 0.16257884 0.06687059 0.90526712 2 0.05441044 0.06339894 0.57388920 0
1 0.16299354 0.06617435 0.90551102 2 0.05339291 0.07291541 0.56921446 0
1 0.16320671 0.06549447 0.90579695 2 0.11415031 0.03125753 0.62902504 0
1 0.16338395 0.06496646 0.90600139 2 0.11567883 0.03351669 0.62924844 2
1 0.16364264 0.06450092 0.90626729 2 0.11833529 0.03693334 0.62865251 2
1 0.16665906 0.06782443 0.90105182 2 0.11862312 0.05454323 0.62546241 2
1 0.16808327 0.07043970 0.89802992 2 0.12172922 0.05914067 0.62478739 2
1 0.16898601 0.07170106 0.89707583 2 0.09436207 0.15043546 0.58436787 2
1 0.16937445 0.07199915 0.89673322 2 0.09590565 0.15380341 0.58577627 2
1 0.16978596 0.07204824 0.89669275 2 0.09985650 0.15772463 0.58713621 0
1 0.16826443 0.06766083 0.90193385 2 0.10541514 0.16162258 0.58883435 0
1 0.16717942 0.06530093 0.90453327 2 0.15277091 0.06809295 0.63267666 2
1 0.16605765 0.06356277 0.90617901 2 0.15690537 0.07324149 0.63419223 2
2 0.15688764 0.05246408 0.90416181 2 0.16006596 0.07322495 0.63744038 2
2 0.15522993 0.05131940 0.90404272 2 0.16489992 0.06764736 0.64225996 2
2 0.15433612 0.05108474 0.90404153 2 0.16954565 0.06233441 0.64564073 2
2 0.15338288 0.05110525 0.90410703 2 0.17467505 0.05692580 0.64875913 2
2 0.15263550 0.05113821 0.90418661 2 0.15910004 0.09222976 0.59567827 2
2 0.15203169 0.05113329 0.90422338 2 0.16347019 0.08777212 0.59588867 2
2 0.15151466 0.05103499 0.90443307 2 0.16561997 0.08407848 0.59682280 2
2 0.15107466 0.05102384 0.90471101 2 0.16695586 0.08138002 0.59748650 2
2 0.15074891 0.05097435 0.90485805 2 0.16776340 0.07935136 0.59711522 2
2 0.15051349 0.05098138 0.90503526 2 0.16832474 0.07795175 0.59731609 2
2 0.15031072 0.05101223 0.90518779 2 0.16899565 0.07691586 0.59741086 2
2 0.15017036 0.05105868 0.90531075 2 0.18761411 0.03492971 0.65900248 2
2 0.15006459 0.05113458 0.90543759 2 0.18801506 0.03439559 0.65934008 2
2 0.14995244 0.05124337 0.90562749 2 0.18828636 0.03427244 0.65958226 2
2 0.14988217 0.05126676 0.90571284 2 0.17044075 0.07510106 0.59834450 2
2 0.14981745 0.05133614 0.90583497 2 0.17086615 0.07494479 0.59862763 2
2 0.14977154 0.05134575 0.90589815 2 0.17111652 0.07483318 0.59883654 2
-999
