2 0.11561651 -0.27973554 0.94535798 2 0.19487543 0.00554264 0.69001800 3
2 0.11287962 -0.28007254 0.94425082 2 0.19676220 0.00364279 0.68583584 3
2 0.11158001 -0.28016943 0.94392246 2 0.19831701 0.00093180 0.68579692 3
2 0.11062110 -0.28016737 0.94345486 2 0.19946681 -0.00246384 0.68326527 3
2 0.10949195 -0.28030512 0.94285882 2 0.20039572 -0.00625875 0.68079913 3
2 0.09218438 -0.28180164 0.93952334 2 0.20090716 -0.01024617 0.68140519 3
2 0.08874027 -0.28174204 0.93759221 2 0.20115411 -0.01423359 0.67783666 3
2 0.08640739 -0.28197801 0.93654406 2 0.20112431 -0.01822101 0.67725837 3
2 0.08495536 -0.28239307 0.93576533 2 0.20106313 -0.02220843 0.67631447 3
2 0.08447798 -0.28259265 0.93533683 2 0.20054844 -0.02430307 0.67368436 3
2 0.08446362 -0.28244323 0.93525004 2 0.20003375 -0.02588996 0.67311227 3
2 0.09576061 -0.28071433 0.93819338 2 0.19951907 -0.02663906 0.67452615 3
2 0.09800044 -0.27999103 0.93874383 2 0.19931380 -0.02655010 0.67423558 3
2 0.09187051 -0.27749875 0.93745106 2 0.19989154 -0.02621665 0.67219222 3
2 0.08764403 -0.27595881 0.93689191 2 0.20149584 -0.02569070 0.67035866 3
2 0.08885322 -0.27518475 0.93779284 2 0.20509218 -0.02516476 0.66852176 3
2 0.08641112 -0.27380970 0.93834418 2 0.21048197 -0.02463881 0.66390246 3
2 0.08551473 -0.27329060 0.93871993 2 0.21743174 -0.02411286 0.66127300 3
2 0.08500774 -0.27311993 0.93877113 2 0.22588630 -0.02365902 0.65732157 3
2 0.08481350 -0.27303192 0.93881565 2 0.23549475 -0.02362202 0.65562856 3
2 0.08450246 -0.27295265 0.93891680 2 0.24557982 -0.02410279 0.65962005 3
2 0.08423576 -0.27294141 0.93895608 2 0.25535551 -0.02573868 0.65564251 3
2 0.08423865 -0.27294862 0.93892401 2 0.26434815 -0.02880600 0.64935541 3
2 0.08539128 -0.27426884 0.93887711 2 0.27247629 -0.03335625 0.64660394 3
2 0.08636355 -0.27564299 0.93878382 2 0.27877033 -0.04097681 0.64271671 3
2 0.08711753 -0.27699873 0.93844187 2 0.28275558 -0.04978292 0.64199638 3
2 0.08787364 -0.27869719 0.93757898 2 0.28410408 -0.05965595 0.63861173 3
2 0.09188791 -0.27865002 0.93833619 2 0.28231901 -0.07002456 0.63882554 3
2 0.09674656 -0.27841422 0.93973780 2 0.27816194 -0.08002304 0.63219756 3
2 0.09833324 -0.27772695 0.94027519 2 0.27213308 -0.08967324 0.63567042 3
2 0.09604404 -0.27877480 0.93906891 2 0.26450074 -0.09843646 0.63797104 3
2 0.09456268 -0.27930522 0.93842053 2 0.25573009 -0.10580987 0.64157420 3
2 0.09320190 -0.27960610 0.93768269 2 0.24390346 -0.10911908 0.64025122 3
2 0.09193820 -0.28007096 0.93670100 2 0.23207681 -0.10873885 0.64296830 1
2 0.09084886 -0.28031912 0.93616158 2 0.22096020 -0.10629383 0.64498383 1
2 0.09182917 -0.27992579 0.93641132 2 0.21092039 -0.10215907 0.64339429 3
2 0.09105670 -0.28015584 0.93605512 2 0.20250933 -0.09588881 0.64593732 3
2 0.09129073 -0.27973875 0.93609971 2 0.19559486 -0.08836461 0.64644492 3
2 0.09148001 -0.27916962 0.93601418 2 0.19051819 -0.07930934 0.64324933 3
2 0.09230927 -0.27798256 0.93632299 2 0.18755387 -0.06847490 0.64326215 3
2 0.09243670 -0.27771342 0.93648684 2 0.18654083 -0.05707018 0.64509207 3
2 0.09247921 -0.27752668 0.93637681 2 0.18920162 -0.04785802 0.64074922 3
2 0.09255683 -0.27735472 0.93644029 2 0.19190697 -0.03900336 0.64410049 3
2 0.09287398 -0.27708954 0.93663794 2 0.19465542 -0.03100759 0.64510649 3
2 0.09310686 -0.27693620 0.93677408 2 0.19743226 -0.02362583 0.64963377 3
2 0.09132051 -0.27837944 0.93582833 2 0.20020911 -0.01776341 0.62455374 2
-999
