2 0.10273385 -0.28540373 1.12769866 2 0.12508342 0.09015559 0.87815076 3
2 0.10278723 -0.28539151 1.12772095 2 0.12725379 0.08013723 0.87836623 3
2 0.10292982 -0.28525290 1.12786758 2 0.12725583 0.08011576 0.87840599 3
2 0.10302197 -0.28520104 1.12791407 2 0.12731710 0.07936997 0.87830544 3
2 0.10308275 -0.28517035 1.12795019 2 0.12731710 0.07647093 0.87828356 3
2 0.10314678 -0.28514054 1.12798536 2 0.12731710 0.07555298 0.87830925 3
2 0.10319186 -0.28512180 1.12799704 2 0.12731710 0.07457028 0.87816411 3
2 0.10324453 -0.28508270 1.12801003 2 0.12731710 0.07385687 0.87808061 3
2 0.10329934 -0.28505978 1.12802184 2 0.12722310 0.07341641 0.87797850 3
2 0.10334253 -0.28504708 1.12804818 2 0.12708203 0.07308196 0.87791806 3
2 0.10336274 -0.28502947 1.12805533 2 0.12690157 0.07261779 0.87789518 3
2 0.10337767 -0.28502536 1.12805188 2 0.12676284 0.07225311 0.87748146 3
2 0.10342292 -0.28500736 1.12809861 2 0.12661901 0.07195909 0.87730002 3
2 0.10345925 -0.28500000 1.12813926 2 0.12653622 0.07172863 0.87707382 3
2 0.10349510 -0.28498369 1.12814522 2 0.12653622 0.07141411 0.87592977 3
2 0.10355707 -0.28498587 1.12825263 2 0.12653622 0.07071339 0.87516290 3
2 0.10358985 -0.28502285 1.12829018 2 0.12653622 0.07003180 0.87451059 3
2 0.10362317 -0.28503481 1.12826312 2 0.12653622 0.06887404 0.87280649 3
2 0.10368978 -0.28510061 1.12828779 2 0.12664795 0.06623147 0.87203312 3
2 0.10378138 -0.28520200 1.12840831 2 0.12672764 0.06345607 0.87134755 3
2 0.10387589 -0.28527969 1.12848246 2 0.12837295 0.05496228 0.87001550 3
2 0.10397235 -0.28540006 1.12852895 2 0.12944181 0.04739149 0.86849332 3
2 0.10411657 -0.28557757 1.12854803 2 0.13007271 0.04313545 0.86620200 3
2 0.10423030 -0.28568742 1.12856305 2 0.13073382 0.03892220 0.86456817 3
2 0.10441642 -0.28587815 1.12851000 2 0.13157988 0.03381660 0.86281896 3
2 0.10459103 -0.28605652 1.12853098 2 0.13236082 0.03049118 0.86173141 3
2 0.10481476 -0.28629693 1.12851369 2 0.13373290 0.02535214 0.86075908 3
2 0.10504273 -0.28658360 1.12849641 2 0.13491704 0.02100774 0.85954827 3
2 0.10526896 -0.28674969 1.12844658 2 0.13613254 0.01661720 0.85784227 3
2 0.10547728 -0.28697783 1.12843573 2 0.13730346 0.01299884 0.85712397 3
2 0.10568794 -0.28718501 1.12838888 2 0.13824031 0.00993818 0.85655826 3
2 0.10587367 -0.28728959 1.12852108 2 0.13915110 0.00704432 0.85665476 3
2 0.10603533 -0.28744951 1.12850690 2 0.14011855 0.00415011 0.85549104 3
2 0.10612170 -0.28749231 1.12852001 2 0.14192629 -0.00014069 0.85439789 3
2 0.10623495 -0.28758833 1.12859166 2 0.14354634 -0.00326096 0.85334510 3
2 0.10565441 -0.29156712 1.13335824 2 0.14553486 -0.00611266 0.85279626 3
2 0.10613491 -0.29109797 1.13275003 2 0.14761196 -0.00829183 0.85243303 3
2 0.10642618 -0.29071876 1.13249576 2 0.15010749 -0.00971886 0.85184997 3
2 0.10524309 -0.29272881 1.13537824 2 0.15358682 -0.00971886 0.85128838 3
2 0.10564680 -0.29195929 1.13450623 2 0.15792638 -0.00971886 0.85103112 3
2 0.10469750 -0.29284295 1.13576746 2 0.16180086 -0.00971886 0.85071033 3
2 0.10516573 -0.29196057 1.13487577 2 0.16611440 -0.00971886 0.85106266 3
2 0.10542956 -0.29128391 1.13432693 2 0.17056365 -0.00940675 0.85160398 3
2 0.10561124 -0.29068732 1.13389337 2 0.17514008 -0.00776925 0.85188758 3
2 0.10569222 -0.29023606 1.13356566 2 0.17946579 -0.00663502 0.85257566 3
2 0.10563421 -0.29017067 1.13333464 2 0.18379734 -0.00526298 0.85384768 3
2 0.10554744 -0.29003975 1.13297963 2 0.18807752 -0.00419486 0.85462189 3
2 0.10541660 -0.28994590 1.13273716 2 0.19198306 -0.00343741 0.85507506 3
2 0.10536716 -0.28992805 1.13264763 2 0.19519278 -0.00222396 0.85778797 3
2 0.10527699 -0.28991535 1.13255143 2 0.19837806 -0.00089239 0.85917282 3
2 0.10522638 -0.28987184 1.13238716 2 0.20081975 -0.00002575 0.85981369 3
2 0.10047179 -0.29393920 1.13606846 2 0.20294110 0.00101246 0.86072600 3
2 0.10090424 -0.29333836 1.13529778 2 0.20601742 0.00169958 0.86127824 3
2 0.10125631 -0.29275981 1.13450682 2 0.20798886 0.00233773 0.86148441 3
2 0.10147721 -0.29240108 1.13403320 2 0.20951284 0.00311929 0.86166310 3
2 0.10168853 -0.29205906 1.13356388 2 0.21106778 0.00377612 0.86180413 3
2 0.10178512 -0.29183570 1.13333750 2 0.21276297 0.00467887 0.86183912 3
2 0.10189595 -0.29165277 1.13309181 2 0.21403727 0.00517993 0.86186856 3
2 0.10195921 -0.29148695 1.13283014 2 0.21536230 0.00588270 0.86189288 3
2 0.10197972 -0.29142272 1.13272846 2 0.21659891 0.00650093 0.86226636 3
2 0.10202982 -0.29132304 1.13253093 2 0.21775723 0.00709612 0.86218423 3
2 0.10205749 -0.29128608 1.13242090 2 0.21894519 0.00780927 0.86252105 3
2 0.10213737 -0.29119074 1.13213706 2 0.22007710 0.00868077 0.86294204 3
2 0.10221253 -0.29110929 1.13189435 2 0.22122344 0.00980718 0.86358303 3
2 0.10236171 -0.29100800 1.13170886 2 0.22122344 0.01102215 0.86565804 3
2 0.10251744 -0.29095432 1.13144100 2 0.22122344 0.01273405 0.86630398 3
2 0.10269671 -0.29086468 1.13119316 2 0.22122344 0.01506469 0.86710632 3
2 0.10295770 -0.29069355 1.13093734 2 0.22122344 0.01710886 0.86858386 3
2 0.10306936 -0.29063198 1.13071597 2 0.21920018 0.02078421 0.87011188 3
2 0.10315853 -0.29055068 1.13060844 2 0.21663699 0.02389434 0.87303448 3
2 0.10332273 -0.29018089 1.13044417 2 0.21367416 0.02792280 0.87597686 3
2 0.10346160 -0.28995335 1.13032150 2 0.21025048 0.03230841 0.87789696 3
2 0.10364783 -0.28940991 1.13016188 2 0.20630014 0.03723440 0.88028204 3
2 0.10385679 -0.28898844 1.13008165 2 0.20239802 0.04280840 0.88211864 3
2 0.10409367 -0.28825629 1.12999105 2 0.19783212 0.04912959 0.88410574 3
2 0.10425435 -0.28783822 1.12997568 2 0.19534887 0.05346450 0.88545972 3
2 0.10444304 -0.28735316 1.13001049 2 0.19192296 0.05746550 0.88657045 3
2 0.10458498 -0.28682581 1.13009405 2 0.18921556 0.06104100 0.88761455 3
2 0.10471385 -0.28635842 1.13006926 2 0.18745033 0.06373911 0.88775665 3
2 0.10484761 -0.28590152 1.13024056 2 0.18539546 0.06925203 0.88913870 3
2 0.10495653 -0.28552940 1.13029110 2 0.18452859 0.07129687 0.89021564 3
2 0.10505713 -0.28515178 1.13038111 2 0.18365556 0.07381833 0.89111209 3
2 0.10515986 -0.28485128 1.13045490 2 0.18200883 0.07962444 0.89250106 3
2 0.10522885 -0.28466809 1.13057756 2 0.18135056 0.08120182 0.89372027 3
2 0.10532160 -0.28433293 1.13063872 2 0.18085749 0.08253641 0.89431268 3
2 0.10537200 -0.28422821 1.13064718 2 0.18015832 0.08459401 0.89484411 3
2 0.10548145 -0.28388003 1.13070405 2 0.17854823 0.08961564 0.89538378 3
2 0.10552008 -0.28374943 1.13073564 2 0.17754175 0.09335507 0.89576489 3
2 0.10555606 -0.28367409 1.13073897 2 0.17724244 0.09354157 0.89557642 3
2 0.10557085 -0.28362283 1.13075769 2 0.17698836 0.09394567 0.89589882 3
2 0.10559214 -0.28348932 1.13081348 2 0.17600583 0.09611180 0.89589304 3
2 0.10561671 -0.28335413 1.13081408 2 0.17571087 0.09616218 0.89589119 3
2 0.10564408 -0.28329861 1.13085091 2 0.17451318 0.09616218 0.89589190 3
2 0.10568704 -0.28322673 1.13094711 2 0.17386906 0.09616218 0.89629197 3
2 0.10574760 -0.28314406 1.13094139 2 0.17275032 0.09616218 0.89592224 3
2 0.10589486 -0.28306222 1.13099098 2 0.17180811 0.09616218 0.89582407 3
2 0.10611894 -0.28293043 1.13090694 2 0.17041916 0.09484078 0.89493698 3
2 0.10630876 -0.28279024 1.13086748 2 0.16868389 0.09257910 0.89288002 3
2 0.10642944 -0.28275651 1.13081431 2 0.16612889 0.09017805 0.88988906 3
2 0.10654864 -0.28274381 1.13073635 2 0.16317412 0.08846909 0.88642955 3
2 0.10659748 -0.28276849 1.13056529 2 0.15793458 0.08606577 0.88220429 3
2 0.10654810 -0.28270623 1.13021207 2 0.15169035 0.08329592 0.87648171 3
2 0.10635941 -0.28239945 1.12957942 2 0.14289299 0.08071057 0.87118858 3
2 0.10608333 -0.28020266 1.12870038 2 0.13489105 0.07756637 0.86935800 3
2 0.10571792 -0.27693799 1.12762582 2 0.12659921 0.07487915 0.86551780 3
2 0.10683599 -0.26827797 1.12243176 2 0.11723164 0.07370418 0.86458516 3
2 0.10782278 -0.26462168 1.11957788 2 0.10960075 0.07370418 0.86356401 3
1 0.09993134 -0.27547273 1.11281145 2 0.10303997 0.07370418 0.86310327 3
1 0.09983528 -0.27586046 1.11284995 2 0.09446507 0.07370418 0.86143887 3
1 0.10088591 -0.27624151 1.11330903 2 0.08995692 0.07370418 0.86132377 3
1 0.10443148 -0.27718645 1.11398137 2 0.08606726 0.07384577 0.86156732 3
1 0.10513198 -0.27718809 1.11441290 2 0.07862058 0.07773607 0.86149526 3
2 0.09737056 -0.22042474 1.10357511 2 0.07495655 0.07986827 0.85884756 3
2 0.09731081 -0.22040808 1.10363293 2 0.07267467 0.08170516 0.85904664 3
2 0.09716286 -0.22028041 1.10376573 2 0.07102085 0.08344628 0.86177588 3
2 0.09842028 -0.21213363 1.09616101 2 0.07100094 0.08356485 0.86119586 2
-999
