2 0.11612691 -0.23529606 0.90875548 2 0.19417320 -0.09597079 0.61641616 2
2 0.11612905 -0.23531824 0.90872669 2 0.19397981 -0.09548804 0.61538601 2
2 0.11613734 -0.23533082 0.90872544 2 0.19451198 -0.09574582 0.61696333 2
2 0.11614816 -0.23533669 0.90874499 2 0.19464955 -0.09615105 0.61695755 2
2 0.11614967 -0.23534799 0.90873504 2 0.19456246 -0.09620538 0.61582863 2
2 0.11615347 -0.23535362 0.90873110 2 0.19395888 -0.09620828 0.61638111 2
2 0.11615688 -0.23538370 0.90866214 2 0.19413842 -0.09583656 0.61468923 2
2 0.11615655 -0.23540524 0.90864491 2 0.19475752 -0.09564402 0.61641997 2
2 0.11615882 -0.23540586 0.90864313 2 0.19428419 -0.09562127 0.61668789 2
2 0.11616702 -0.23541515 0.90863943 2 0.19422372 -0.09547950 0.61619866 2
2 0.11618732 -0.23542917 0.90865785 2 0.19255802 -0.09552596 0.61911231 2
2 0.11620011 -0.23544739 0.90865773 2 0.19470875 -0.09536313 0.61757916 2
2 0.11620644 -0.23544861 0.90865487 2 0.19419862 -0.09559870 0.61692363 2
2 0.11620556 -0.23548071 0.90864211 2 0.19455950 -0.09633330 0.61742365 2
2 0.11621298 -0.23552759 0.90860963 2 0.19449705 -0.09728127 0.61656594 0
2 0.11622903 -0.23557954 0.90861082 2 0.19465651 -0.09695280 0.61619091 0
2 0.11621241 -0.23562568 0.90861952 2 0.19460502 -0.09928802 0.61618614 2
2 0.11620088 -0.23568477 0.90863758 2 0.19441079 -0.10172914 0.61674994 2
2 0.11616937 -0.23575707 0.90865737 2 0.19412619 -0.10637203 0.61593795 2
2 0.11611205 -0.23583880 0.90869009 2 0.19442181 -0.11411496 0.61660761 2
2 0.11608891 -0.23586395 0.90880924 2 0.19445057 -0.12156674 0.61860764 2
2 0.11590601 -0.23591349 0.90901452 2 0.19438186 -0.12832437 0.61741626 2
2 0.11576014 -0.23593356 0.90918529 2 0.19467063 -0.13867252 0.61638695 2
2 0.11561689 -0.23596683 0.90951061 2 0.19472677 -0.15017337 0.61798638 2
2 0.11519288 -0.23597921 0.91021234 2 0.19441260 -0.16231364 0.62019181 2
2 0.11489306 -0.23592329 0.91065907 2 0.19414832 -0.17300370 0.62028569 2
2 0.11468470 -0.23594688 0.91097218 2 0.19312876 -0.18330720 0.62204033 2
2 0.11452123 -0.23601899 0.91120595 2 0.19177112 -0.19767554 0.62391198 2
2 0.11436113 -0.23618329 0.91155088 2 0.19218858 -0.20607591 0.62588471 2
2 0.11413851 -0.23639382 0.91178846 2 0.19086665 -0.21458772 0.62701356 2
2 0.11394519 -0.23663647 0.91211474 2 0.18938364 -0.22532895 0.63135874 2
2 0.11392108 -0.23684978 0.91234142 2 0.18771057 -0.23377091 0.63310254 2
2 0.11396451 -0.23710181 0.91261083 2 0.18575832 -0.25682333 0.64202654 2
2 0.11411760 -0.23753327 0.91303772 2 0.18477193 -0.26354352 0.64492196 2
2 0.11423632 -0.23791680 0.91329640 2 0.18408880 -0.26875320 0.64495456 2
2 0.11445434 -0.23828307 0.91365081 2 0.18345691 -0.27553159 0.64730030 2
2 0.11466005 -0.23859186 0.91397381 2 0.18242474 -0.28042796 0.64827573 2
2 0.11484354 -0.23890211 0.91419834 2 0.18256193 -0.28363937 0.64838678 2
2 0.11505304 -0.23921919 0.91445702 2 0.18262689 -0.28593042 0.64824885 0
2 0.11527954 -0.23958458 0.91492575 2 0.18234812 -0.28782219 0.65034378 0
2 0.11547044 -0.23982774 0.91516483 2 0.18225069 -0.28763750 0.64873290 0
2 0.11561595 -0.24001448 0.91533452 2 0.18204302 -0.28717202 0.64769995 0
2 0.11580414 -0.24019013 0.91549391 2 0.18145929 -0.28715283 0.64668757 2
2 0.11591899 -0.24031349 0.91559780 2 0.18096797 -0.28724995 0.64565873 2
2 0.11597883 -0.24039043 0.91562366 2 0.17891043 -0.28702778 0.64413220 0
2 0.11608175 -0.24049614 0.91574895 2 0.17714652 -0.28755900 0.64424765 0
2 0.11617979 -0.24060927 0.91590559 2 0.17362748 -0.28809541 0.64334220 0
2 0.11693949 -0.24383330 0.91789544 2 0.16408989 -0.28884265 0.64494145 0
2 0.11693995 -0.24374281 0.91785216 2 0.15683053 -0.29059935 0.64432853 0
2 0.11694030 -0.24367359 0.91780353 2 0.14910538 -0.29308322 0.64438933 0
2 0.11692940 -0.24363147 0.91777462 2 0.14043140 -0.29570019 0.64511150 0
2 0.11688498 -0.24349970 0.91762757 2 0.13062452 -0.28369725 0.63710499 0
2 0.11682518 -0.24337645 0.91754746 2 0.12040772 -0.29009777 0.63969827 0
2 0.11664511 -0.24308544 0.91743541 2 0.10724781 -0.29109877 0.64101470 0
2 0.11650599 -0.24263428 0.91731644 2 0.09327295 -0.29555213 0.64315683 0
2 0.11633160 -0.24223012 0.91721320 2 0.08203030 -0.28605768 0.63993931 0
2 0.11620989 -0.24172927 0.91713822 2 0.06870524 -0.29958415 0.64536846 0
2 0.11616727 -0.24112517 0.91706598 2 0.05589988 -0.29787916 0.64598364 0
2 0.11633678 -0.24045275 0.91696829 2 0.04664204 -0.30087182 0.64419001 0
2 0.11642811 -0.24005236 0.91678315 2 0.03051651 -0.30039114 0.64983928 0
2 0.11643756 -0.23986900 0.91670108 2 0.02284182 -0.30248711 0.65035015 0
2 0.11638606 -0.23974417 0.91658449 2 0.01504099 -0.30124772 0.65071195 0
2 0.11637869 -0.23963673 0.91655511 2 0.00691399 -0.29834577 0.65164095 1
2 0.11630248 -0.23958668 0.91646248 2 -0.00066104 -0.29810485 0.65366900 1
2 0.11619399 -0.23957333 0.91635293 2 -0.00778763 -0.29584146 0.65427202 1
2 0.11598914 -0.23960404 0.91615808 2 -0.01288034 -0.29508361 0.65524948 1
2 0.11568847 -0.23969135 0.91587061 2 -0.01654516 -0.29477829 0.65546125 1
2 0.11534640 -0.23977640 0.91554689 2 -0.01983267 -0.29381976 0.65477031 1
2 0.11507525 -0.23984872 0.91538507 2 -0.02356513 -0.29444677 0.65768164 1
2 0.11480445 -0.23995776 0.91521150 2 -0.02471596 -0.29487613 0.65871447 1
2 0.11454526 -0.24004816 0.91501200 2 -0.02684263 -0.29404128 0.65794373 0
2 0.11426700 -0.24015023 0.91480178 2 -0.02847172 -0.29403520 0.65835863 0
2 0.11405361 -0.24022014 0.91472971 2 -0.02905950 -0.29392987 0.65886712 1
2 0.11381616 -0.24029167 0.91460270 2 -0.02994187 -0.29405236 0.65999514 1
2 0.11358956 -0.24034780 0.91440374 2 -0.02951023 -0.29652587 0.65849394 1
2 0.11339791 -0.24038894 0.91434741 2 -0.03023855 -0.29554558 0.66015363 1
2 0.11324275 -0.24040709 0.91425359 2 -0.02990895 -0.29512456 0.65857410 1
2 0.11312378 -0.24040869 0.91419041 2 -0.02959768 -0.29132780 0.65771383 1
2 0.11300145 -0.24037418 0.91401798 2 -0.02793006 -0.28184438 0.65309697 1
2 0.11289967 -0.24027672 0.91383481 2 -0.02645307 -0.27205810 0.64861310 1
2 0.11280790 -0.24014123 0.91366220 2 -0.02709440 -0.25907755 0.64470387 1
2 0.11274740 -0.23995070 0.91351515 2 -0.03053531 -0.24598280 0.64375108 1
2 0.11272538 -0.23961596 0.91318554 2 -0.03076502 -0.23330021 0.63794047 1
2 0.11283276 -0.23912051 0.91281623 2 -0.02662103 -0.21982701 0.63285732 1
2 0.11303353 -0.23861578 0.91222978 2 -0.02693252 -0.20633033 0.62959844 2
2 0.11333601 -0.23806725 0.91163361 2 -0.02865620 -0.19216552 0.62697023 2
2 0.11379350 -0.23732041 0.91098213 2 -0.02966704 -0.17663561 0.62362415 2
2 0.11446970 -0.23630872 0.90991068 2 -0.03311015 -0.16348405 0.62170434 2
2 0.11509112 -0.23524259 0.90896606 2 -0.03450432 -0.15462562 0.62045151 2
2 0.11570206 -0.23417541 0.90790766 2 -0.03606287 -0.14573181 0.61874235 2
2 0.11620899 -0.23292390 0.90683389 2 -0.03679303 -0.13322781 0.61521214 2
2 0.11648881 -0.23167850 0.90629715 2 -0.03907166 -0.12262713 0.61566365 2
2 0.11671910 -0.23048818 0.90602762 2 -0.03912678 -0.11729581 0.61517185 2
2 0.11680676 -0.22930273 0.90564853 2 -0.04107232 -0.11172935 0.61516571 2
2 0.11685285 -0.22821236 0.90545660 2 -0.04331601 -0.10565122 0.61598122 2
2 0.11685588 -0.22713755 0.90514874 2 -0.04408014 -0.10121316 0.61503893 2
2 0.11690254 -0.22614241 0.90496898 2 -0.04632736 -0.09742948 0.61649358 2
2 0.11686948 -0.22526006 0.90479177 2 -0.04765216 -0.09371290 0.61781800 2
2 0.11676431 -0.22450289 0.90458751 2 -0.04774421 -0.09272143 0.61876166 0
2 0.11669371 -0.22369443 0.90434003 2 -0.04811588 -0.09010985 0.61759460 0
2 0.11664809 -0.22309482 0.90421027 2 -0.05158734 -0.07161368 0.61936867 2
2 0.11665156 -0.22268289 0.90413678 2 -0.05159824 -0.06846235 0.61950624 2
2 0.11662445 -0.22224540 0.90425068 2 -0.05221616 -0.06697333 0.62116522 2
2 0.11661365 -0.22188435 0.90419960 2 -0.05050081 -0.06858005 0.61986601 2
2 0.11658438 -0.22157244 0.90411663 2 -0.05055954 -0.06665935 0.61888540 2
2 0.11660872 -0.22133246 0.90408397 2 -0.05083599 -0.06501853 0.61904550 2
2 0.11663261 -0.22115505 0.90402734 2 -0.04979723 -0.06464455 0.61843204 2
2 0.11668938 -0.22096249 0.90400285 2 -0.04769814 -0.06476369 0.61777937 2
2 0.11677720 -0.22071528 0.90392268 2 -0.04722781 -0.05343540 0.61266530 0
2 0.11694992 -0.22048521 0.90390104 2 -0.04245870 -0.05608572 0.61219043 0
2 0.11718521 -0.22014837 0.90403324 2 -0.03675431 -0.05078529 0.60952497 0
2 0.11753692 -0.21973290 0.90409327 2 -0.02755669 -0.04728874 0.60463095 0
2 0.11826213 -0.21925294 0.90432191 2 -0.01648956 -0.04630557 0.60242206 0
2 0.11663589 -0.22219740 0.90494311 2 -0.00261932 -0.05553100 0.59652919 0
2 0.11374958 -0.22880557 0.90439987 2 0.01139608 -0.04478195 0.59224749 2
2 0.11080483 -0.23491658 0.90306997 2 0.02356449 -0.05247011 0.58715463 2
2 0.10737481 -0.24125583 0.90163034 2 0.03726118 -0.05427625 0.58364284 2
1 0.11736122 -0.23899229 0.89608836 2 0.05212871 -0.05702903 0.58054829 2
1 0.12824005 -0.23604934 0.89269066 2 0.06775858 -0.04828315 0.57594550 2
2 0.10014347 -0.25773856 0.89235544 2 0.08112675 -0.05211463 0.57537365 2
2 0.09985909 -0.25809398 0.89230263 2 0.09646166 -0.05530623 0.57090098 2
2 0.09996010 -0.25575197 0.89348209 2 0.11041254 -0.05600344 0.56789267 2
2 0.10054357 -0.25274119 0.89518297 2 0.12627134 -0.06034866 0.56603700 0
2 0.10145739 -0.24984404 0.89688611 2 0.14300939 -0.06359021 0.56361544 0
2 0.10444901 -0.24482244 0.89918691 2 0.15707786 -0.06856795 0.56234807 0
2 0.10712347 -0.24090376 0.90099931 2 0.16928189 -0.07188452 0.56065756 0
2 0.10658148 -0.24001339 0.90228707 2 0.18279673 -0.07273412 0.56023532 0
2 0.10603974 -0.23929709 0.90327489 2 0.19208461 -0.07360987 0.55858952 0
2 0.10587261 -0.23896389 0.90383512 2 0.19990215 -0.07444658 0.55892295 0
2 0.10570274 -0.23878677 0.90422040 2 0.20684730 -0.07509470 0.55875719 0
2 0.10563543 -0.23862082 0.90459955 2 0.21064381 -0.07504175 0.55920047 0
2 0.10557979 -0.23846737 0.90503132 2 0.21344686 -0.07555884 0.56049162 0
2 0.10556815 -0.23836645 0.90533954 2 0.21532799 -0.07351539 0.56072187 0
2 0.10556506 -0.23829129 0.90563226 2 0.21485667 -0.07373524 0.56073987 0
2 0.10556655 -0.23825547 0.90573913 2 0.21397832 -0.07308900 0.55926895 0
2 0.10563833 -0.23818351 0.90590173 2 0.21325135 -0.07411783 0.56020057 0
2 0.10565861 -0.23817754 0.90598297 2 0.21197627 -0.07442797 0.56062704 0
2 0.10566346 -0.23816210 0.90602565 2 0.21097665 -0.07289122 0.56005907 0
2 0.10568141 -0.23817261 0.90605605 2 0.21054937 -0.07299531 0.56066144 0
-999
