2 0.09959090 -0.17935260 1.08501327 1 0.14535168 0.05501741 0.78969169 3
1 0.10029292 -0.18389666 1.08505261 2 0.11844397 0.02384971 0.78921396 3
1 0.11886401 -0.18830079 1.08627892 2 0.07728863 0.01535308 0.79267114 3
2 0.14019653 -0.25026926 1.08801663 2 0.02902022 0.00902241 0.80228347 3
1 0.09041193 -0.18492232 1.05277181 2 0.00516459 -0.02890229 0.80451757 3
1 0.08921837 -0.18652166 1.05304909 2 -0.02009324 -0.06990077 0.81088704 3
1 0.15056467 -0.09774997 1.05370080 2 -0.04214043 -0.11378912 0.81136984 3
1 0.13868713 -0.10785720 1.05078828 2 -0.05680306 -0.16006000 0.81093735 3
2 0.11006100 -0.11203205 1.09971988 2 -0.05314707 -0.20601347 0.80268961 3
2 0.10739632 -0.27663460 1.08414292 2 -0.05104850 -0.25279990 0.79494828 3
1 0.10562120 -0.21569900 1.09912264 2 -0.04792304 -0.29976293 0.78812331 3
1 0.10582281 -0.21482727 1.10053039 2 -0.03239140 -0.35201392 0.78203034 0
1 0.10428318 -0.21545558 1.09945941 1 -0.02027305 -0.39863071 0.76669616 0
1 0.09841929 -0.21568933 1.10105944 2 0.02029068 -0.44083560 0.77890968 1
1 0.09355983 -0.21528050 1.10034871 1 0.32982886 -0.56161755 0.82917231 1
1 0.09049480 -0.21325345 1.09928155 1 0.34167635 -0.56972951 0.86712235 1
1 0.08764873 -0.21275105 1.09664083 1 0.33865651 -0.58532369 0.85203391 1
1 0.08302255 -0.22455345 1.09476447 1 0.30125347 -0.51802653 0.89986008 1
1 0.08199853 -0.22113159 1.09404421 2 0.30846539 -0.51117897 0.91345406 1
1 0.08091421 -0.21909951 1.09300387 2 0.32131639 -0.50618231 0.92621803 1
1 0.08095577 -0.21854837 1.09305060 2 0.33558974 -0.50362414 0.94001305 1
1 0.08109291 -0.21841294 1.09345448 2 0.37470686 -0.47242540 0.89769292 0
1 0.08343745 -0.22981067 1.09426320 2 0.36514270 -0.44108567 0.95445991 0
2 0.08810285 -0.23668005 1.09534872 2 0.42060551 -0.28433609 0.82265347 0
2 0.09014335 -0.23437132 1.09650087 2 0.43633756 -0.24763955 0.85547310 0
2 0.09801804 -0.24218568 1.09831500 2 0.44338641 -0.18754502 0.87003851 3
2 0.10832879 -0.24024270 1.10302222 2 0.44579217 -0.12225772 0.87836784 3
2 0.11642129 -0.23907985 1.10349858 2 0.43808731 -0.06109296 0.87971431 3
2 0.15937941 -0.26344851 1.08747792 2 0.42574531 -0.01503079 0.88235873 3
2 0.15942697 -0.26339296 1.08760464 2 0.40559903 0.02651032 0.88477224 3
2 0.15869415 -0.26251489 1.08782017 2 0.38081592 0.06216119 0.88520944 3
2 0.15776338 -0.26159838 1.08762801 2 0.35086522 0.09075911 0.88312310 3
2 0.15774615 -0.25865054 1.08719742 2 0.31474254 0.10968067 0.88361806 3
2 0.15876117 -0.25820279 1.08554006 2 0.27479473 0.11677934 0.88103032 3
2 0.16007102 -0.25477856 1.08470750 2 0.23677117 0.11737399 0.87775427 3
2 0.16132794 -0.25178120 1.08292389 2 0.19295873 0.11432081 0.87607187 3
2 0.16165555 -0.25085244 1.08221769 2 0.16464405 0.10063732 0.87448591 3
2 0.16138801 -0.25228089 1.08121276 2 0.14422815 0.08933798 0.87353319 3
2 0.16121812 -0.25407356 1.08058286 2 0.13348679 0.08276891 0.87229204 3
2 0.16114736 -0.25743297 1.07859874 2 0.12696935 0.08049246 0.86670709 3
2 0.16096307 -0.25845435 1.07851624 2 0.12813401 0.08091536 0.87088144 3
2 0.16083716 -0.25878981 1.07849789 2 0.13438319 0.07688754 0.86688316 3
2 0.16064031 -0.25895587 1.07851136 2 0.13721648 0.07822332 0.86536616 3
2 0.16044895 -0.25904611 1.07871640 2 0.14143959 0.07954770 0.86635208 3
2 0.16002220 -0.25896123 1.07879603 2 0.14325900 0.08354704 0.86916143 3
2 0.15967686 -0.25896555 1.07886004 2 0.13316427 0.08948565 0.87801307 2
-999
