2 0.10321517 -0.20039146 0.94436854 2 0.26562092 0.00628783 0.59910154 0
2 0.10577460 -0.20141967 0.94435412 2 0.26716477 0.00582616 0.59989083 0
2 0.10594963 -0.20124647 0.94452322 2 0.26781952 0.00641897 0.60115385 2
2 0.10619573 -0.20105125 0.94464934 2 0.26717693 0.00799231 0.60094303 2
2 0.10637459 -0.20089106 0.94477051 2 0.26635554 0.00651545 0.60038716 2
2 0.11071339 -0.20010713 0.94474781 2 0.26637098 0.00573699 0.60170776 2
2 0.11236764 -0.19968557 0.94509840 2 0.26568663 0.00462255 0.60347676 2
2 0.11329962 -0.19870572 0.94488025 2 0.26342502 0.00423869 0.60183734 2
2 0.11386470 -0.19771226 0.94456381 2 0.26177755 -0.00348250 0.60343653 2
2 0.11225361 -0.19709580 0.94508344 2 0.25567994 -0.00704687 0.60579461 2
2 0.11253683 -0.19719119 0.94501728 2 0.24835519 -0.01393350 0.60713691 2
2 0.11016114 -0.19710323 0.94597119 2 0.24161990 -0.02162053 0.61085480 2
1 0.10940879 -0.19703953 0.94192964 2 0.23153028 -0.02832501 0.60920191 2
1 0.10881142 -0.19648051 0.93846649 2 0.22053410 -0.03802736 0.61008704 2
1 0.10805604 -0.19628999 0.93669260 2 0.19896698 -0.08214070 0.62081343 2
1 0.10835096 -0.19569117 0.93549573 2 0.19206113 -0.08744814 0.61910850 2
1 0.10743092 -0.19556682 0.93352103 2 0.17798392 -0.09766118 0.61667138 2
1 0.10510021 -0.19556324 0.93731356 2 0.15977971 -0.11759784 0.61520505 2
1 0.10215424 -0.19648510 0.94096369 2 0.14675125 -0.14478293 0.61547464 2
1 0.09900562 -0.19732946 0.94322336 2 0.13007015 -0.16737166 0.61728239 2
1 0.09772523 -0.19774412 0.94431150 2 0.11307396 -0.18807699 0.62006050 2
2 0.09702709 -0.19774292 0.94415373 2 0.09660119 -0.20362163 0.62301874 2
2 0.09699576 -0.19786711 0.94411683 2 0.08198863 -0.21996884 0.62988281 2
2 0.09696905 -0.19809186 0.94405347 2 0.07167879 -0.23132885 0.63328975 2
2 0.09673355 -0.19837362 0.94414639 2 0.06139121 -0.24432957 0.63947135 2
2 0.09629102 -0.19860895 0.94422144 2 0.04259451 -0.24743411 0.64530528 2
2 0.09589420 -0.19879486 0.94423956 2 0.02810528 -0.24279411 0.64713866 0
2 0.09573106 -0.19899386 0.94430393 2 0.02267703 -0.24496163 0.64608800 0
2 0.09558415 -0.19920251 0.94441962 2 0.01654355 -0.24348092 0.64733529 1
2 0.09538422 -0.19933289 0.94450480 2 0.01736568 -0.24768406 0.64833939 1
2 0.09518829 -0.19946329 0.94448197 2 0.01529306 -0.24576415 0.64653844 1
2 0.09485763 -0.19962032 0.94453835 2 0.01411686 -0.24735118 0.64730054 1
2 0.09476261 -0.19969372 0.94452041 2 0.01243491 -0.24562660 0.64647979 1
2 0.09456125 -0.19980733 0.94449681 2 0.01153838 -0.24483722 0.64761388 1
2 0.09434710 -0.19991496 0.94445336 2 0.00796717 -0.23875184 0.64636487 1
2 0.09429239 -0.20001982 0.94448233 2 0.00677844 -0.23684278 0.64898455 1
2 0.09426668 -0.20005523 0.94448286 2 0.00790043 -0.23175038 0.64593375 0
2 0.09416635 -0.20006293 0.94446445 2 0.00633751 -0.22609095 0.64961368 0
2 0.09300062 -0.19943520 0.94437963 2 0.00542128 -0.20585886 0.64277923 0
2 0.09538299 -0.19932890 0.94507468 2 0.01056506 -0.19559769 0.63963217 0
1 0.09603856 -0.19864087 0.94473207 2 0.00817941 -0.16848248 0.63394487 0
1 0.09611008 -0.19789442 0.94480044 2 0.02598458 -0.19886221 0.62992823 0
1 0.09578662 -0.19625604 0.94525456 2 0.03082903 -0.18892428 0.62611365 0
1 0.09625808 -0.18574814 0.94425708 2 0.02783363 -0.08200006 0.60394973 0
1 0.09580591 -0.17077389 0.94235140 2 0.02644595 -0.06111808 0.60088390 2
1 0.09397863 -0.16442123 0.94148564 2 0.03094834 -0.03315236 0.59178311 2
1 0.09396378 -0.16427918 0.94124186 2 0.02976903 -0.00408589 0.58665377 2
1 0.09426349 -0.16386572 0.94083416 2 0.03125543 -0.00194578 0.58514512 2
1 0.09449274 -0.16371109 0.94077724 1 0.03998709 -0.00371686 0.58248824 0
1 0.09510809 -0.16421390 0.94023407 1 0.04225994 -0.00903512 0.57641685 0
1 0.09619082 -0.16442068 0.93901461 1 0.04503849 -0.00986054 0.57569033 0
1 0.09637050 -0.16406965 0.93894219 1 0.05414924 -0.01183622 0.57478809 0
1 0.10234851 -0.16545628 0.93552721 1 0.03933205 0.01811262 0.57551235 0
1 0.10189734 -0.16383977 0.93540210 1 0.05991697 -0.01217797 0.57692587 0
1 0.10133153 -0.16326500 0.93596655 1 0.05945185 -0.01214460 0.57763916 0
1 0.10123840 -0.16320482 0.93628561 1 0.03876653 0.01812538 0.57512933 0
1 0.10008124 -0.16178839 0.93696296 1 0.05995841 -0.01549737 0.58019352 0
1 0.09983616 -0.16290355 0.93725055 1 0.03886291 0.01793948 0.57817233 0
1 0.09930255 -0.16276138 0.93766844 2 0.05910554 -0.01751525 0.57541049 2
1 0.09962654 -0.16372205 0.93660516 2 0.03439055 0.06109029 0.57712233 2
1 0.09867755 -0.16269134 0.93724823 2 0.03579534 0.05940889 0.57610679 2
1 0.10681947 -0.16400498 0.92630070 2 0.03806780 0.05771644 0.57812500 2
1 0.09934231 -0.15522668 0.93554801 2 0.04147568 0.05278992 0.57761806 2
1 0.09854563 -0.15419713 0.93694884 2 0.04804561 0.02856294 0.58238518 2
1 0.09821062 -0.15154241 0.93815130 2 0.06247956 -0.01439936 0.58451217 2
1 0.09824850 -0.15085876 0.93887174 2 0.06039676 0.02183777 0.58456624 2
1 0.09846807 -0.15014875 0.93980473 2 0.08649606 -0.05571970 0.59187055 2
1 0.10989220 -0.14449775 0.95078516 2 0.08584886 -0.01135419 0.59528762 2
1 0.11982948 -0.15333274 0.95659876 2 0.10233950 -0.03641347 0.60077590 2
1 0.11541694 -0.15452664 0.95410466 2 0.11918125 -0.07095124 0.60909015 2
1 0.07057608 -0.04008791 0.97013491 2 0.13679914 -0.10891716 0.61523622 2
1 0.07070661 -0.03995409 0.97055519 2 0.15108640 -0.12492272 0.62206668 2
2 0.05272962 0.01078035 0.92350942 2 0.17278728 -0.16949366 0.62954485 2
1 0.04751940 0.02884757 0.90775883 2 0.18890405 -0.19203134 0.63250113 2
1 0.04665357 0.03058653 0.90593910 2 0.20674063 -0.21010305 0.63697118 0
1 0.04632752 0.03162881 0.90513790 2 0.22701548 -0.22360079 0.64150000 0
1 0.04605036 0.03236372 0.90432227 2 0.24637303 -0.22381946 0.64160919 0
1 0.04572020 0.03304235 0.90414870 2 0.25791678 -0.23074405 0.64584535 0
1 0.04575366 0.03344769 0.90379876 2 0.26741293 -0.23456199 0.65065330 0
1 0.04587082 0.03367056 0.90371102 2 0.28549108 -0.22670351 0.64804298 0
1 0.04586631 0.03387396 0.90360779 2 0.29096067 -0.22518544 0.65038204 0
1 0.04566964 0.03423692 0.90279317 2 0.29078430 -0.22650975 0.65076923 0
1 0.04571261 0.03452109 0.90249968 2 0.28955466 -0.22698610 0.65129465 0
1 0.04573991 0.03462008 0.90256292 2 0.29150701 -0.22439085 0.65115100 0
1 0.04571896 0.03471519 0.90197164 2 0.28907508 -0.22437228 0.64880288 0
1 0.04554938 0.03508054 0.90210801 2 0.28698850 -0.22559832 0.64846206 0
1 0.04623775 0.03514824 0.90171379 2 0.28386354 -0.22609258 0.64755613 0
1 0.04615274 0.03525703 0.90155488 2 0.28069648 -0.22608759 0.64492464 0
1 0.04582792 0.03548644 0.90169030 2 0.27821612 -0.22616637 0.64643407 0
1 0.04573389 0.03549649 0.90146905 2 0.27044615 -0.22822809 0.64433414 0
1 0.04581446 0.03549439 0.90130782 2 0.26579112 -0.23549478 0.64663339 0
1 0.04557637 0.03569917 0.90134978 2 0.26068002 -0.22944765 0.64571095 0
1 0.04601590 0.03580911 0.90134448 2 0.25329140 -0.20603678 0.63905364 0
1 0.04671652 0.03647521 0.90225899 2 0.24599551 -0.18615487 0.63993627 0
2 0.04457876 0.04198926 0.89515245 2 0.23717897 -0.15780035 0.63837993 0
1 0.04466378 0.04212665 0.89515090 2 0.23452376 -0.13213553 0.63651878 0
2 0.04406855 0.04420695 0.89306986 2 0.24058366 -0.09248721 0.62830234 2
1 0.04409350 0.04428293 0.89326751 2 0.23457481 -0.06948553 0.62482506 2
2 0.04383164 0.04538185 0.89244366 2 0.23046130 -0.03132983 0.62151039 2
1 0.04390913 0.04549528 0.89325935 2 0.22875682 -0.00839524 0.61295313 2
2 0.04360499 0.04639138 0.89211583 2 0.22450574 0.01182768 0.60706902 2
2 0.04345174 0.04694474 0.89130479 2 0.22159176 0.03100268 0.60189801 2
2 0.04349324 0.04702910 0.89075208 2 0.21926221 0.04348496 0.59629035 2
1 0.04322010 0.04706930 0.89184916 2 0.21874532 0.04651609 0.59212476 2
1 0.04318147 0.04595969 0.89277011 2 0.21735311 0.05522264 0.59052366 2
1 0.04401569 0.04470687 0.89445066 2 0.21599059 0.06122850 0.58907264 2
1 0.04399005 0.04352080 0.89552349 2 0.21465954 0.06394614 0.58843863 2
1 0.04388269 0.04263569 0.89610112 2 0.21362732 0.06630009 0.58645117 2
1 0.04380868 0.04156332 0.89658457 2 0.21281257 0.06772295 0.58728176 2
1 0.04399015 0.04112301 0.89706564 2 0.21209605 0.06873342 0.58554405 2
1 0.04464362 0.04059883 0.89785939 2 0.21128696 0.07082032 0.58708936 2
1 0.04486123 0.04019454 0.89821327 2 0.21154240 0.07071321 0.58702648 2
1 0.04447768 0.03973773 0.89839673 2 0.21155450 0.07011563 0.58895195 2
-999
