2 0.14287663 -0.26122230 0.91157252 2 0.23454165 -0.02881638 0.64485973 2
2 0.14287421 -0.26121840 0.91155303 2 0.23534743 -0.02886015 0.64564687 2
2 0.14287104 -0.26121393 0.91153568 2 0.23492789 -0.02955442 0.64605498 2
2 0.14286821 -0.26120800 0.91151559 2 0.23482445 -0.02841657 0.64441508 2
2 0.14286588 -0.26120263 0.91149670 2 0.23514143 -0.02916150 0.64524251 2
2 0.14286609 -0.26120099 0.91148531 2 0.23514722 -0.02916482 0.64629114 2
2 0.14286187 -0.26119804 0.91146922 2 0.23529989 -0.02881387 0.64548558 2
2 0.14285885 -0.26118898 0.91144609 2 0.23508614 -0.02893442 0.64417464 2
2 0.14285634 -0.26118201 0.91143024 2 0.23529941 -0.02969966 0.64566535 2
2 0.14286134 -0.26117015 0.91141301 2 0.23505467 -0.02917732 0.64480567 2
2 0.14286135 -0.26116699 0.91140193 2 0.23568305 -0.02902145 0.64552718 2
2 0.14285825 -0.26115346 0.91137803 2 0.23507725 -0.02881671 0.64336568 2
2 0.14286378 -0.26114905 0.91136885 2 0.23570371 -0.02935144 0.64545155 2
2 0.14288273 -0.26113933 0.91136354 2 0.23576523 -0.02927126 0.64564610 2
2 0.14287935 -0.26113459 0.91134650 2 0.23580842 -0.02897664 0.64551753 2
2 0.14287899 -0.26113173 0.91133571 2 0.23574592 -0.02895610 0.64519608 2
2 0.14287609 -0.26112655 0.91131788 2 0.23511213 -0.02881121 0.64386970 2
2 0.14287385 -0.26112202 0.91130286 2 0.23552389 -0.02901954 0.64523715 2
2 0.14286993 -0.26111642 0.91129208 2 0.23538123 -0.02901588 0.64433801 2
2 0.14286740 -0.26111200 0.91127735 2 0.23558295 -0.02925330 0.64463586 2
2 0.14286202 -0.26110643 0.91126716 2 0.23578821 -0.02949478 0.64521492 2
2 0.14286831 -0.26110256 0.91125906 2 0.23592733 -0.02907474 0.64505041 2
2 0.14286943 -0.26110089 0.91124338 2 0.23519070 -0.02954038 0.64457238 2
2 0.14287327 -0.26111683 0.91125321 2 0.23584646 -0.02952578 0.64621788 2
2 0.14286797 -0.26111275 0.91123229 2 0.23460327 -0.02915640 0.64302856 2
2 0.14286739 -0.26110947 0.91121876 2 0.23543906 -0.02934419 0.64478934 2
2 0.14287618 -0.26111320 0.91124827 2 0.23522572 -0.02972842 0.64531773 2
2 0.14287372 -0.26111066 0.91123474 2 0.23493378 -0.02976961 0.64440376 2
2 0.14286914 -0.26111212 0.91121942 2 0.23517826 -0.02939327 0.64479136 2
2 0.14287212 -0.26111075 0.91120422 2 0.23494725 -0.02952440 0.64395434 2
2 0.14287084 -0.26110783 0.91119397 2 0.23495203 -0.02930907 0.64413005 2
2 0.14287144 -0.26110139 0.91117692 2 0.23479982 -0.02950473 0.64353424 2
2 0.14287004 -0.26109740 0.91116381 2 0.23511058 -0.02960221 0.64384145 2
2 0.14286757 -0.26109383 0.91114962 2 0.23498322 -0.02907080 0.64339650 2
2 0.14286718 -0.26108912 0.91113544 2 0.23404580 -0.03011669 0.64306045 2
2 0.14286421 -0.26108521 0.91112560 2 0.23480302 -0.02924805 0.64355516 2
2 0.14286688 -0.26108575 0.91111416 2 0.23521209 -0.02956361 0.64440352 2
2 0.14286458 -0.26108274 0.91109872 2 0.23467180 -0.02947061 0.64232743 2
2 0.14286564 -0.26108068 0.91109514 2 0.23466545 -0.02953792 0.64342749 2
2 0.14286262 -0.26107845 0.91108155 2 0.23443490 -0.02947068 0.64228964 2
2 0.14286089 -0.26107514 0.91106832 2 0.23438871 -0.02957812 0.64222610 2
2 0.14286017 -0.26107216 0.91105646 2 0.23427078 -0.03000372 0.64279699 2
2 0.14286603 -0.26107261 0.91105479 2 0.23396222 -0.02946653 0.64206266 2
2 0.14286025 -0.26107287 0.91104388 2 0.23421854 -0.02994620 0.64312130 2
2 0.14286333 -0.26108065 0.91104335 2 0.23460677 -0.02969190 0.64289582 2
2 0.14286144 -0.26107737 0.91103065 2 0.23464513 -0.02976785 0.64244801 2
2 0.14286120 -0.26107293 0.91101784 2 0.23429535 -0.02968252 0.64241678 2
2 0.14286210 -0.26107135 0.91100693 2 0.23471378 -0.02978402 0.64280558 2
2 0.14286076 -0.26107052 0.91099417 2 0.23463082 -0.02993378 0.64225411 2
2 0.14286345 -0.26106939 0.91098136 2 0.23443832 -0.03014222 0.64219695 2
2 0.14286289 -0.26106748 0.91097063 2 0.23461850 -0.02981425 0.64199728 2
2 0.14286134 -0.26106638 0.91093582 2 0.23389241 -0.02977647 0.64033312 2
2 0.14286250 -0.26106629 0.91092348 2 0.23446123 -0.02974604 0.64183682 2
2 0.14285927 -0.26106563 0.91091132 2 0.23452412 -0.03002248 0.64228177 2
2 0.14286301 -0.26106903 0.91090590 2 0.23477773 -0.02984506 0.64254802 2
2 0.14286265 -0.26106548 0.91089225 2 0.23396944 -0.02971455 0.64131993 2
2 0.14286177 -0.26106465 0.91088051 2 0.23423253 -0.03018955 0.64271754 2
2 0.14285630 -0.26106226 0.91086626 2 0.23369925 -0.02970457 0.64146149 2
2 0.14285177 -0.26106209 0.91085464 2 0.23392582 -0.03011676 0.64196444 2
2 0.14285013 -0.26105845 0.91083753 2 0.23370741 -0.03072279 0.64074582 2
2 0.14285004 -0.26106101 0.91083205 2 0.23372141 -0.03055412 0.64216310 2
2 0.14285916 -0.26107281 0.91083539 2 0.23397499 -0.03089993 0.64297932 2
2 0.14285851 -0.26107523 0.91081053 2 0.23283866 -0.03087241 0.64050382 2
2 0.14285448 -0.26107347 0.91079938 2 0.23358014 -0.03056131 0.64106977 2
2 0.14284809 -0.26107365 0.91078818 2 0.23334679 -0.03081923 0.64125991 2
2 0.14284600 -0.26107189 0.91077554 2 0.23343943 -0.03079779 0.64022970 2
2 0.14284338 -0.26107183 0.91075212 2 0.23302661 -0.03077537 0.63939881 2
2 0.14285178 -0.26107556 0.91073710 2 0.23287834 -0.03116903 0.64077187 2
2 0.14285244 -0.26107535 0.91072416 2 0.23320092 -0.03064019 0.64048135 2
2 0.14284967 -0.26107591 0.91071355 2 0.23335274 -0.03052493 0.64099991 2
2 0.14284801 -0.26107529 0.91070122 2 0.23341532 -0.03059498 0.64016104 2
2 0.14285848 -0.26108396 0.91067439 2 0.23315381 -0.03048660 0.63996989 2
2 0.14285353 -0.26108283 0.91067153 2 0.23325536 -0.03091489 0.64058214 2
2 0.14285254 -0.26107839 0.91066527 2 0.23293173 -0.03025340 0.64063495 2
2 0.14285187 -0.26107681 0.91065490 2 0.23332182 -0.03071571 0.64186448 2
2 0.14285220 -0.26108074 0.91065782 2 0.23349047 -0.03074497 0.64273882 2
2 0.14285217 -0.26108035 0.91064662 2 0.23352247 -0.03051350 0.64162755 2
2 0.14285065 -0.26107779 0.91063857 2 0.23364393 -0.02994135 0.64129710 2
2 0.14284742 -0.26107857 0.91062933 2 0.23353572 -0.03034022 0.64246231 2
2 0.14284673 -0.26107657 0.91062021 2 0.23328400 -0.03108552 0.64269376 2
2 0.14284521 -0.26107529 0.91061115 2 0.23349561 -0.03051549 0.64202428 2
2 0.14284216 -0.26107472 0.91060388 2 0.23358792 -0.03078860 0.64118040 2
2 0.14283991 -0.26107293 0.91059619 2 0.23393978 -0.03085831 0.64258796 2
2 0.14283770 -0.26106972 0.91058862 2 0.23347712 -0.03200383 0.64129591 2
2 0.14283766 -0.26106197 0.91058308 2 0.23273273 -0.03535772 0.64162815 2
2 0.14283128 -0.26103520 0.91059226 2 0.23116434 -0.03852253 0.63965058 2
2 0.14283817 -0.26097742 0.91060793 2 0.22765781 -0.04662318 0.63936985 2
2 0.14285836 -0.26093397 0.91063839 2 0.22897331 -0.05150709 0.64014000 3
2 0.14285900 -0.26088262 0.91070396 2 0.22898480 -0.05515374 0.64395750 3
2 0.14286236 -0.26080772 0.91069835 2 0.22613433 -0.05702080 0.63946593 3
2 0.14286275 -0.26078200 0.91071945 2 0.22548449 -0.05931967 0.64020962 3
2 0.14286788 -0.26075721 0.91073972 2 0.22524399 -0.06052640 0.63980305 3
2 0.14287260 -0.26074028 0.91080362 2 0.22541004 -0.06153892 0.63876277 3
2 0.14287542 -0.26072279 0.91081905 2 0.22582662 -0.06106713 0.63751900 3
2 0.14288025 -0.26071447 0.91082609 2 0.22654182 -0.05981349 0.63746369 3
2 0.14288247 -0.26070035 0.91083419 2 0.22694191 -0.05946374 0.63713282 3
2 0.14287931 -0.26067537 0.91085106 2 0.22790614 -0.05922815 0.63767350 3
2 0.14287096 -0.26064223 0.91086262 2 0.22715154 -0.05872374 0.63740796 3
2 0.14286982 -0.26061878 0.91086644 2 0.22599044 -0.05899835 0.63824344 3
2 0.14286999 -0.26059744 0.91088134 2 0.22592406 -0.05939377 0.63940400 3
2 0.14287314 -0.26058713 0.91090864 2 0.22597496 -0.05875122 0.63997924 3
2 0.14287956 -0.26056403 0.91093028 2 0.22566223 -0.05920654 0.63852549 3
2 0.14289005 -0.26054558 0.91095042 2 0.22604042 -0.05938106 0.64031368 3
2 0.14289121 -0.26052496 0.91096967 2 0.22567433 -0.06028676 0.63884443 3
2 0.14288864 -0.26052940 0.91101670 2 0.22599496 -0.06022304 0.64016455 3
2 0.14287727 -0.26048958 0.91103184 2 0.22547948 -0.06014405 0.63909656 3
2 0.14288998 -0.26049086 0.91105378 2 0.22662550 -0.05974067 0.64030188 3
2 0.14288875 -0.26047945 0.91106158 2 0.22658686 -0.05820332 0.63872945 3
2 0.14289168 -0.26046821 0.91106921 2 0.22763486 -0.05748952 0.63919675 3
2 0.14289497 -0.26046368 0.91107148 2 0.22837263 -0.05493598 0.63934803 3
2 0.14289713 -0.26045507 0.91109085 2 0.22780345 -0.05135863 0.64063072 3
2 0.14289679 -0.26044136 0.91109854 2 0.22810516 -0.04808984 0.64088100 2
2 0.14289722 -0.26044613 0.91109782 2 0.23081352 -0.04519269 0.64538729 2
2 0.14287746 -0.26048866 0.91106218 2 0.23113374 -0.04214243 0.64180201 2
2 0.14287773 -0.26050740 0.91101420 2 0.23135020 -0.03934748 0.63931793 2
2 0.14288886 -0.26052451 0.91099018 2 0.23182178 -0.03710138 0.63724720 2
2 0.14289132 -0.26054132 0.91091508 2 0.23126201 -0.03667332 0.63441849 2
2 0.14289854 -0.26058748 0.91091079 2 0.23171096 -0.03602090 0.63570726 2
2 0.14293009 -0.26064017 0.91084284 2 0.23027965 -0.03690240 0.63371283 2
2 0.14297228 -0.26067775 0.91070747 2 0.23007134 -0.03676081 0.63181716 2
2 0.14300616 -0.26072684 0.91063756 2 0.23092000 -0.03687117 0.63327605 2
2 0.14306822 -0.26076484 0.91056740 2 0.23134971 -0.03670042 0.63302916 2
2 0.14307061 -0.26081458 0.91053230 2 0.23184721 -0.03639436 0.63378084 2
2 0.14308181 -0.26085180 0.91051054 2 0.23246877 -0.03635348 0.63351005 2
2 0.14307979 -0.26086250 0.91050720 2 0.23263089 -0.03592649 0.63333404 2
2 0.14308226 -0.26088265 0.91049743 2 0.23264985 -0.03668758 0.63230568 2
2 0.14311087 -0.26091775 0.91046631 2 0.23268355 -0.03647457 0.63243389 2
2 0.14312735 -0.26093051 0.91042316 2 0.23237571 -0.03537466 0.63189220 2
2 0.14314556 -0.26094893 0.91039151 2 0.23248811 -0.03535569 0.63185632 2
2 0.14314905 -0.26098621 0.91036654 2 0.23284188 -0.03487726 0.63201082 2
2 0.14324476 -0.26102382 0.91035140 2 0.23269078 -0.03531576 0.63184971 2
2 0.14324531 -0.26104489 0.91032422 2 0.23269615 -0.03524183 0.63114464 2
2 0.14324504 -0.26104635 0.91032398 2 0.23299217 -0.03514837 0.63146514 2
2 0.14324680 -0.26107240 0.91032296 2 0.23320955 -0.03556225 0.63250762 2
2 0.14325549 -0.26111302 0.91029006 2 0.23312241 -0.03526520 0.63100266 2
2 0.14325732 -0.26112303 0.91028994 2 0.23295395 -0.03537298 0.63255495 2
2 0.14324936 -0.26117033 0.91026592 2 0.23305550 -0.03539352 0.63155633 2
-999
