2 0.14455286 -0.23981830 0.86010569 2 0.27519006 -0.02453975 0.64487386 2
2 0.14539510 -0.24001795 0.85952812 2 0.27521580 -0.02447694 0.64486974 2
2 0.14620119 -0.24011175 0.85905409 2 0.27525380 -0.02460650 0.64492446 2
2 0.14187071 -0.23872890 0.86192930 2 0.27536184 -0.02471723 0.64503127 2
2 0.14374869 -0.23925680 0.86068028 2 0.27543932 -0.02478101 0.64504188 2
2 0.14139959 -0.23877130 0.86255687 2 0.27555078 -0.02497625 0.64512604 2
2 0.13931747 -0.23801909 0.86392486 2 0.27565187 -0.02517004 0.64520442 2
2 0.13856187 -0.23785579 0.86458004 2 0.27572599 -0.02508317 0.64522988 2
2 0.13792829 -0.23771262 0.86508483 2 0.27575853 -0.02514607 0.64529091 2
2 0.14235967 -0.23904830 0.86173028 2 0.27577579 -0.02519959 0.64529085 2
2 0.14447276 -0.23967628 0.86031628 2 0.27581683 -0.02523931 0.64535630 2
2 0.14590229 -0.24008717 0.85920107 2 0.27582633 -0.02526210 0.64538991 2
2 0.14653757 -0.24037436 0.85870886 2 0.27583605 -0.02527334 0.64541900 2
2 0.14704175 -0.24046323 0.85833734 2 0.27578747 -0.02508437 0.64534962 2
2 0.14252578 -0.23921345 0.86227590 2 0.27582723 -0.02510840 0.64545292 2
2 0.14462703 -0.23990729 0.86026126 2 0.27583119 -0.02510479 0.64543623 2
2 0.14581163 -0.24035113 0.85909641 2 0.27585477 -0.02517158 0.64543426 2
2 0.14673512 -0.24061400 0.85862261 2 0.27589783 -0.02523976 0.64545441 2
2 0.14714158 -0.24072176 0.85828084 2 0.27591875 -0.02530793 0.64546013 2
2 0.14739768 -0.24077903 0.85802662 2 0.27597207 -0.02543272 0.64551252 2
2 0.14756589 -0.24073850 0.85794359 2 0.27605864 -0.02553000 0.64549839 2
2 0.14803329 -0.24090552 0.85746187 2 0.27605298 -0.02551318 0.64548057 2
2 0.14822716 -0.24093898 0.85730296 2 0.27608752 -0.02553192 0.64544654 2
2 0.14834654 -0.24096395 0.85717833 2 0.27610198 -0.02552515 0.64545012 2
2 0.14850990 -0.24104974 0.85704303 2 0.27613044 -0.02557202 0.64544731 2
2 0.14863767 -0.24110152 0.85689288 2 0.27616549 -0.02562048 0.64546895 2
2 0.14890569 -0.24117133 0.85661399 2 0.27619174 -0.02563270 0.64535993 2
2 0.14899687 -0.24119399 0.85650891 2 0.27621728 -0.02564774 0.64534080 2
2 0.14905801 -0.24119952 0.85644817 2 0.27624786 -0.02565564 0.64535004 2
2 0.14914152 -0.24121712 0.85638332 2 0.27629736 -0.02577596 0.64529496 2
2 0.14919534 -0.24124742 0.85636604 2 0.27629176 -0.02569575 0.64537138 2
2 0.14919354 -0.24119738 0.85631657 2 0.27592966 -0.02530976 0.64409858 2
2 0.14925401 -0.24117893 0.85630172 2 0.27503741 -0.02422841 0.64301616 3
2 0.14928460 -0.24096864 0.85614759 2 0.26857024 -0.01369877 0.64033240 3
2 0.14931169 -0.24097060 0.85611117 2 0.26638851 -0.01256007 0.63998401 3
2 0.14931056 -0.24100873 0.85598183 2 0.26375356 -0.01212054 0.63991106 3
2 0.14929163 -0.24103054 0.85586601 2 0.26230061 -0.01267360 0.63973826 3
2 0.14929922 -0.24107017 0.85581553 2 0.26079491 -0.01254400 0.63895869 3
2 0.14933443 -0.24110590 0.85579973 2 0.26008457 -0.01238963 0.63773197 3
2 0.14939120 -0.24115142 0.85587525 2 0.25978488 -0.01242473 0.63730919 3
2 0.14945437 -0.24121609 0.85595071 2 0.25995615 -0.01242496 0.63647401 3
2 0.14948869 -0.24124305 0.85591429 2 0.26008254 -0.01218302 0.63555467 3
2 0.14951670 -0.24127203 0.85587972 2 0.25984994 -0.01199126 0.63549441 3
2 0.14955905 -0.24129835 0.85584396 2 0.25978389 -0.01197372 0.63535368 3
2 0.14960010 -0.24132812 0.85580909 2 0.25954771 -0.01173186 0.63527608 3
2 0.14960931 -0.24132209 0.85580391 2 0.25958022 -0.01163920 0.63495266 3
2 0.14968760 -0.24136485 0.85582674 2 0.25953865 -0.01152607 0.63483417 3
2 0.14979531 -0.24137759 0.85568959 2 0.25969765 -0.01142271 0.63449258 3
2 0.14983544 -0.24137832 0.85566205 2 0.25992602 -0.01136536 0.63439965 3
2 0.14993791 -0.24136126 0.85571969 2 0.26198617 -0.01492192 0.63573265 3
2 0.14996144 -0.24133933 0.85571885 2 0.26395151 -0.01703072 0.63739836 3
2 0.15002728 -0.24139038 0.85568106 2 0.26687410 -0.01901100 0.63944989 3
2 0.15016291 -0.24155925 0.85547119 2 0.26990896 -0.02079775 0.64155233 2
2 0.14362383 -0.23972008 0.86073250 2 0.27378073 -0.02170493 0.64466709 2
2 0.14120384 -0.23901811 0.86253786 2 0.27553019 -0.02291833 0.64512408 2
2 0.13992029 -0.23874991 0.86342001 2 0.27633920 -0.02376323 0.64504409 2
2 0.14357273 -0.24014463 0.86033052 2 0.27648696 -0.02422780 0.64470011 2
2 0.14515632 -0.24068056 0.85915685 2 0.27654564 -0.02459944 0.64468741 2
2 0.14191739 -0.23983932 0.86169511 2 0.27659878 -0.02485891 0.64479411 2
2 0.14039771 -0.23945074 0.86271310 2 0.27649596 -0.02484051 0.64464581 2
2 0.13922872 -0.23917231 0.86351824 2 0.27652135 -0.02520165 0.64476985 2
2 0.13846283 -0.23895505 0.86419034 2 0.27657747 -0.02563388 0.64495832 2
2 0.13792408 -0.23886254 0.86459666 2 0.27664876 -0.02567690 0.64503253 2
2 0.13748938 -0.23875761 0.86488801 2 0.27672738 -0.02579510 0.64507556 2
2 0.13705933 -0.23868704 0.86508703 2 0.27694523 -0.02628151 0.64510381 2
2 0.14245780 -0.24094822 0.85947120 2 0.27689219 -0.02669849 0.64476210 2
2 0.14406566 -0.24134891 0.85825175 2 0.27691108 -0.02683917 0.64460582 2
2 0.14110938 -0.24031001 0.86084169 2 0.27693081 -0.02688839 0.64457375 2
2 0.13951355 -0.23982252 0.86212885 2 0.27699661 -0.02697673 0.64446217 2
2 0.13841923 -0.23946111 0.86307418 2 0.27712825 -0.02715852 0.64437789 2
2 0.13780269 -0.23925708 0.86363465 2 0.27718350 -0.02724591 0.64420235 2
2 0.13719678 -0.23909144 0.86425972 2 0.27728254 -0.02748776 0.64423537 2
2 0.13676004 -0.23900108 0.86464775 2 0.27731389 -0.02757279 0.64421535 2
2 0.13649236 -0.23890767 0.86485034 2 0.27751508 -0.02780486 0.64405489 2
2 0.14136671 -0.24088694 0.86046571 2 0.27767596 -0.02792121 0.64375299 2
2 0.14348395 -0.24172133 0.85849124 2 0.27782789 -0.02808893 0.64358574 2
-999
