2 0.19274355 -0.30616188 1.06330442 2 0.27626565 0.02905623 0.86326635 3
2 0.19188024 -0.30639282 1.06333256 2 0.26812080 0.03246773 0.85896450 3
2 0.20157455 -0.29772398 1.05214214 2 0.25343710 0.03780764 0.84825623 3
2 0.19987720 -0.29770827 1.05308402 2 0.23072045 0.04742019 0.84274507 3
2 0.19548389 -0.29801765 1.05515730 2 0.20702349 0.04285306 0.84688115 3
2 0.19156335 -0.29897130 1.05660176 2 0.18300742 0.03580837 0.84590185 3
2 0.18929997 -0.30091909 1.05533826 2 0.15494677 0.02744556 0.84167218 3
1 0.19091563 -0.29994184 1.05541956 2 0.12658767 0.01525294 0.84298104 3
1 0.19788942 -0.29693681 1.05674660 2 0.10605374 -0.01117289 0.84532881 3
1 0.19885884 -0.29797953 1.05762148 2 0.07098638 -0.03032931 0.84728879 3
2 0.19070072 -0.29855320 1.05845392 2 0.05083079 -0.06110027 0.85378104 3
2 0.18877889 -0.29774874 1.05878961 2 0.04822321 -0.10226370 0.85932249 3
2 0.18767130 -0.29953852 1.05840063 2 0.03629764 -0.13462591 0.85893738 3
2 0.18880270 -0.30628628 1.05173433 2 0.02122704 -0.16717748 0.85865712 3
1 0.18816864 -0.30763870 1.04922259 2 0.03010130 -0.19917375 0.85184205 3
1 0.18778588 -0.30773351 1.04841542 2 0.02773536 -0.22661069 0.84353042 0
2 0.18059084 -0.30205417 1.06273222 2 0.02696585 -0.25430438 0.83888912 0
2 0.14275484 -0.33513033 1.04635990 2 0.02940792 -0.27405140 0.82893908 3
2 0.14214067 -0.33557472 1.04635775 2 0.05342332 -0.28997731 0.81641543 3
2 0.14122353 -0.33553267 1.04716742 2 0.06557585 -0.31409973 0.80540878 3
2 0.17278115 -0.32135138 1.08029270 2 0.09742840 -0.32620552 0.78784740 3
2 0.16411626 -0.32561699 1.07023036 1 0.09787443 -0.33648124 0.77866191 0
2 0.16026343 -0.32740316 1.06669712 1 0.13058464 -0.30541506 0.62753588 0
2 0.15804067 -0.32944596 1.06374216 1 0.11243355 -0.28184134 0.71219850 0
2 0.15709630 -0.33055434 1.06254971 2 0.15556556 -0.26784602 0.63038653 0
2 0.15676773 -0.33129606 1.06174815 2 0.18436691 -0.30723792 0.62455946 0
2 0.14256063 -0.35018381 1.05102599 1 0.31923246 -0.22052972 0.62688512 0
2 0.14184612 -0.34922811 1.05018973 1 0.38416982 -0.19134489 0.68853837 0
2 0.16446413 -0.34117424 1.06931221 1 0.39486694 -0.16502106 0.69898558 0
2 0.16383715 -0.34081706 1.06656623 2 0.35286897 -0.25259364 0.79307187 0
2 0.16369265 -0.34065342 1.06499004 2 0.37484729 -0.22795895 0.80564320 0
2 0.16372202 -0.34043685 1.06460786 2 0.39837256 -0.22232157 0.83530140 3
2 0.16700634 -0.33949950 1.06558597 2 0.41365013 -0.19981499 0.85254562 3
2 0.16793247 -0.33856490 1.06623292 2 0.42479530 -0.16134956 0.86243975 3
2 0.16938275 -0.33781907 1.06690502 2 0.43571445 -0.14211731 0.88115460 3
2 0.17113258 -0.33682382 1.06784201 2 0.44286856 -0.10256945 0.88964820 3
2 0.17595389 -0.33365282 1.07023764 2 0.44801170 -0.08523713 0.89895278 3
2 0.18649259 -0.32654971 1.07761133 2 0.45547569 -0.06286320 0.91071612 3
2 0.18849432 -0.32467875 1.07927561 2 0.45825410 -0.04346184 0.91925681 3
2 0.18950886 -0.32402185 1.07940280 2 0.45525134 -0.03049517 0.91995299 3
2 0.16768530 -0.33306736 1.06286550 2 0.45316228 -0.00424251 0.92335069 3
2 0.16688192 -0.33297670 1.06212449 2 0.44649297 0.00451984 0.92710316 3
2 0.19703218 -0.31608078 1.07563329 2 0.43700635 0.01427155 0.93042797 3
2 0.19687198 -0.31618747 1.07563579 2 0.42041177 0.02256830 0.93112791 3
2 0.19688646 -0.31619313 1.07570541 2 0.40037024 0.03327103 0.93147194 3
2 0.19688666 -0.31618577 1.07572722 2 0.37953171 0.04131244 0.93166757 3
2 0.19684266 -0.31621873 1.07574499 2 0.35716638 0.04376544 0.93036103 3
2 0.19684772 -0.31622770 1.07577384 2 0.33516499 0.04338620 0.93167186 3
2 0.20155056 -0.31487438 1.07358992 2 0.31433940 0.03905891 0.93073750 3
2 0.21246645 -0.30931112 1.06945455 2 0.29748145 0.03605206 0.92977804 3
2 0.21679968 -0.30872771 1.06658113 2 0.27617756 0.04587875 0.92167985 3
2 0.21857011 -0.30839342 1.06521010 2 0.26266938 0.04454295 0.92052484 3
2 0.21313854 -0.31024048 1.06546879 2 0.25153884 0.04045753 0.91755939 3
2 0.21091288 -0.31115010 1.06536591 2 0.24449493 0.03761899 0.91706365 3
2 0.20961718 -0.31176355 1.06538534 2 0.24041781 0.03625432 0.91719919 3
2 0.20872307 -0.31212026 1.06519759 2 0.23818743 0.03492824 0.91317457 3
2 0.20456989 -0.31393474 1.06386888 2 0.23864067 0.03446590 0.91445524 3
2 0.20247813 -0.31424618 1.06306434 2 0.23876567 0.03423407 0.91101092 3
2 0.22774836 -0.30596167 1.05416930 2 0.23703538 0.03903470 0.91019857 3
2 0.22559267 -0.30749059 1.05511856 2 0.23877327 0.03854509 0.91003740 3
2 0.22471379 -0.30803582 1.05560100 2 0.23954095 0.03968423 0.91223508 3
2 0.22419064 -0.30833131 1.05599344 2 0.23847985 0.04450184 0.91671252 0
2 0.22948246 -0.30326819 1.05211198 2 0.23483694 0.06097204 0.91622823 0
2 0.23099126 -0.30121771 1.05453157 2 0.23811731 0.06115342 0.91149157 2
-999
