2 0.04740465 -0.14088982 0.93798172 2 0.21030453 0.05704803 0.63023746 2
2 0.04623954 -0.14046124 0.93801969 2 0.20887664 0.05604733 0.62815833 2
2 0.04457259 -0.13962033 0.93843776 2 0.20881160 0.05694266 0.62930208 2
2 0.04456760 -0.13968967 0.93839628 2 0.20833105 0.05636567 0.62853509 2
2 0.04333248 -0.13918707 0.93869239 2 0.20851506 0.05717697 0.62969577 2
2 0.04255087 -0.13892440 0.93876565 2 0.20712051 0.05672161 0.62700558 2
2 0.04207575 -0.13890938 0.93862587 2 0.20669423 0.05570789 0.62647718 2
1 0.04177308 -0.13875061 0.93872583 2 0.20697474 0.05611906 0.62882215 2
2 0.04159251 -0.13883962 0.93859839 2 0.20583585 0.05377047 0.62639719 2
1 0.04140636 -0.13879634 0.93858093 2 0.20490012 0.04941707 0.62759286 2
1 0.04133694 -0.13881041 0.93855405 2 0.20322157 0.04879320 0.62839329 2
1 0.04108685 -0.13860050 0.93865478 2 0.20131905 0.04693770 0.62796509 2
1 0.04110694 -0.13863851 0.93864262 2 0.19476159 0.02721350 0.62716776 2
1 0.04113577 -0.13859838 0.93863046 2 0.19108436 0.02206866 0.62727559 2
1 0.04149166 -0.13897824 0.93888849 2 0.18413854 0.01453724 0.62737393 2
1 0.04178957 -0.13920480 0.93904549 2 0.17465392 0.00605935 0.62592918 2
1 0.04218169 -0.13938589 0.93915528 2 0.16487952 -0.00260969 0.62526929 2
1 0.04211123 -0.13890314 0.93908364 2 0.15369248 -0.00733048 0.62723011 2
1 0.04099863 -0.13359942 0.93806654 2 0.14106822 -0.00983933 0.62824965 2
1 0.03997732 -0.13024320 0.93711329 2 0.12647372 -0.04794579 0.62773442 2
1 0.03974100 -0.12998156 0.93711925 2 0.11469745 -0.05642478 0.63019001 2
1 0.03886136 -0.12781698 0.93702257 2 0.10143827 -0.06988116 0.63090008 2
1 0.03640259 -0.07033095 0.94222581 2 0.09082174 -0.06538748 0.62848830 2
1 0.03599038 -0.08167240 0.93982422 2 0.07660874 -0.07289986 0.62564588 0
1 0.03061533 -0.13328081 0.91813397 2 0.05735130 -0.10007484 0.63520503 0
1 0.03265771 -0.12034038 0.92689568 2 0.05170883 -0.10637177 0.62989175 2
1 0.03058998 -0.11301606 0.92700338 2 0.04259423 -0.10708182 0.62709445 2
1 0.03075246 -0.11273548 0.92749852 2 0.03388079 -0.11110096 0.62642938 2
1 0.03089552 -0.11252341 0.92806858 2 0.02527585 -0.11764020 0.62859720 2
1 0.03077636 -0.11236666 0.92827624 2 0.02172412 -0.12239417 0.62767869 2
1 0.02615121 -0.11366510 0.92766058 2 0.01551026 -0.12434178 0.62831193 2
2 0.02118358 -0.01879804 0.91757333 2 0.01404207 -0.13377003 0.62919986 2
1 0.02130660 -0.01888006 0.91754693 2 0.01169596 -0.13482089 0.62833452 2
1 0.02140127 -0.01895504 0.91757178 2 0.00441888 -0.09646701 0.59847027 0
1 0.02136004 -0.01905788 0.91761893 1 0.00186335 -0.09634166 0.59711766 0
1 0.02132532 -0.01904855 0.91761774 2 0.00424331 -0.09852497 0.59813666 0
1 0.02128432 -0.01906374 0.91763097 2 0.00544407 -0.09966517 0.59789443 0
1 0.02121879 -0.01917095 0.91757780 1 0.00660575 -0.09997285 0.59725070 0
1 0.02117490 -0.01920795 0.91748792 1 0.00762731 -0.09983493 0.59874701 0
2 0.01682227 -0.05850982 0.90974933 2 0.00786471 -0.11982395 0.62341088 0
2 0.01674790 -0.05921533 0.90935624 2 0.00228940 -0.11715733 0.62230766 0
2 0.01693986 -0.05939111 0.90929049 2 0.00578578 -0.11318495 0.62180597 0
2 0.01806110 -0.05935809 0.90872067 2 -0.04342663 0.01772777 0.53880537 0
2 0.02260096 -0.05762093 0.90868342 2 -0.06099642 0.02354491 0.54678917 0
2 0.02506747 -0.04395264 0.90942883 1 -0.05589156 0.01742986 0.55969477 0
1 0.02459243 -0.03538163 0.91080892 1 -0.02416335 -0.03384152 0.60801905 0
2 0.02881732 -0.03012483 0.90270239 1 -0.02015594 -0.02473356 0.60914057 0
2 0.01816528 -0.05527206 0.79370260 1 -0.01906146 -0.04731038 0.62940836 0
1 0.00921550 -0.06821264 0.74462503 1 0.00189436 -0.06288309 0.62473321 0
1 -0.00505809 -0.05891573 0.73310578 1 -0.00251567 0.01082617 0.61615616 0
1 -0.00923938 -0.06002944 0.73088312 1 -0.00733909 0.02970401 0.61753625 0
1 -0.01013862 -0.06063929 0.72887754 1 -0.00694290 0.04197732 0.61552238 0
1 -0.01001047 -0.06075719 0.72760773 1 0.00047406 0.04800677 0.61473280 0
1 -0.00765676 -0.06260983 0.72473705 1 -0.00096252 0.01732483 0.61315519 0
1 0.00152302 -0.07230777 0.71964353 1 0.03249981 -0.01988994 0.60453141 0
1 0.00751014 -0.07725111 0.71877122 1 0.03717344 -0.02312975 0.60515589 1
1 0.01645904 -0.08653615 0.71900910 1 0.03357469 -0.01118405 0.60266203 1
1 0.02273830 -0.09511374 0.72177064 1 0.02893823 0.00233292 0.60135388 1
1 0.02784983 -0.09689725 0.71994674 1 0.02842049 0.00790216 0.60230815 1
1 0.02967936 -0.09653349 0.71890366 1 0.02846501 0.01162658 0.59964013 1
1 0.03046542 -0.09515287 0.71861893 1 0.02849553 0.01463385 0.60168147 1
1 0.03093765 -0.09324100 0.72107762 1 0.02860765 0.01593225 0.60175353 1
1 0.03157768 -0.09175812 0.72101462 1 0.02941116 0.01615289 0.60249335 1
1 0.03113671 -0.08892255 0.72344786 1 0.03093389 0.01552461 0.60243428 1
1 0.03177868 -0.08777905 0.72254121 1 0.03196160 0.01487945 0.60236317 1
1 0.03214780 -0.08716907 0.72188884 1 0.03105540 0.01588834 0.60188526 1
1 0.03243145 -0.08681142 0.72149706 1 0.03206571 0.01485156 0.60177368 1
1 0.03282334 -0.08676352 0.72128588 1 0.03342405 0.01388314 0.60272896 1
1 0.03291953 -0.08688661 0.72298181 1 0.03456819 0.01335100 0.60190177 1
1 0.03335661 -0.08707605 0.72304022 1 0.03664225 0.01105202 0.60141468 1
1 0.03342136 -0.08680756 0.72308379 1 0.03841604 0.00966739 0.60311913 1
1 0.03334741 -0.08581471 0.72223854 1 0.04253747 0.00607021 0.60005605 1
1 0.03201482 -0.08007433 0.72091681 1 0.03745840 0.01789405 0.59959412 1
1 0.03099758 -0.07593743 0.72276998 1 0.04146186 0.01523915 0.60292530 1
1 0.03134513 -0.07301392 0.72451162 1 0.04378850 0.01331658 0.60388768 1
1 0.03404517 -0.06881948 0.72547609 1 0.04725486 0.01176066 0.60550880 1
1 0.03780267 -0.05991783 0.73152679 1 0.05547364 0.00767264 0.60744071 1
1 0.03960949 -0.05351168 0.73666406 1 0.06234673 0.00524419 0.60918868 1
1 0.03352481 -0.03261801 0.74911320 1 0.07014942 0.00425106 0.61123574 1
1 0.03319522 -0.03043910 0.75043923 1 0.08034196 0.00397783 0.61357009 0
1 0.03220340 -0.02795676 0.75597364 1 0.08210971 0.00537477 0.61787421 0
1 0.03018525 -0.02124704 0.76228571 1 0.10088895 0.03931967 0.61141032 0
1 -0.00359871 0.02184725 0.76731914 1 0.11301848 0.04038552 0.60674936 0
1 -0.00362024 0.02187686 0.76738065 1 0.13404356 0.04024915 0.58553338 0
1 -0.00385508 0.02193870 0.76757509 1 -0.01135171 0.00777846 0.74302202 0
1 -0.00534733 0.02253029 0.76806515 1 0.18094699 -0.00052474 0.59343636 0
1 -0.00578135 0.02257964 0.76814508 2 0.19123456 -0.07968385 0.62071979 0
1 -0.00641765 0.02289609 0.76869494 1 0.19678313 -0.31445527 0.51116979 1
1 -0.00687262 0.02307284 0.76897323 1 0.23132011 -0.31328019 0.80132771 1
1 -0.00734028 0.02311278 0.76933402 1 0.22247209 -0.17436327 0.66224873 0
1 -0.00764343 0.02346489 0.76985550 1 0.23309411 -0.17769465 0.65092903 0
1 -0.00813662 0.02351376 0.76995867 1 0.23261571 -0.19651413 0.64296526 0
1 -0.00877730 0.02371354 0.77052492 1 0.25858667 -0.18698928 0.63521898 0
1 -0.01058606 0.02449482 0.77173001 1 0.24557814 -0.20602539 0.64751017 0
1 -0.01096834 0.02444276 0.77183044 1 0.25097391 -0.21195516 0.65121847 0
1 -0.01069166 0.02424719 0.77119207 1 0.25455606 -0.21402590 0.64942598 0
1 -0.01102334 0.02433039 0.77143157 1 0.28564352 -0.20385057 0.63997585 0
1 -0.01102945 0.02431474 0.77143794 1 0.28532180 -0.20629989 0.64048195 0
1 -0.01105327 0.02450400 0.77156979 1 0.28631186 -0.20634425 0.64038128 0
1 -0.01096344 0.02450587 0.77152467 1 0.28563303 -0.20627315 0.63939875 0
1 -0.01085247 0.02466008 0.77173799 1 0.28743821 -0.20646334 0.64188212 0
1 -0.01086260 0.02480509 0.77180636 1 0.28557146 -0.20614935 0.64097774 0
1 -0.01088518 0.02496509 0.77198380 1 0.28590739 -0.20580316 0.64141363 0
1 -0.01086749 0.02512839 0.77214664 1 0.28448984 -0.20361455 0.64072877 0
1 -0.01065251 0.02531081 0.77228546 1 0.25889805 -0.21232700 0.65236622 0
1 -0.01033012 0.02509414 0.77196330 1 0.25735489 -0.21504422 0.65350747 0
1 -0.01027998 0.02503830 0.77183080 1 0.28146893 -0.19343971 0.63804752 0
1 -0.01020977 0.02500530 0.77174819 1 0.28114572 -0.18056910 0.63724685 0
1 -0.01013120 0.02497040 0.77166897 1 0.27996889 -0.16895461 0.63658822 0
1 -0.00985085 0.02489891 0.77139717 1 0.27520740 -0.15265810 0.63257772 0
1 -0.00974031 0.02499640 0.77149212 1 0.24850895 -0.17850223 0.66013563 0
1 -0.00949722 0.02503787 0.77139223 1 0.24765027 -0.17511897 0.67016280 0
1 -0.00935953 0.02514200 0.77140409 1 0.26441738 -0.12554078 0.63441652 0
1 -0.00824498 0.02485542 0.77080560 2 0.25341260 -0.04850668 0.63099891 0
1 -0.00786418 0.02491155 0.77087170 2 0.24858904 -0.03700403 0.62855852 0
1 -0.00746676 0.02508871 0.77084661 2 0.24498427 -0.02588451 0.62791330 0
1 -0.00726480 0.02519253 0.77083272 2 0.23982510 -0.01109151 0.62534142 0
1 -0.00718972 0.02526560 0.77087080 2 0.23681785 0.00099193 0.62510353 0
1 -0.00660528 0.02538809 0.77079016 2 0.23376141 0.01443847 0.62386984 0
1 -0.00631432 0.02553969 0.77081668 2 0.23063873 0.02965540 0.62354195 0
1 -0.00600460 0.02567432 0.77072215 2 0.22605489 0.03223474 0.62567979 0
1 -0.00559213 0.02585872 0.77085268 2 0.22247194 0.03822313 0.62737405 0
1 -0.00527861 0.02592717 0.77091467 2 0.21923424 0.03962564 0.62868482 0
1 -0.00496871 0.02598510 0.77085739 2 0.21629830 0.04064734 0.62836599 0
1 -0.00458191 0.02604437 0.77079868 2 0.21297905 0.03169249 0.63023996 0
1 -0.00426441 0.02609345 0.77075130 2 0.21057875 0.02981862 0.63064319 0
1 -0.00373469 0.02602177 0.77074367 2 0.20974697 0.02957570 0.63140696 0
1 -0.00331525 0.02592309 0.77078331 1 0.20889264 0.02803909 0.63051736 0
1 -0.00213908 0.02532348 0.76990557 1 0.20809218 0.02808672 0.62906134 0
1 -0.00200408 0.02527597 0.77014446 1 0.20824061 0.02665061 0.63033181 0
1 -0.00197814 0.02528815 0.77016377 1 0.20776810 0.02636538 0.62887728 0
1 -0.00135433 0.02500062 0.76987737 1 0.20830198 0.02456847 0.63080269 0
1 -0.00128738 0.02497889 0.76985830 1 0.20839034 0.02438436 0.62972766 0
1 -0.00135657 0.02504623 0.76987863 1 0.20894714 0.02325956 0.63012648 0
1 -0.00115520 0.02508503 0.76981002 1 0.21005307 0.02091287 0.63025481 0
-999
