2 0.19859020 -0.07409684 0.91971564 2 0.19046533 -0.09758710 0.91971564 3
2 0.19752720 -0.07749636 0.92143220 2 0.18846576 -0.11207799 0.92143220 0
1 0.19752720 -0.08679812 0.93309021 1 0.15626393 -0.11017853 0.93309021 0
1 0.19752720 -0.09280030 0.93398499 1 0.15379883 -0.11677737 0.93398499 0
2 0.19046533 -0.09758710 0.92411548 2 0.18747652 -0.14879294 0.92411548 0
2 0.18846576 -0.11017853 0.92818373 2 0.17392606 -0.15589984 0.92818373 3
2 0.18747652 -0.11207799 0.92675126 2 0.17413515 -0.16369349 0.92675126 3
1 0.17413515 -0.11677737 0.92582268 1 0.16815028 -0.16980642 0.92582268 0
1 0.17392606 -0.14879294 0.92078078 1 0.16908243 -0.17744048 0.92078078 0
1 0.16908243 -0.15589984 0.91788131 1 0.16737743 -0.18455535 0.91788131 1
2 0.16908243 -0.16369349 0.90943015 2 0.18946841 -0.19866425 0.90943015 1
2 0.17392606 -0.16980642 0.90220940 2 0.18872733 -0.20644784 0.90220940 1
2 0.17413515 -0.17744048 0.89613819 2 0.19278847 -0.21527198 0.89613819 1
2 0.17413515 -0.18455535 0.89188057 2 0.19458772 -0.22543696 0.89188057 1
2 0.18872733 -0.19866425 0.88653600 2 0.19877057 -0.23385894 0.88653600 1
2 0.18946841 -0.20644784 0.88296908 2 0.19602096 -0.23961477 0.88296908 2
-999
