1 0.17476694 -0.27652180 0.96150941 2 0.12816568 0.01550000 0.69592988 3
1 0.17450452 -0.27695251 0.96214008 2 0.12765713 0.01561590 0.69337445 3
1 0.17438695 -0.27712265 0.96229637 2 0.12633692 0.01521096 0.68670154 3
1 0.17429294 -0.27712294 0.96259212 2 0.12463618 0.01629348 0.68648976 3
1 0.17423803 -0.27711880 0.96272880 2 0.12270187 0.01706746 0.68321514 3
1 0.17417674 -0.27714050 0.96292007 2 0.12008923 0.01744253 0.68275666 3
1 0.17413540 -0.27713096 0.96300465 2 0.11703547 0.01875018 0.68068206 3
1 0.17408989 -0.27712581 0.96307307 2 0.10576574 0.02974548 0.67650175 3
1 0.17405833 -0.27709234 0.96313030 2 0.10355362 0.03067362 0.67466831 3
1 0.17400683 -0.27710855 0.96322596 2 0.10049687 0.03285328 0.67369807 3
1 0.17397812 -0.27710491 0.96326602 2 0.09733477 0.03372884 0.67049038 3
1 0.17391883 -0.27713224 0.96333218 2 0.09320584 0.03530160 0.66880500 3
1 0.17386055 -0.27717963 0.96339661 2 0.09776666 0.02602541 0.67057008 3
1 0.17388855 -0.27712801 0.96340674 2 0.09371004 0.02869564 0.66638559 3
1 0.17390288 -0.27706566 0.96347547 2 0.08996208 0.03222867 0.66654140 3
1 0.17389135 -0.27699047 0.96351790 2 0.08547845 0.03718555 0.66420126 3
1 0.17470515 -0.27318689 0.96351099 2 0.08171991 0.04322754 0.66592395 3
1 0.17613460 -0.26625279 0.96271598 2 0.07862137 0.04974753 0.66238660 3
1 0.17647339 -0.26452386 0.96273166 2 0.07638933 0.05739791 0.66219711 3
1 0.17670542 -0.26356003 0.96282923 2 0.07607465 0.06684458 0.66374397 3
1 0.17740121 -0.26133105 0.96285272 2 0.07666731 0.07604571 0.66535270 3
1 0.17752662 -0.26117477 0.96291667 2 0.07822605 0.08537416 0.66532147 3
1 0.17749131 -0.26090866 0.96293485 2 0.08141214 0.09425669 0.66543382 3
1 0.17750709 -0.26090583 0.96319717 2 0.08564076 0.10326496 0.66855270 3
1 0.17763412 -0.22467895 0.97048205 2 0.09077943 0.11082868 0.67090619 3
1 0.17910460 -0.23164970 0.97047865 2 0.09911264 0.11733614 0.67395538 3
1 0.12881835 -0.41987815 0.96687847 2 0.10726623 0.12255358 0.67778885 3
1 0.12882057 -0.41986635 0.96687478 2 0.11563577 0.12810002 0.67904752 3
1 0.12883741 -0.41985309 0.96687245 2 0.12478413 0.13156091 0.68069673 3
1 0.12887603 -0.41981021 0.96687102 2 0.13330153 0.13479757 0.68008834 3
1 0.12890698 -0.41977936 0.96688527 2 0.14231604 0.13767543 0.68321484 3
1 0.12889789 -0.41978794 0.96690643 2 0.14981151 0.13916622 0.68411833 3
2 0.15095861 -0.32037351 0.94865388 2 0.15822013 0.13986455 0.68385148 3
2 0.15157393 -0.21657965 0.95008606 2 0.16591318 0.13964897 0.68781435 3
2 0.14871749 -0.21660233 0.95281732 2 0.17244942 0.13725136 0.68770975 3
2 0.14819002 -0.21838985 0.95395201 2 0.17822574 0.13439728 0.68850780 3
2 0.14811969 -0.22111259 0.95460600 2 0.18421333 0.13168369 0.68727267 3
2 0.14807549 -0.22433633 0.95513314 2 0.18950722 0.12774804 0.68658227 3
2 0.14828447 -0.22772270 0.95564854 2 0.19432658 0.12286405 0.68604439 3
2 0.14862643 -0.23161174 0.95626915 2 0.19780216 0.11548126 0.68357539 1
2 0.14918700 -0.24360654 0.95947981 2 0.20121332 0.10905245 0.68355006 1
2 0.14931364 -0.24755731 0.96040899 2 0.20307499 0.09751752 0.68059975 1
2 0.14870539 -0.25113702 0.96097398 2 0.20467597 0.08609425 0.67578077 1
2 0.14784947 -0.25303918 0.96104389 2 0.20405900 0.07215630 0.67063481 3
2 0.14783143 -0.25335848 0.96098989 2 0.20360905 0.05894145 0.66782862 3
2 0.14763814 -0.25407848 0.96094197 2 0.20226346 0.04549604 0.66269737 3
2 0.14738522 -0.25524664 0.96107996 2 0.20198429 0.02711771 0.66448981 3
2 0.14728759 -0.25616148 0.96131063 2 0.19996643 0.01626655 0.66079605 3
2 0.14699066 -0.25749269 0.96176082 2 0.19744492 0.00664929 0.65846914 3
2 0.14678775 -0.25853437 0.96186173 2 0.19502977 -0.00602071 0.65920025 3
2 0.14687344 -0.25929096 0.96171653 2 0.19169453 -0.01418208 0.65683275 3
2 0.14689757 -0.25973129 0.96189618 2 0.18732223 -0.02199725 0.65660954 3
2 0.14703366 -0.25988415 0.96202564 2 0.18320043 -0.02865477 0.65471542 3
2 0.14712800 -0.25989395 0.96222717 2 0.17898232 -0.03484532 0.65228218 3
2 0.14714488 -0.25970080 0.96235275 2 0.17323551 -0.03926638 0.64915502 3
2 0.14713949 -0.25969926 0.96235293 2 0.16619694 -0.04180387 0.64855886 1
2