2 0.17434062 -0.29799262 1.01664114 2 0.16276641 0.06448022 0.84107935 3
2 0.17266098 -0.29945034 1.01566041 2 0.16276214 0.06258101 0.83413321 3
2 0.17187908 -0.30004352 1.01556969 2 0.16273966 0.05966937 0.83402359 3
2 0.17138430 -0.30042827 1.01532209 2 0.16301458 0.05708179 0.83012730 3
2 0.17088708 -0.30073169 1.01504898 2 0.16371636 0.05469542 0.82846653 3
2 0.17038259 -0.30101639 1.01496243 2 0.16505350 0.05235492 0.82817197 3
2 0.17008056 -0.30128112 1.01490378 2 0.16692799 0.04993670 0.82858533 3
2 0.16716155 -0.30415151 1.01373291 2 0.16882497 0.04759638 0.82746005 3
2 0.16716668 -0.30411640 1.01363862 2 0.17072195 0.04535887 0.82674545 3
2 0.16716094 -0.30398834 1.01351333 2 0.17261893 0.04330708 0.82224089 3
2 0.16729704 -0.30357343 1.01341355 2 0.17451590 0.04179304 0.81981426 3
2 0.16832048 -0.30093169 1.01299024 2 0.17644881 0.04167586 0.81197596 3
2 0.16847275 -0.29978368 1.01327205 2 0.17808431 0.04172723 0.80519587 3
2 0.17383006 -0.29314405 1.00922251 2 0.17929295 0.04226971 0.79701179 3
2 0.17234054 -0.29422161 1.01026487 2 0.17986622 0.04412109 0.79877460 3
2 0.17166469 -0.29515582 1.01072633 2 0.18065026 0.04775593 0.80271989 3
2 0.17131563 -0.29535329 1.01141524 2 0.18330023 0.05353048 0.80738121 3
2 0.17102712 -0.29589552 1.01223123 2 0.18786804 0.06156482 0.81394225 3
2 0.17067829 -0.29661545 1.01343775 2 0.19484562 0.07042281 0.81697589 3
2 0.17054112 -0.29684436 1.01539361 2 0.20426309 0.07925282 0.82150263 3
2 0.17038730 -0.29706460 1.01636076 2 0.21606785 0.08806573 0.82032293 3
2 0.17088702 -0.29678121 1.01835096 2 0.22995214 0.09682726 0.82393152 3
2 0.17062251 -0.29655710 1.02077508 2 0.24580017 0.10511479 0.82556033 3
2 0.17054260 -0.29642338 1.02176273 2 0.26352209 0.11005946 0.82143945 3
2 0.16995855 -0.29657057 1.02273118 2 0.28193167 0.11074637 0.81837761 3
2 0.16945958 -0.29689342 1.02347243 2 0.30002868 0.10634094 0.81136483 3
2 0.16929361 -0.29731703 1.02382600 2 0.31620783 0.09669854 0.80208856 3
2 0.16926076 -0.29797557 1.02401304 2 0.32997727 0.08288088 0.79269832 3
2 0.16930169 -0.29876995 1.02403235 2 0.34130678 0.06679576 0.78235519 3
2 0.16899517 -0.30022526 1.02372503 2 0.35021308 0.04852601 0.77693510 3
2 0.16766261 -0.30150446 1.02285588 2 0.35608932 0.02852988 0.77196425 3
2 0.16618112 -0.30223569 1.02210641 2 0.35769314 0.00700528 0.77098739 3
2 0.16485144 -0.30274287 1.02144706 2 0.35435858 -0.01245738 0.77151561 3
2 0.16333047 -0.30260131 1.02009487 2 0.34665337 -0.02933667 0.76385885 3
2 0.16304968 -0.30239469 1.01946640 2 0.33404341 -0.04326333 0.76100534 3
2 0.16351618 -0.30187282 1.01796114 2 0.31863195 -0.05423642 0.75622898 3
2 0.16282853 -0.30167714 1.01652670 2 0.30108032 -0.06138057 0.75154823 3
2 0.16257414 -0.30141887 1.01548886 2 0.28150272 -0.06456234 0.74883491 3
2 0.16281581 -0.30022353 1.01479173 2 0.26140398 -0.06352098 0.75411165 3
2 0.16361989 -0.29761848 1.01255369 2 0.24225578 -0.05864422 0.75526965 3
2 0.16325593 -0.29790661 1.01158273 2 0.22541627 -0.04972822 0.75344813 3
2 0.16320515 -0.29799697 1.01144218 2 0.21164121 -0.03800828 0.76341760 3
2 0.16301461 -0.29807222 1.01141703 2 0.20080107 -0.02361905 0.76383543 3
2 0.16299027 -0.29806733 1.01139033 2 0.19495961 -0.00709391 0.76703113 3
2 0.16244197 -0.29838890 1.01172698 2 0.19380273 0.01087242 0.76896495 3
2 0.16236560 -0.29866451 1.01192582 2 0.19661385 0.02881160 0.77102143 3
2 0.16219455 -0.29886481 1.01200569 2 0.20258428 0.04514537 0.76827943 3
2 0.16201960 -0.29908657 1.01209986 2 0.20907587 0.05962193 0.77224791 3
2 0.16189142 -0.29947153 1.01213431 2 0.21556745 0.07215977 0.76604903 3
2 0.16186820 -0.30010507 1.01206589 2 0.22211798 0.08236650 0.76159483 2
-999
