2 0.08426926 -0.18601237 0.94756532 2 0.15116194 -0.13927445 0.58947116 2
2 0.08423030 -0.18602327 0.94748151 2 0.15111668 -0.13824615 0.58935845 2
2 0.08419360 -0.18604304 0.94749510 2 0.15161678 -0.13828969 0.59074998 2
2 0.08415135 -0.18605690 0.94749415 2 0.15126893 -0.13792540 0.58940274 2
2 0.08407192 -0.18602917 0.94747317 2 0.15088630 -0.13776201 0.58898175 2
2 0.08396566 -0.18601225 0.94739419 2 0.15054226 -0.13726591 0.58947468 2
2 0.08390472 -0.18602486 0.94733673 2 0.15068313 -0.13703489 0.58947325 2
2 0.08387082 -0.18602704 0.94733661 2 0.15075228 -0.13726799 0.58965808 2
2 0.08383262 -0.18602329 0.94725859 2 0.15080982 -0.13666411 0.58915031 2
2 0.08380475 -0.18603788 0.94716662 2 0.15119860 -0.13688783 0.59011716 0
2 0.08374613 -0.18603595 0.94709074 2 0.15100087 -0.13617560 0.58863944 0
2 0.08373239 -0.18604966 0.94708169 2 0.15163925 -0.13619393 0.58828402 2
2 0.08373643 -0.18605815 0.94705319 2 0.15184280 -0.13719432 0.58898395 2
2 0.08375092 -0.18605712 0.94702441 2 0.15239105 -0.13495058 0.58955920 2
2 0.08380729 -0.18608193 0.94685596 2 0.15063411 -0.13410586 0.58858526 2
2 0.08383752 -0.18619747 0.94664079 2 0.14888762 -0.13292699 0.59366220 2
2 0.08356634 -0.18681912 0.94584912 2 0.14202651 -0.12844735 0.59666103 2
2 0.07998109 -0.20391336 0.93015170 2 0.12153907 -0.08400650 0.59493989 2
2 0.08096074 -0.20543876 0.92944729 2 0.11236297 -0.07783628 0.60007644 2
1 0.08174730 -0.20636792 0.92878795 2 0.09717467 -0.06952600 0.60711598 2
1 0.09826237 -0.18845864 0.90623468 2 0.08597199 -0.06061070 0.61241686 2
1 0.10023564 -0.18395554 0.90138197 2 0.07638773 -0.05377490 0.61876267 2
1 0.10003967 -0.18412629 0.90138382 2 0.06873514 -0.04913466 0.62312472 2
1 0.09989933 -0.18413587 0.90099627 2 0.06316118 -0.04430749 0.62552196 2
1 0.10005371 -0.18350777 0.90007955 2 0.05978989 -0.03993222 0.62891924 2
1 0.10038048 -0.18259986 0.89903486 2 0.05792864 -0.03666574 0.62976062 2
1 0.10079913 -0.18183126 0.89831233 2 0.05912828 -0.03470620 0.63125378 2
1 0.10137916 -0.18066527 0.89732379 2 0.06152095 -0.03399748 0.62862176 2
1 0.10178564 -0.18008308 0.89692438 2 0.06547718 -0.03417060 0.62911093 2
1 0.10268209 -0.17847255 0.89613104 2 0.06978685 -0.03551080 0.62482786 2
1 0.10362463 -0.17682767 0.89479524 2 0.07552250 -0.03614961 0.62020952 2
1 0.10377705 -0.17657971 0.89465773 2 0.08259164 -0.03981409 0.61623365 2
1 0.10384127 -0.17653969 0.89462310 2 0.08903501 -0.04201316 0.61067337 2
2 0.10111228 -0.19014351 0.89700729 2 0.09523080 -0.04636144 0.60631716 2
2 0.09813585 -0.19584192 0.90234166 2 0.10784014 -0.05827039 0.59752810 2
2 0.09629772 -0.19775212 0.90501064 2 0.11386213 -0.06417141 0.59359598 2
2 0.09589388 -0.19835129 0.90640253 2 0.12339073 -0.06898492 0.58665282 2
2 0.09520794 -0.19845371 0.90856612 1 0.12983985 -0.07345657 0.58312994 0
2 0.09503488 -0.19821486 0.91029257 1 0.13526408 -0.07776858 0.57851189 0
2 0.09499419 -0.19773684 0.91196406 1 0.14017628 -0.08145948 0.57386500 0
2 0.09548394 -0.19670443 0.91457915 1 0.14967500 -0.08469812 0.57045454 0
2 0.09574786 -0.19416361 0.92181039 1 0.15571651 -0.08465496 0.56555754 0
2 0.09593015 -0.19291759 0.92469901 1 0.16116413 -0.08641778 0.56268609 0
2 0.09592090 -0.19235478 0.92607015 2 0.17234206 -0.11996277 0.56217110 2
2 0.09569877 -0.19224656 0.92677391 2 0.17415524 -0.12324432 0.56025773 2
2 0.09561569 -0.19224840 0.92733306 2 0.17610805 -0.12555984 0.55952531 2
2 0.09549806 -0.19220610 0.92754459 2 0.17761613 -0.12595969 0.55511409 2
2 0.09533820 -0.19224878 0.92825925 2 0.18416977 -0.13027090 0.55471087 2
2 0.09523003 -0.19229499 0.92849231 2 0.18450077 -0.12988158 0.55122387 2
2 0.09512541 -0.19233757 0.92872524 2 0.18620040 -0.13122717 0.55111182 2
2 0.09501106 -0.19231904 0.92893219 2 0.18698873 -0.13136654 0.55032682 2
2 0.09500600 -0.19237794 0.92905140 2 0.18706900 -0.13179541 0.55026197 2
2 0.09495637 -0.19246460 0.92940909 2 0.18741992 -0.13289982 0.55321711 2
2 0.09495079 -0.19247779 0.92942089 2 0.18681723 -0.13287798 0.54877436 2
2 0.09495437 -0.19255897 0.92965060 2 0.18747504 -0.13300954 0.55129826 2
2 0.09492320 -0.19259785 0.92987502 2 0.18743873 -0.13308607 0.55091435 2
2 0.09491534 -0.19260220 0.92988074 2 0.18684480 -0.13428639 0.54899567 2
2 0.09491896 -0.19263130 0.92995471 2 0.18682145 -0.13475965 0.55055964 2
2 0.09492182 -0.19264795 0.93000472 2 0.18707356 -0.13429731 0.54994482 2
2 0.09489045 -0.19265993 0.93013060 2 0.18692315 -0.13510974 0.55143571 2
2 0.09481157 -0.19260482 0.93028677 2 0.18737102 -0.13524389 0.55112213 2
2 0.09478672 -0.19262545 0.93033659 2 0.18644539 -0.13637966 0.55064279 2
2 0.09479914 -0.19263415 0.93027705 2 0.18452770 -0.13501336 0.54967767 2
-999
