1 0.04310150 -0.19841923 1.01439691 2 0.13683209 -0.11364245 0.66422844 3
1 0.04286258 -0.19858597 1.01469624 2 0.13699847 -0.11364245 0.66666675 3
1 0.04272887 -0.19887508 1.01491332 2 0.14627576 -0.11585154 0.66614389 3
1 0.04244659 -0.19918329 1.01489878 2 0.15468532 -0.12345027 0.66513145 3
1 0.04199741 -0.19946161 1.01498353 2 0.15801914 -0.12647589 0.66464925 3
1 0.04176562 -0.19940987 1.01510990 2 0.16087611 -0.13134237 0.66430968 0
1 0.04173382 -0.19944012 1.01512909 2 0.16296962 -0.13265941 0.66410458 0
1 0.04143012 -0.19976544 1.01518452 2 0.16470145 -0.13404737 0.66372013 0
1 0.04052098 -0.19992901 1.01478553 2 0.16550969 -0.13491109 0.66342825 0
1 0.04037836 -0.20014162 1.01481736 2 0.16589104 -0.13558610 0.66302514 0
1 0.04029174 -0.20022590 1.01476490 2 0.16594592 -0.13580160 0.66223544 0
1 0.04024147 -0.20026979 1.01474690 2 0.16594592 -0.13623194 0.66126186 0
1 0.04030660 -0.19990498 1.01479256 2 0.16594592 -0.13665286 0.65797073 0
1 0.04074558 -0.19965433 1.01479137 2 0.16594592 -0.13722152 0.65601712 3
2 0.04696438 -0.21897642 1.02006936 2 0.16594592 -0.13824208 0.66475600 3
2 0.04713352 -0.22043017 1.02029133 2 0.16509169 -0.13971287 0.66385806 3
1 0.04264285 -0.20456646 1.01830792 2 0.16198172 -0.14490701 0.66091925 3
2 0.04080701 -0.19735211 1.01775014 2 0.15549652 -0.14623471 0.65936548 3
1 0.03894667 -0.19161123 1.01643336 2 0.13530613 -0.14766154 0.65766799 3
1 0.03509235 -0.17938820 1.01272988 2 0.12721837 -0.14866877 0.65583998 3
2 0.02952877 -0.15686563 1.00352395 2 0.12257496 -0.14866877 0.66533285 3
2 0.02929357 -0.15423830 1.00299931 2 0.11749268 -0.14866877 0.66513276 3
2 0.02869117 -0.15209174 1.00185156 2 0.10994603 -0.14766154 0.67045361 3
2 0.02747791 -0.14554198 0.99776262 2 0.10108384 -0.14766154 0.67279869 3
2 0.02665066 -0.14152563 0.99563587 2 0.07321692 -0.14727379 0.67392594 3
2 0.02641249 -0.13993944 0.99446130 2 0.07084426 -0.14717352 0.67943513 3
2 0.02688150 -0.13756043 0.99331975 2 0.06321000 -0.14587402 0.67526025 3
2 0.02759993 -0.13354872 0.99170464 2 0.06321000 -0.14587402 0.67577833 3
1 0.02760309 -0.13354599 0.99170840 2 0.06321000 -0.14528941 0.67532629 3
1 0.02754129 -0.13403076 0.99205887 2 0.06321000 -0.14519177 0.67482066 3
1 0.02725818 -0.13464791 0.99240726 2 0.06303137 -0.14410725 0.66623139 3
1 0.02717615 -0.13453561 0.99261105 2 0.06180811 -0.14276358 0.67740440 3
1 0.02707345 -0.13493635 0.99305904 2 0.06180811 -0.14235836 0.67639542 3
1 0.02704705 -0.13553806 0.99369019 2 0.06303137 -0.14235836 0.67382175 3
1 0.02691320 -0.13603321 0.99416327 2 0.06378670 -0.13335332 0.67017037 3
1 0.02678431 -0.13638623 0.99462283 2 0.06451618 -0.11406017 0.66738218 3
1 0.02990979 -0.12883034 0.99730688 2 0.06476070 -0.11093946 0.66444850 3
1 0.03204993 -0.12443630 0.99776232 2 0.06580824 -0.10658286 0.66124302 3
1 0.03469787 -0.12120808 0.99875861 2 0.06606108 -0.09847493 0.65935355 3
2 0.02701724 -0.10334526 0.98080659 2 0.06928387 -0.09156417 0.65950292 3
2 0.12873991 -0.15305103 0.83132493 2 0.07443554 -0.08883069 0.70095825 3
2 0.12885320 -0.15291759 0.83123481 2 0.07951374 -0.08690950 0.68654215 3
2 0.12910141 -0.15239245 0.83124709 2 0.08452000 -0.08228734 0.68267870 3
2 0.13423982 -0.14898831 0.83371276 1 0.08634582 -0.07910769 0.69004524 0
2 0.13531721 -0.14892370 0.83327550 1 0.10191430 -0.07043900 0.69152153 0
2 0.19277905 -0.18600756 0.80128306 2 0.10243346 -0.07043900 0.72458810 1
2 0.25708073 -0.21740144 0.76918763 2 0.11131778 -0.07043900 0.72557914 1
2 0.25709245 -0.21740358 0.76918840 2 0.12137876 -0.07043900 0.72644246 1
2 0.25715113 -0.21719360 0.76895624 2 0.13100146 -0.08883069 0.72610873 1
2 0.25729504 -0.21674398 0.76843876 2 0.16590558 -0.13060600 0.73108858 1
2 0.06235665 -0.21126853 1.00584686 2 0.16730253 -0.13060600 0.71615368 1
2 0.04931176 -0.14548719 1.02197123 1 0.16730253 -0.13060600 0.88676643 0
2 0.05903431 -0.21070512 1.01270700 1 0.16730253 -0.13060600 0.81051368 0
2 0.05915321 -0.21112272 1.01270342 1 0.16730253 -0.13060600 0.81087035 0
2 0.05924033 -0.21134526 1.01266813 1 0.16590558 -0.09834658 0.81087446 0
2 0.05927607 -0.21145104 1.01235068 1 -0.00135217 0.02868684 0.81076741 0
2 0.05887638 -0.20949170 1.01194406 1 -0.07073637 0.02894681 0.81060243 0
2 0.05886578 -0.20927294 1.01195645 1 -0.07078707 0.02898571 0.81086624 0
2 0.05852957 -0.20790292 1.01103032 1 -0.07078707 0.02898571 0.81092435 0
2 0.05840068 -0.20744357 1.01068211 1 -0.07078707 0.02898571 0.81136894 0
1 0.05808234 -0.20614183 1.01012135 1 -0.07078707 0.02894681 0.81212491 0
1 0.05813102 -0.20588246 1.00994074 1 -0.07073637 0.02894681 0.81251723 0
1 0.05807773 -0.20507020 1.01004922 1 -0.07072885 0.02893267 0.81334442 0
1 0.05813517 -0.20459263 1.00993073 1 -0.07022385 0.02854879 0.81344199 0
1 0.05826381 -0.20455533 1.00989807 1 -0.07013758 0.02547172 0.81354642 0
1 0.05844588 -0.20435597 1.00996232 1 -0.06960699 0.02542254 0.81362724 0
1 0.05853599 -0.20416890 1.00985241 1 -0.06872844 0.02540175 0.81404835 0
1 0.05871836 -0.20428337 1.00978231 1 -0.06833379 0.02532220 0.81402928 0
1 0.05874828 -0.20427306 1.00978231 1 -0.06809644 0.02531255 0.81427699 0
1 0.05876680 -0.20425123 1.00973332 1 -0.06796163 0.02531255 0.81423664 0
1 0.05834439 -0.20296322 1.00943232 1 -0.06730868 0.02531156 0.81419784 0
1 0.05823866 -0.20283681 1.00958741 1 -0.06730685 0.02531156 0.81427366 0
1 0.05811643 -0.20279785 1.00952148 1 -0.06691140 0.02522388 0.81425834 0
1 0.05741716 -0.20275940 1.00961256 1 -0.06691140 0.02503929 0.81415355 0
1 0.05696489 -0.20277956 1.00987899 1 -0.06691140 0.02503267 0.81418747 0
1 0.05575633 -0.20136115 1.00950277 1 -0.06691140 0.02498683 0.81414461 0
1 0.05343580 -0.19647934 1.00964546 1 -0.06691140 0.02503929 0.81430793 0
1 0.05306520 -0.19637074 1.00953639 1 -0.06699942 0.02503929 0.81414151 0
1 0.05258302 -0.19621585 1.00931919 1 -0.06699942 0.02503929 0.81743485 0
1 0.05225962 -0.19599526 1.00941193 1 -0.06699942 0.02503929 0.81728894 0
1 0.05182795 -0.19538586 1.00965285 1 -0.06699942 0.02527169 0.81674725 0
1 0.05179046 -0.19535360 1.00964463 1 -0.06699942 0.02531595 0.81626964 0
1 0.05165714 -0.19525999 1.00968611 1 -0.06317131 0.02644111 0.81619841 0
1 0.05157705 -0.19542712 1.00972569 1 -0.06317131 0.02644111 0.81601912 0
1 0.05145414 -0.19557865 1.00973344 1 -0.06317131 0.02644111 0.81594270 0
1 0.05126245 -0.19538286 1.00981784 1 -0.06317131 0.02646890 0.81587315 0
1 0.05122831 -0.19536841 1.00980604 1 -0.06317131 0.02672494 0.81566399 0
1 0.05122330 -0.19613346 1.00998902 1 -0.06353965 0.02646890 0.81399691 0
1 0.05152104 -0.19830413 1.01088989 1 -0.06359912 0.02644111 0.81354010 0
1 0.05173469 -0.19950595 1.01133621 1 -0.06383427 0.02618887 0.81319398 0
1 0.05238876 -0.20117229 1.01228905 1 -0.06393073 0.02612654 0.81331676 0
2 0.05398158 -0.21830374 1.01702738 1 -0.06584156 0.02485306 0.81622005 0
2 0.05430461 -0.22136438 1.01772547 1 -0.06680646 0.02247598 0.81662446 0
2 0.05450417 -0.22260869 1.01790714 1 -0.06732188 0.02116610 0.81666267 0
2 0.05458856 -0.22365904 1.01869404 1 -0.06739131 0.01975787 0.81729847 0
2 0.05459407 -0.21896407 1.01806533 1 -0.06739131 0.00287925 0.81518954 0
2 0.05458487 -0.21762609 1.01822197 1 -0.06739131 0.00287925 0.81490743 0
2 0.05461526 -0.21697041 1.01825774 1 -0.06739131 0.00287925 0.81467503 0
2 0.05495176 -0.22075117 1.01952028 1 -0.06739131 0.00264991 0.81541568 0
2 0.05513329 -0.21887179 1.01942754 1 -0.06663731 0.00264991 0.81234366 0
2 0.05570317 -0.22198549 1.02094603 1 -0.06637534 0.00264991 0.81290382 0
2 0.05573983 -0.22305465 1.02136958 1 -0.06637083 0.00393516 0.81304562 0
2 0.05575085 -0.22394407 1.02176857 1 -0.06637083 0.00459419 0.81322330 0
2 0.05572461 -0.22441636 1.02177370 1 -0.06637083 0.01219573 0.81316972 0
2 0.05564253 -0.22465147 1.02170920 1 -0.06637083 0.01219573 0.81306177 0
2 0.05559910 -0.22484267 1.02168679 1 -0.06637534 0.01219573 0.81300634 0
2 0.05518058 -0.22057913 1.02092052 1 -0.06644139 0.01243346 0.81175852 0
2 0.05526246 -0.22285043 1.02090025 1 -0.06644139 0.01285246 0.81160545 0
2 0.05435050 -0.21858567 1.01931953 1 -0.06646486 0.01285246 0.81059402 0
2 0.05419829 -0.21975049 1.01955569 2 -0.06646486 0.01243346 0.72760147 2
-999
