2 0.12630476 -0.17401353 0.97017783 2 0.25566599 -0.06770976 0.68566048 2
2 0.12602325 -0.17288610 0.96945053 2 0.25575042 -0.06740338 0.68688238 2
2 0.12681657 -0.17441684 0.97001481 2 0.25475809 -0.06906416 0.68652982 2
2 0.12616172 -0.17306916 0.96901953 2 0.25470400 -0.06911477 0.68509507 2
2 0.12648079 -0.17391121 0.96919549 2 0.25462815 -0.06759089 0.68435156 2
2 0.12609290 -0.17292871 0.96864015 2 0.25477341 -0.06785890 0.68378997 2
2 0.12567663 -0.17211132 0.96804053 2 0.25439966 -0.06830285 0.68378961 2
2 0.12647444 -0.17390139 0.96896601 2 0.25446159 -0.06776534 0.68464118 2
2 0.12561825 -0.17248437 0.96801436 2 0.25375417 -0.06924412 0.68450481 2
1 0.12506865 -0.17144614 0.96707094 2 0.25355312 -0.06967481 0.68467748 2
2 0.12595220 -0.17326829 0.96787238 2 0.25289530 -0.06876327 0.68577325 2
2 0.12537980 -0.17236638 0.96707237 2 0.25231791 -0.06868739 0.68566698 2
2 0.12549433 -0.17178795 0.96713126 2 0.25152734 -0.07044261 0.68685919 2
1 0.12561467 -0.17144866 0.96708053 2 0.25056487 -0.07105389 0.68681145 2
2 0.12626721 -0.17291065 0.96762460 2 0.24622659 -0.07555550 0.68699551 2
2 0.12651415 -0.17340614 0.96771103 2 0.24147594 -0.08086705 0.68691039 2
2 0.12748832 -0.17402509 0.96826750 2 0.23133264 -0.09135953 0.68662179 2
2 0.13694862 -0.19501455 0.97603583 2 0.22283255 -0.10073336 0.68775499 2
2 0.14030482 -0.20299299 0.97610354 2 0.21153630 -0.11189207 0.68864095 2
2 0.14019853 -0.20301916 0.97616351 2 0.19549136 -0.12661915 0.69056320 2
1 0.15485646 -0.19424798 0.96267599 2 0.18131666 -0.13769567 0.69008082 2
2 0.13664012 -0.19878466 0.97903931 2 0.16474801 -0.15706782 0.69327879 2
2 0.12976924 -0.17374821 0.96731418 2 0.15187368 -0.16862531 0.69239676 2
1 0.12093076 -0.15018135 0.96039653 2 0.13483520 -0.18775800 0.69774896 2
1 0.12005400 -0.14801455 0.95942509 2 0.12378957 -0.18924940 0.69177729 2
1 0.11774064 -0.14639300 0.95829964 1 0.09677358 -0.16350973 0.68500704 0
1 0.11730488 -0.14790307 0.95849949 2 0.09838933 -0.21564364 0.69987631 0
1 0.11701392 -0.15045685 0.95881397 2 0.08791471 -0.22295903 0.70333362 0
1 0.11760496 -0.15313929 0.96061832 2 0.08345630 -0.22813082 0.70410901 0
1 0.11753338 -0.15431601 0.96088952 2 0.08252219 -0.23168765 0.70321137 2
1 0.11765964 -0.15410890 0.96101999 2 0.07993038 -0.23353332 0.70463979 2
1 0.11726492 -0.15437187 0.96076310 2 0.07850105 -0.23355751 0.70460099 2
1 0.11778276 -0.15654033 0.96199358 2 0.07738178 -0.23315760 0.70374382 2
1 0.11764270 -0.15602416 0.96175128 2 0.07815676 -0.23415869 0.70364767 2
1 0.11739518 -0.15652020 0.96163130 2 0.07877263 -0.23306614 0.70130986 2
1 0.11807767 -0.15841618 0.96244377 2 0.07980371 -0.23249774 0.70005006 2
1 0.11787338 -0.15877791 0.96229410 2 0.07726584 -0.23102577 0.70221955 2
1 0.11793900 -0.15884800 0.96233672 2 0.07757463 -0.22859812 0.70119017 0
1 0.11782202 -0.15894543 0.96216923 2 0.07892506 -0.22742757 0.70150745 0
1 0.11759594 -0.15601933 0.96131724 2 0.06335817 -0.17548889 0.68727809 0
1 0.11813737 -0.15303214 0.96109217 2 0.08605550 -0.21329480 0.69662637 0
1 0.12054887 -0.13005114 0.95502919 2 0.08582519 -0.20342733 0.69380891 2
1 0.12129377 -0.12673733 0.95406431 2 0.08212869 -0.18813179 0.69393730 2
1 0.12653667 -0.11632226 0.94686234 2 0.08121297 -0.16583720 0.68859172 2
2 0.12732367 -0.08333979 0.93267643 2 0.08055034 -0.15271832 0.68274701 2
2 0.12751840 -0.08201207 0.93130523 2 0.08777780 -0.13569829 0.67264402 2
1 0.14674476 -0.05809164 0.91522062 2 0.08679347 -0.12215870 0.66734076 2
1 0.14848313 -0.05017934 0.91259134 2 0.09111477 -0.10828554 0.66060156 2
1 0.14650969 -0.04989860 0.91348034 2 0.08933200 -0.09085513 0.65411395 2
1 0.14730945 -0.01900992 0.90793371 2 0.08761191 -0.07847609 0.65109724 2
1 0.14794217 -0.00935073 0.90725082 2 0.08600157 -0.06709358 0.64905578 2
1 0.15019175 0.00624141 0.90457869 2 0.08730748 -0.05679420 0.64416152 2
1 0.15061648 0.01214178 0.90386170 2 0.08763430 -0.04900846 0.64304698 2
1 0.15057553 0.01677967 0.90359670 2 0.08886106 -0.04043475 0.64080799 2
1 0.15002076 0.01837098 0.90376115 2 0.08991578 -0.03387320 0.64080042 2
1 0.14985824 0.02274759 0.90311301 2 0.08750889 -0.02237433 0.64158213 2
1 0.14924829 0.02443117 0.90254462 2 0.08869605 -0.01865615 0.64070773 2
1 0.14929059 0.02581705 0.90187401 2 0.09028019 -0.01439604 0.64079404 2
1 0.14929956 0.02689109 0.90147233 2 0.09093482 -0.01139917 0.64230114 2
1 0.14957809 0.02771792 0.90116686 2 0.08951847 -0.00859100 0.64458025 2
1 0.14973068 0.02822505 0.90116906 2 0.09200295 -0.00666937 0.64397389 2
1 0.15001915 0.02836485 0.90096039 2 0.09347314 -0.00713069 0.64217013 2
1 0.15013191 0.02843455 0.90095371 2 0.09420218 -0.00607346 0.64212513 2
1 0.15042274 0.02840210 0.90097517 2 0.09485884 -0.00590234 0.64164752 2
1 0.15075298 0.02832330 0.90111977 2 0.09563119 -0.00581597 0.64104187 2
1 0.15118486 0.02824312 0.90121979 2 0.09620018 -0.00685352 0.64001513 2
1 0.15152991 0.02554920 0.90189123 2 0.09839002 -0.00605815 0.64096332 2
1 0.15271245 0.02597905 0.90200490 2 0.10005520 -0.00707722 0.63968915 2
1 0.15295283 0.02481976 0.90217906 2 0.10404960 -0.00783862 0.64017957 2
1 0.15312536 0.02393303 0.90237457 2 0.10875644 -0.01071252 0.64190084 2
1 0.15329210 0.02285606 0.90255845 2 0.11355110 -0.01482350 0.64141726 2
1 0.15344641 0.02168495 0.90273869 2 0.12206738 -0.03317431 0.64791441 2
2 0.14217265 -0.02553085 0.82442945 2 0.12692164 -0.03631674 0.64702529 2
2 0.14663018 -0.08399205 0.71557194 2 0.13477188 -0.04778227 0.65142417 1
2 0.15565160 -0.09305375 0.70418084 2 0.14357214 -0.07659349 0.65861893 1
1 0.15906063 -0.10072423 0.70270115 2 0.15502104 -0.09221108 0.66147667 1
1 0.14818059 -0.15217623 0.70767856 2 0.16664724 -0.10962088 0.66619867 1
1 0.14808437 -0.14144810 0.70569843 2 0.18442234 -0.12391032 0.66905814 1
1 0.12174590 -0.16447707 0.95980775 2 0.20420362 -0.14927320 0.67147553 1
1 0.12058540 -0.16434136 0.95986760 2 0.21472661 -0.17013118 0.67575330 0
1 0.11936514 -0.16455767 0.96022803 2 0.22843842 -0.18429522 0.67853880 0
1 0.11908512 -0.16466321 0.96021414 2 0.23912157 -0.20149365 0.68306619 2
1 0.11870635 -0.16478716 0.96020114 2 0.25236839 -0.21144564 0.68608481 2
1 0.11625747 -0.16474536 0.96032506 2 0.26313567 -0.22626594 0.68914056 2
1 0.11450595 -0.16490163 0.96030009 2 0.27102005 -0.23353083 0.69079137 2
1 0.11450519 -0.16491649 0.96030760 2 0.27739424 -0.23712949 0.69169021 2
1 0.11348634 -0.16512048 0.96056569 1 0.31860194 -0.19019920 0.65092522 2
1 0.11281268 -0.16514368 0.96100026 1 0.34996834 -0.21987133 0.65550226 0
1 0.11292258 -0.16523112 0.96098095 1 0.34680423 -0.21606915 0.65259820 0
1 0.11310549 -0.16528940 0.96086657 1 0.34472671 -0.21393628 0.64866799 0
1 0.11321837 -0.16530094 0.96085411 1 0.34707424 -0.21462050 0.65468681 0
2 0.11298545 -0.16551115 0.96108037 1 0.34634611 -0.21355328 0.65335119 0
2 0.11314292 -0.16555212 0.96109682 1 0.31547642 -0.18168998 0.64800596 0
2 0.11336622 -0.16561961 0.96109974 1 0.31092697 -0.18141311 0.64760619 0
2 0.11302367 -0.16592197 0.96127814 1 0.30832192 -0.18104054 0.65181023 0
2 0.11266833 -0.16623411 0.96143895 1 0.30453986 -0.17966630 0.65407580 0
2 0.11279331 -0.16626526 0.96140641 2 0.26943281 -0.22858891 0.68886042 0
2 0.11295599 -0.16629139 0.96141458 2 0.26509759 -0.22694604 0.68760026 0
2 0.11301778 -0.16629688 0.96139699 2 0.26383543 -0.20463137 0.68120205 0
2 0.11308704 -0.16629544 0.96139771 2 0.25687748 -0.21790007 0.68697238 2
2 0.11290225 -0.16601427 0.96161383 2 0.25117186 -0.19618118 0.68410790 2
2 0.11318315 -0.16581491 0.96161175 2 0.24868345 -0.18140948 0.68385231 2
2 0.11303420 -0.16566537 0.96176827 2 0.24474853 -0.17182070 0.68186384 2
2 0.11323961 -0.16546007 0.96194327 2 0.24321769 -0.15996158 0.67945373 2
2 0.11383402 -0.16561919 0.96193010 2 0.24059196 -0.14305882 0.67917645 2
2 0.11429499 -0.16573778 0.96216875 2 0.23847376 -0.12923589 0.67338920 2
2 0.11464594 -0.16576876 0.96212739 2 0.23708244 -0.10114718 0.66912085 2
2 0.11507661 -0.16586739 0.96199095 2 0.23694141 -0.09177555 0.66648757 2
2 0.11509436 -0.16586122 0.96198976 2 0.23576050 -0.07721099 0.66451347 2
2 0.11566742 -0.16605669 0.96170068 2 0.23513575 -0.06608591 0.66050011 2
2 0.11627264 -0.16645494 0.96157712 2 0.23464552 -0.05843516 0.66095686 2
2 0.11684170 -0.16678289 0.96126568 2 0.23341307 -0.05242982 0.65791965 2
1 0.11737961 -0.16734953 0.96103519 2 0.23275015 -0.04715472 0.65803212 2
1 0.11770856 -0.16760491 0.96084929 2 0.23193420 -0.04333137 0.65761417 2
1 0.11791005 -0.16775101 0.96055663 2 0.23145588 -0.03942565 0.65769130 2
2 0.11887186 -0.16856986 0.96062922 2 0.23016851 -0.03796614 0.65632391 2
2 0.11936400 -0.16889182 0.96058780 2 0.23003684 -0.03458457 0.65608537 2
1 0.11948416 -0.16903204 0.96040505 2 0.22906619 -0.03509413 0.65609699 2
1 0.11957659 -0.16914271 0.96032095 2 0.22922704 -0.03398817 0.65756309 2
1 0.11965787 -0.16920207 0.96017987 2 0.22879812 -0.03389838 0.65673059 2
1 0.12002730 -0.16942511 0.96015865 2 0.22776723 -0.03416942 0.65706754 2
-999
