2 0.28537023 -0.00021379 0.86835402 2 0.29132468 -0.00422039 0.86835402 3
2 0.28698045 -0.00021379 0.86801881 2 0.29487327 -0.00893822 0.86801881 3
2 0.28811935 -0.00071211 0.86268491 2 0.29445139 -0.00996656 0.86268491 3
2 0.29132468 -0.00406580 0.86705863 2 0.29495162 -0.01015354 0.86705863 3
2 0.29169551 -0.00422039 0.86773956 2 0.29381561 -0.01115542 0.86773956 3
2 0.29176795 -0.00893822 0.86548007 2 0.29176795 -0.01238237 0.86548007 3
2 0.29176795 -0.00996656 0.86696720 2 0.29094976 -0.01293195 0.86696720 3
2 0.29176795 -0.01015354 0.86725605 2 0.29046848 -0.01284025 0.86725605 3
2 0.29176795 -0.01115542 0.86841184 2 0.29033852 -0.01146894 0.86841184 3
2 0.29176795 -0.01115542 0.86976856 2 0.29095280 -0.01067305 0.86976856 3
2 0.29176795 -0.01115542 0.86889511 2 0.29193446 -0.01080199 0.86889511 3
2 0.29176795 -0.01115542 0.86969155 2 0.29294086 -0.00953076 0.86969155 3
2 0.29176795 -0.01115542 0.87268156 2 0.29394335 -0.00765607 0.87268156 3
2 0.29176795 -0.01080199 0.87130374 2 0.29372150 -0.00829007 0.87130374 3
2 0.29193446 -0.01067305 0.87306577 2 0.29462564 -0.00730056 0.87306577 3
2 0.29294086 -0.00953076 0.87518996 2 0.29442787 -0.00722645 0.87518996 3
2 0.29372150 -0.00829007 0.87382615 2 0.29412916 -0.00749005 0.87382615 3
2 0.29383796 -0.00765607 0.87492442 2 0.29383796 -0.00671035 0.87492442 3
2 0.29383796 -0.00749005 0.87452346 2 0.29330027 -0.00622866 0.87452346 3
2 0.29383796 -0.00730056 0.87626505 2 0.29352236 -0.00624899 0.87626505 3
2 0.29383796 -0.00730056 0.87391400 2 0.29304704 -0.00753690 0.87391400 3
2 0.29372150 -0.00722645 0.87712651 2 0.29296020 -0.00713698 0.87712651 3
2 0.29352236 -0.00722645 0.87601167 2 0.29140118 -0.00799549 0.87601167 3
2 0.29330027 -0.00722645 0.87256980 2 0.28960055 -0.01130942 0.87256980 3
2 0.29304704 -0.00749005 0.87462008 2 0.28368762 -0.00782330 0.87462008 3
2 0.29296020 -0.00753690 0.87200844 2 0.28124315 -0.01340640 0.87200844 3
2 0.29140118 -0.00782330 0.86764479 2 0.28566226 -0.03151031 0.86764479 3
2 0.28960055 -0.00799549 0.85917521 2 0.28291246 -0.04572113 0.85917521 3
2 0.28566226 -0.01130942 0.84799314 2 0.28086767 -0.06247111 0.84799314 3
2 0.28368762 -0.01340640 0.83333141 2 0.27720946 -0.08100322 0.83333141 3
2 0.28291246 -0.03151031 0.81769890 2 0.27505690 -0.10027519 0.81769890 3
2 0.28125253 -0.04572113 0.79860383 2 0.28125253 -0.13148952 0.79860383 3
2 0.28124315 -0.06247111 0.77890748 2 0.27917409 -0.14459746 0.77890748 3
2 0.28124315 -0.08100322 0.76077801 2 0.29328272 -0.17961772 0.76077801 0
2 0.28125253 -0.10027519 0.74092889 2 0.30193305 -0.20197047 0.74092889 0
2 0.28125253 -0.13148952 0.71999329 2 0.30780590 -0.21659498 0.71999329 3
2 0.28125253 -0.14459746 0.70054448 2 0.31634390 -0.23335840 0.70054448 3
2 0.29328272 -0.17961772 0.68789995 2 0.32553208 -0.24990191 0.68789995 3
2 0.30193305 -0.20197047 0.67636174 2 0.33088201 -0.26287994 0.67636174 3
2 0.30780590 -0.21659498 0.66850519 2 0.33655101 -0.27415568 0.66850519 0
2 0.31634390 -0.23335840 0.66251576 2 0.34037605 -0.28738213 0.66251576 0
2 0.32553208 -0.24990191 0.65106648 2 0.34256709 -0.29150623 0.65106648 0
1 0.33088201 -0.25853491 0.60840476 1 0.35224235 -0.25853491 0.60840476 0
2 0.33655101 -0.26287994 0.64589006 2 0.35366097 -0.30838358 0.64589006 0
2 0.34037605 -0.27415568 0.63973546 2 0.36223945 -0.31440717 0.63973546 0
2 0.34256709 -0.28738213 0.64118701 2 0.35993722 -0.32926348 0.64118701 0
2 0.35224235 -0.29150623 0.63571376 2 0.36348769 -0.33690396 0.63571376 0
2 0.35366097 -0.30838358 0.62791067 2 0.36809811 -0.34097096 0.62791067 1
2 0.35993722 -0.31440717 0.62156612 2 0.37328148 -0.34285569 0.62156612 1
2 0.36223945 -0.32926348 0.61789894 2 0.37701887 -0.34602883 0.61789894 1
2 0.36348769 -0.33690396 0.60756582 2 0.38431370 -0.34748498 0.60756582 1
1 0.36809811 -0.34097096 0.60694808 1 0.39368626 -0.35565585 0.60694808 1
1 0.37328148 -0.34285569 0.60184842 1 0.39816353 -0.35866621 0.60184842 1
1 0.37701887 -0.34602883 0.62654620 1 0.41691068 -0.37920082 0.62654620 1
1 0.38431370 -0.34748498 0.63689661 1 0.42657706 -0.38579354 0.63689661 1
1 0.39368626 -0.35565585 0.62060100 1 0.40648475 -0.36899850 0.62060100 1
1 0.39368626 -0.35565585 0.57380879 1 0.37014553 -0.32988733 0.57380879 1
2 0.39368626 -0.35565585 0.55239582 2 0.34464017 -0.30281991 0.55239582 1
2 0.39368626 -0.35565585 0.55787772 2 0.31707540 -0.28347051 0.55787772 1
2 0.39368626 -0.35565585 0.56068325 2 0.29870501 -0.24253634 0.56068325 0
2 0.37014553 -0.32988733 0.56951010 2 0.28213993 -0.19719939 0.56951010 0
2 0.34464017 -0.30281991 0.58009440 2 0.26557046 -0.15849335 0.58009440 0
2 0.31707540 -0.28347051 0.59382045 2 0.24766900 -0.12908173 0.59382045 0
1 0.29870501 -0.24253634 0.59514135 1 0.16536392 -0.01130687 0.59514135 0
1 0.28213993 -0.19719939 0.63844717 1 0.20192198 -0.04836870 0.63844717 0
1 0.26557046 -0.15849335 0.64086598 1 0.19717850 -0.03649155 0.64086598 0
2 0.24766900 -0.12908173 0.61710066 2 0.21975416 -0.07838438 0.61710066 0
2 0.21975416 -0.07838438 0.62350202 2 0.21302247 -0.07436328 0.62350202 3
2 0.21302247 -0.07436328 0.63079816 2 0.20860240 -0.07408003 0.63079816 3
2 0.20860240 -0.07425646 0.63685703 2 0.20501992 -0.07425646 0.63685703 3
2 0.20501992 -0.07425646 0.64295536 2 0.20125349 -0.07430760 0.64295536 3
2 0.20192198 -0.07425646 0.64842713 2 0.19966246 -0.07560438 0.64842713 1
2 0.20192198 -0.07430760 0.65180504 2 0.19873472 -0.07723989 0.65180504 1
2 0.20125349 -0.07436328 0.65668923 2 0.19913587 -0.07888854 0.65668923 1
2 0.20125349 -0.07560438 0.65755659 2 0.19828084 -0.08024942 0.65755659 1
2 0.19966246 -0.07560438 0.66060567 2 0.19841658 -0.08124591 0.66060567 1
2 0.19913587 -0.07723989 0.66066986 2 0.19828899 -0.08152003 0.66066986 1
2 0.19913587 -0.07888854 0.66406566 2 0.19941945 -0.08172295 0.66406566 1
2 0.19913587 -0.08024942 0.66374695 2 0.19927445 -0.08113949 0.66374695 1
2 0.19913587 -0.08024942 0.66588163 2 0.20116957 -0.07984883 0.66588163 1
2 0.19913587 -0.08024942 0.66847283 2 0.20155646 -0.07638564 0.66847283 1
2 0.19913587 -0.08024942 0.67934263 2 0.18114009 -0.04805455 0.67934263 1
1 0.19841658 -0.08024942 0.68549162 1 0.18088061 -0.04080683 0.68549162 1
1 0.19841658 -0.07984883 0.68768960 1 0.17975588 -0.03382769 0.68768960 1
1 0.19828899 -0.07638564 0.67756349 1 0.17773087 -0.04299482 0.67756349 1
1 0.18114009 -0.04966092 0.67901289 1 0.17752746 -0.04966092 0.67901289 1
1 0.18088061 -0.04966092 0.67993182 1 0.17954275 -0.06273283 0.67993182 1
1 0.18088061 -0.04966092 0.68767506 1 0.18266851 -0.06838948 0.68767506 1
1 0.18086824 -0.04966092 0.73372233 1 0.18086824 -0.07940353 0.73372233 1
1 0.18086824 -0.04966092 0.73498183 1 0.18311062 -0.07972959 0.73498183 1
1 0.18086824 -0.06273283 0.74256945 1 0.18525481 -0.09323280 0.74256945 1
1 0.18086824 -0.06273283 0.71455902 1 0.18985419 -0.03016891 0.71455902 0
1 0.18266851 -0.06273283 0.71995878 1 0.19184458 -0.03013084 0.71995878 0
1 0.18311062 -0.06273283 0.72153419 1 0.19544695 -0.03327549 0.72153419 0
1 0.18525481 -0.06273283 0.66632104 1 0.24320307 -0.01055233 0.66632104 0
2 0.18985419 -0.03327549 0.67081028 2 0.23858616 0.00485842 0.67081028 0
2 0.19184458 -0.03016891 0.66829431 2 0.23669358 0.00455074 0.66829431 0
2 0.19544695 -0.03013084 0.67442614 2 0.23905577 0.00253563 0.67442614 0
2 0.23669358 -0.01055233 0.67509902 2 0.24065635 -0.00467342 0.67509902 0
2 0.23858616 -0.00467342 0.66845965 2 0.24296238 -0.00162262 0.66845965 2
-999
