2 0.20135637 -0.24426842 0.84918153 2 0.27790406 -0.26978540 0.84918153 3
2 0.20293339 -0.25629944 0.84210873 2 0.29283413 -0.26683295 0.84210873 3
2 0.23845938 -0.26683295 0.84883791 2 0.32645994 -0.27817270 0.84883791 3
2 0.27058750 -0.26978540 0.84274948 2 0.33775786 -0.27239636 0.84274948 3
2 0.27790406 -0.26978540 0.84261638 2 0.35283008 -0.26835057 0.84261638 3
2 0.29283413 -0.26978540 0.84264934 2 0.36834741 -0.26405883 0.84264934 0
2 0.32645994 -0.26978540 0.84370881 2 0.38192707 -0.25696245 0.84370881 0
2 0.33775786 -0.26835057 0.84850842 2 0.39626527 -0.24768905 0.84850842 3
2 0.35283008 -0.26683295 0.85201257 2 0.40939516 -0.24043326 0.85201257 3
2 0.36834741 -0.26405883 0.85788703 2 0.42322853 -0.23425828 0.85788703 0
2 0.38192707 -0.25696245 0.86039448 2 0.43547687 -0.22833909 0.86039448 0
2 0.39626527 -0.24768905 0.86876345 2 0.45059633 -0.22988051 0.86876345 0
2 0.40939516 -0.24043326 0.87670040 2 0.46042982 -0.22773381 0.87670040 0
2 0.42322853 -0.23425828 0.88048363 2 0.46513942 -0.21858582 0.88048363 3
2 0.43547687 -0.22988051 0.88558549 2 0.47115508 -0.21280707 0.88558549 3
2 0.45059633 -0.22833909 0.89124691 2 0.47545391 -0.20848010 0.89124691 3
2 0.46042982 -0.22773381 0.87838644 2 0.46955451 -0.15428321 0.87838644 3
2 0.46513942 -0.21858582 0.88323903 2 0.47304231 -0.14888015 0.88323903 3
2 0.46955451 -0.21280707 0.88940275 2 0.47562590 -0.14135779 0.88940275 3
2 0.47115508 -0.20848010 0.89126766 2 0.47628328 -0.13461033 0.89126766 3
2 0.47304231 -0.15428321 0.89536798 2 0.47555912 -0.12607326 0.89536798 3
2 0.47304231 -0.14888015 0.89916420 2 0.46946588 -0.10184121 0.89916420 3
2 0.47304231 -0.14135779 0.90315211 2 0.46588799 -0.09323576 0.90315211 3
2 0.47304231 -0.13461033 0.90385538 2 0.45967114 -0.08335879 0.90385538 3
2 0.46955451 -0.12607326 0.91279852 2 0.45412996 -0.07189122 0.91279852 3
2 0.46946588 -0.10184121 0.91634631 2 0.44823548 -0.06505081 0.91634631 3
2 0.46588799 -0.09323576 0.91696733 2 0.43026301 -0.03614481 0.91696733 3
2 0.45967114 -0.08335879 0.91684282 2 0.42004976 -0.02822848 0.91684282 3
2 0.45412996 -0.07189122 0.91785675 2 0.40953466 -0.02281505 0.91785675 3
2 0.44823548 -0.06505081 0.92091310 2 0.39623582 -0.01708582 0.92091310 3
2 0.43026301 -0.03614481 0.92702752 2 0.37525952 -0.00595351 0.92702752 3
2 0.42004976 -0.02822848 0.92892551 2 0.36171514 -0.00787257 0.92892551 3
2 0.40953466 -0.02281505 0.93076837 2 0.34401104 -0.00775392 0.93076837 3
2 0.39623582 -0.01708582 0.93390745 2 0.32670304 -0.00981279 0.93390745 3
2 0.37525952 -0.01290382 0.93458068 2 0.30920166 -0.01290382 0.93458068 3
2 0.36171514 -0.01290382 0.94065201 2 0.29441911 -0.01909556 0.94065201 3
2 0.34401104 -0.01290382 0.94095087 2 0.27473751 -0.02241227 0.94095087 3
2 0.32670304 -0.01290382 0.94011205 2 0.24319208 -0.01537051 0.94011205 3
2 0.30920166 -0.01290382 0.94677073 2 0.23597732 -0.02874722 0.94677073 3
1 0.29441911 -0.01537051 0.94958609 1 0.20291516 -0.01797566 0.94958609 0
1 0.27473751 -0.01797566 0.95011163 1 0.19304775 -0.02577575 0.95011163 0
2 0.24319208 -0.01909556 0.95680624 2 0.17782493 -0.03728474 0.95680624 0
2 0.23597732 -0.02241227 0.95352274 2 0.16988276 -0.04739236 0.95352274 0
2 0.20379341 -0.02577575 0.93025595 2 0.20379341 -0.07723502 0.93025595 3
1 0.20291516 -0.02874722 0.92445904 1 0.19767767 -0.08516590 0.92445904 3
1 0.19767767 -0.03728474 0.91665745 1 0.19582845 -0.09544265 0.91665745 0
1 0.19582845 -0.04739236 0.91226125 1 0.19324560 -0.10471722 0.91226125 0
2 0.19324560 -0.07723502 0.90428877 2 0.18425575 -0.12550718 0.90428877 3
2 0.19304775 -0.08516590 0.90772480 2 0.15659113 -0.13346580 0.90772480 3
2 0.18425575 -0.09544265 0.89845872 2 0.15824950 -0.14417218 0.89845872 0
1 0.18425575 -0.10471722 0.89425015 1 0.15743575 -0.14981696 0.89425015 0
1 0.18425575 -0.12550718 0.88916516 1 0.15791312 -0.15594946 0.88916516 0
1 0.15824950 -0.13346580 0.88489562 1 0.15679355 -0.16536668 0.88489562 0
2 0.15824950 -0.14417218 0.87964433 2 0.15866172 -0.16933945 0.87964433 3
2 0.15824950 -0.14981696 0.87433004 2 0.16589339 -0.16982460 0.87433004 3
2 0.15824950 -0.15594946 0.87153655 2 0.16808943 -0.17601036 0.87153655 0
2 0.15824950 -0.16536668 0.85734081 2 0.21226782 -0.18485384 0.85734081 0
2 0.15866172 -0.16933945 0.85724312 2 0.21903467 -0.18641520 0.85724312 0
2 0.16589339 -0.16982460 0.85365826 2 0.22527322 -0.18398274 0.85365826 0
2 0.16808943 -0.17601036 0.84946954 2 0.23410456 -0.18025196 0.84946954 0
2 0.21226782 -0.17677782 0.84376782 2 0.24552067 -0.17677782 0.84376782 0
2 0.21903467 -0.17677782 0.84462452 2 0.25548345 -0.17394207 0.84462452 3
2 0.22527322 -0.17677782 0.84445673 2 0.26558733 -0.17123966 0.84445673 3
2 0.23410456 -0.17677782 0.84438771 2 0.27672276 -0.17031713 0.84438771 3
2 0.24552067 -0.17677782 0.84626943 2 0.28672099 -0.16934909 0.84626943 3
2 0.25548345 -0.17394207 0.84888321 2 0.29877487 -0.16987133 0.84888321 0
2 0.26558733 -0.17123966 0.84955168 2 0.31028828 -0.17049015 0.84955168 0
2 0.27672276 -0.17123966 0.85577548 2 0.32474175 -0.17254215 0.85577548 3
2 0.28672099 -0.17123966 0.86022347 2 0.33546010 -0.17297910 0.86022347 3
2 0.29877487 -0.17123966 0.86776298 2 0.34720561 -0.17594926 0.86776298 0
2 0.31028828 -0.17123966 0.87364948 2 0.35890701 -0.17654313 0.87364948 0
2 0.32474175 -0.17254215 0.87452024 2 0.36572593 -0.17713244 0.87452024 0
2 0.33546010 -0.17297910 0.87391174 2 0.36964938 -0.18004876 0.87391174 0
2 0.34720561 -0.17594926 0.87663454 2 0.36884969 -0.18208919 0.87663454 0
2 0.35890701 -0.17654313 0.87898284 2 0.36506876 -0.18583778 0.87898284 0
2 0.35890701 -0.17713244 0.88283938 2 0.35794243 -0.19239992 0.88283938 0
2 0.35890701 -0.18004876 0.88420963 2 0.34583229 -0.20028925 0.88420963 0
2 0.35890701 -0.18208919 0.88696772 2 0.32913035 -0.20848408 0.88696772 0
2 0.35890701 -0.18583778 0.88655931 2 0.31607190 -0.21500166 0.88655931 0
2 0.35794243 -0.19239992 0.89447111 2 0.30943033 -0.22350237 0.89447111 0
2 0.34583229 -0.20028925 0.89634705 2 0.29827222 -0.22662494 0.89634705 0
2 0.32913035 -0.20848408 0.89633197 2 0.29101762 -0.22972558 0.89633197 0
2 0.31607190 -0.21500166 0.89842081 2 0.28800058 -0.23180038 0.89842081 0
2 0.30943033 -0.22350237 0.89819890 2 0.28642872 -0.23338364 0.89819890 3
2 0.29827222 -0.22662494 0.89710981 2 0.28355342 -0.23306695 0.89710981 3
2 0.29101762 -0.22972558 0.89675802 2 0.28129831 -0.23214427 0.89675802 3
2 0.28800058 -0.22972558 0.89556074 2 0.27215374 -0.22864290 0.89556074 3
2 0.28642872 -0.22972558 0.89879972 2 0.27444047 -0.22696297 0.89879972 3
2 0.28355342 -0.22972558 0.90000576 2 0.26547951 -0.21958873 0.90000576 3
2 0.28129831 -0.22972558 0.90203011 2 0.26294789 -0.21471407 0.90203011 3
2 0.27444047 -0.22864290 0.90361881 2 0.24815810 -0.20513271 0.90361881 3
2 0.27215374 -0.22696297 0.90390646 2 0.24615070 -0.19722995 0.90390646 3
2 0.26547951 -0.21958873 0.90602070 2 0.23855680 -0.18381564 0.90602070 3
2 0.26294789 -0.21471407 0.90163511 2 0.25857982 -0.18074077 0.90163511 3
2 0.26069734 -0.20513271 0.89798445 2 0.26069734 -0.17255770 0.89798445 3
2 0.25857982 -0.19722995 0.90027869 2 0.25280747 -0.16315323 0.90027869 3
2 0.25723198 -0.18381564 0.89707166 2 0.25723198 -0.15243402 0.89707166 3
2 0.25295874 -0.18074077 0.89518476 2 0.25295874 -0.14258043 0.89518476 3
2 0.25295874 -0.17255770 0.89579231 2 0.25316456 -0.13656634 0.89579231 3
1 0.25295874 -0.16315323 0.90430146 1 0.18968356 -0.10552282 0.90430146 0
1 0.25295874 -0.15243402 0.90138197 1 0.18847600 -0.10391532 0.90138197 0
1 0.25295874 -0.14258043 0.90047854 1 0.19096534 -0.10192024 0.90047854 0
1 0.25280747 -0.13656634 0.90167505 1 0.19051844 -0.10285810 0.90167505 0
1 0.19096534 -0.10552282 0.90144962 1 0.19017474 -0.10338140 0.90144962 0
1 0.19051844 -0.10501191 0.90321457 1 0.18727954 -0.10501191 0.90321457 0
1 0.19017474 -0.10501191 0.90745962 1 0.18474795 -0.10708602 0.90745962 0
1 0.18968356 -0.10501191 0.90907067 1 0.18403023 -0.10677454 0.90907067 0
1 0.18847600 -0.10501191 0.91435277 1 0.18241231 -0.10550456 0.91435277 0
1 0.18727954 -0.10497791 0.91436809 1 0.18247347 -0.10497791 0.91436809 0
1 0.18727954 -0.10501191 0.90534580 1 0.21357632 -0.11327359 0.90534580 0
1 0.18474795 -0.10501191 0.93376362 1 0.16951466 -0.10305699 0.93376362 0
1 0.18474795 -0.10550456 0.90837348 1 0.21792516 -0.11099355 0.90837348 0
1 0.18474795 -0.10677454 0.90856904 1 0.21940224 -0.10990763 0.90856904 0
1 0.18474795 -0.10708602 0.90858591 1 0.21996722 -0.10896242 0.90858591 0
1 0.21357632 -0.10710026 0.91221064 1 0.22002053 -0.10710026 0.91221064 0
1 0.21792516 -0.10710026 0.91346353 1 0.22093448 -0.10549419 0.91346353 0
1 0.21940224 -0.10710026 0.91278815 1 0.22096381 -0.10504852 0.91278815 0
1 0.21996722 -0.10710026 0.91453493 1 0.22142899 -0.10323838 0.91453493 0
1 0.22002053 -0.10549419 0.92236584 1 0.22199038 -0.10167567 0.92236584 0
1 0.22093448 -0.10549419 0.92674190 1 0.22149596 -0.09816640 0.92674190 1
1 0.22096381 -0.10504852 0.92961705 1 0.22369625 -0.09234291 0.92961705 1
1 0.22096381 -0.10323838 0.93924701 1 0.19134617 -0.07960682 0.93924701 1
1 0.22142899 -0.10167567 0.91636133 1 0.22959341 -0.07422254 0.91636133 1
1 0.22149596 -0.09816640 0.91763711 1 0.23229811 -0.07256218 0.91763711 0
1 0.22199038 -0.09234291 0.91611344 1 0.23178862 -0.07009174 0.91611344 0
1 0.22369625 -0.07960682 0.91706109 1 0.23202340 -0.07014572 0.91706109 0
1 0.22959341 -0.07422254 0.91878957 1 0.23117341 -0.06921735 0.91878957 0
1 0.23059261 -0.07256218 0.92069769 1 0.23059261 -0.07089721 0.92069769 0
1 0.23064487 -0.07089721 0.92210531 1 0.23064487 -0.07041468 0.92210531 0
1 0.23109180 -0.07060982 0.92245734 1 0.23109180 -0.07060982 0.92245734 0
1 0.23117341 -0.07060982 0.92406416 1 0.23250464 -0.07133054 0.92406416 0
1 0.23178862 -0.07041468 0.92312694 1 0.23257552 -0.06918846 0.92312694 0
1 0.23178862 -0.07014572 0.92257571 1 0.23231690 -0.06838412 0.92257571 0
1 0.23202340 -0.07014572 0.92196137 1 0.23223378 -0.06756198 0.92196137 0
1 0.23223378 -0.06921735 0.92043239 1 0.23282316 -0.06619351 0.92043239 0
1 0.23231690 -0.06918846 0.92174375 1 0.23360743 -0.06528621 0.92174375 0
1 0.23250464 -0.06838412 0.91976893 1 0.23304677 -0.06348561 0.91976893 0
1 0.23257552 -0.06756198 0.92128378 1 0.23486170 -0.06025735 0.92128378 0
2 0.23282316 -0.06619351 0.92795563 2 0.24115099 -0.03439252 0.92795563 0
2 0.23304677 -0.06528621 0.91052711 2 0.25451148 -0.05347366 0.91052711 0
2 0.23360743 -0.06348561 0.90684825 2 0.25103885 -0.04380432 0.90684825 0
2 0.23486170 -0.06025735 0.91426164 2 0.25301310 -0.01635230 0.91426164 0
2 0.24115099 -0.05347366 0.90896314 2 0.24516353 -0.01997223 0.90896314 0
2 0.24516353 -0.04380432 0.90222704 2 0.25857106 -0.00758078 0.90222704 0
2 0.25103885 -0.03439252 0.89835799 2 0.26947471 -0.00483774 0.89835799 0
2 0.25301310 -0.01997223 0.89330488 2 0.27182725 0.00053066 0.89330488 0
2 0.25451148 -0.01635230 0.89023185 2 0.27748308 0.00288267 0.89023185 0
2 0.25857106 -0.00758078 0.88547635 2 0.28361699 0.00238905 0.88547635 2
-999
