2 0.12236959 -0.27064878 1.09647214 2 0.25122130 -0.16006541 0.82662904 3
2 0.12106702 -0.26971459 1.09599257 2 0.24850501 -0.16082959 0.82306278 3
2 0.12110123 -0.26971069 1.09608674 2 0.24386612 -0.15967396 0.81742340 3
2 0.12109650 -0.26961830 1.09619927 2 0.23759447 -0.15654919 0.81440151 3
2 0.12267296 -0.27034542 1.09740579 2 0.22826621 -0.15336928 0.81401491 3
2 0.12356768 -0.27042398 1.09806538 2 0.21663904 -0.14773296 0.81298196 3
2 0.12439774 -0.27057210 1.09839571 2 0.20231862 -0.14780867 0.80996346 3
2 0.12511979 -0.27007392 1.09861493 2 0.18234733 -0.14953987 0.81184018 3
2 0.14001912 -0.29047436 1.13123286 2 0.15338242 -0.12906879 0.81191415 3
2 0.14011104 -0.28980908 1.11929834 1 0.12567970 -0.13248329 0.81360495 0
1 0.14288919 -0.28542891 1.11326790 2 0.09272904 -0.13922022 0.82222110 0
1 0.14027414 -0.28414088 1.11013973 2 0.05344390 -0.15957738 0.83303273 3
2 0.12464730 -0.19738492 1.08484805 1 0.01740390 -0.17402588 0.84519082 3
1 0.13033424 -0.24803784 1.08825803 1 0.01565729 -0.20597044 0.83893979 0
1 0.12979671 -0.25282028 1.09155667 1 0.01169686 -0.24805002 0.83848530 0
1 0.12890323 -0.25763565 1.09362555 1 -0.00570651 -0.26620874 0.84397465 0
1 0.12885417 -0.25945908 1.09440017 1 -0.02668332 -0.27683249 0.84668976 0
1 0.12859966 -0.26103339 1.09528029 2 -0.01076530 -0.30793321 0.84301126 3
1 0.12847498 -0.26248428 1.09585464 2 -0.01341992 -0.32227710 0.83925426 3
1 0.12826844 -0.26321295 1.09650147 2 -0.01290144 -0.33681220 0.83692813 3
1 0.12810256 -0.26378202 1.09706950 2 -0.06139332 -0.34099600 0.85139024 3
1 0.12797946 -0.26415119 1.09724605 1 -0.05733116 -0.35032785 0.83933133 0
1 0.12767424 -0.26476556 1.09772027 2 -0.04489391 -0.36557621 0.83267450 0
1 0.12743744 -0.26519367 1.09807229 1 -0.02888325 -0.47060671 0.69019753 1
1 0.12721992 -0.26563546 1.09844315 1 -0.01959179 -0.47973320 0.68977207 1
1 0.12589265 -0.26543972 1.09823084 1 -0.01718819 -0.47327989 0.68395245 1
1 0.12585023 -0.26609865 1.09843040 1 0.02611102 -0.41362771 0.79169196 1
1 0.12494419 -0.26590493 1.09811628 1 0.03272454 -0.41765741 0.78970557 1
1 0.12428006 -0.26573256 1.09794343 1 0.04063157 -0.42023766 0.78592139 1
1 0.12377402 -0.26559955 1.09781003 1 0.04608576 -0.42269921 0.78580230 1
1 0.12308188 -0.26537997 1.09754848 1 0.08956315 -0.43228602 0.79285020 1
1 0.12270572 -0.26528475 1.09742451 1 0.09755266 -0.42729646 0.78835815 1
1 0.12230991 -0.26518476 1.09730947 1 0.10990331 -0.42475861 0.78196907 1
1 0.12214235 -0.26522750 1.09731507 2 0.26866555 -0.48304951 0.95309418 0
1 0.12201381 -0.26519781 1.09738612 2 0.26782572 -0.48191223 0.94529796 0
1 0.12171852 -0.26506934 1.09733999 2 0.26627913 -0.46223119 0.98275834 0
1 0.12152037 -0.26505557 1.09730566 2 0.27371454 -0.45797795 0.98755825 0
1 0.12136150 -0.26502961 1.09730422 2 0.28096855 -0.45304745 0.99213898 0
1 0.12127709 -0.26500511 1.09726024 1 0.26628652 -0.42117956 1.02059901 0
1 0.12159587 -0.26926371 1.09963322 2 0.25434008 -0.40638885 1.03429568 0
1 0.12137506 -0.26873383 1.09931028 2 0.24919371 -0.42040733 1.02362454 0
2 0.12110791 -0.26837146 1.09923422 2 0.25001079 -0.43353322 1.01214135 0
2 0.12094893 -0.26796168 1.09915102 2 0.25494343 -0.43803403 1.00301254 0
2 0.12084926 -0.26761031 1.09899318 2 0.27481458 -0.33462030 0.78630346 3
2 0.12155328 -0.26792645 1.09940600 2 0.28498346 -0.32456291 0.79108983 3
2 0.12137868 -0.26757935 1.09948337 2 0.29656455 -0.32272893 0.80624741 0
2 0.12131724 -0.26737455 1.09937000 2 0.30410653 -0.30926558 0.80845869 0
2 0.12125707 -0.26713657 1.09917223 2 0.31120431 -0.29634267 0.81263912 0
2 0.12121868 -0.26701182 1.09912837 2 0.31886753 -0.29000694 0.82242721 0
2 0.12121475 -0.26699048 1.09910870 2 0.32524699 -0.28406969 0.83098161 0
2 0.12123919 -0.26697806 1.09912515 2 0.33317739 -0.27936831 0.84228665 0
2 0.12128608 -0.26697102 1.09909809 2 0.34008718 -0.27668783 0.85061836 0
2 0.12133028 -0.26696309 1.09913743 2 0.35290048 -0.26150507 0.85042232 0
1 0.12134268 -0.26694199 1.09911644 2 0.36198726 -0.25828868 0.85966450 3
1 0.12215968 -0.26741520 1.09970903 2 0.37049544 -0.25004798 0.86526614 3
2 0.12305540 -0.27086368 1.10145044 2 0.37483570 -0.20321307 0.86178690 3
2 0.12335197 -0.27256444 1.10212326 2 0.38440397 -0.19646731 0.86801165 3
2 0.12424689 -0.27384028 1.10282326 2 0.39540097 -0.18636879 0.86997765 3
2 0.11823319 -0.27058554 1.10042751 2 0.40561095 -0.18019047 0.87280315 3
2 0.11937837 -0.27067733 1.10039198 2 0.41335231 -0.16966790 0.87247604 3
2 0.11822192 -0.27030078 1.09953892 2 0.42238143 -0.16227137 0.87756985 3
2 0.11844179 -0.27003008 1.09947705 2 0.43077981 -0.15600963 0.88130701 3
2 0.11885831 -0.26978195 1.09924221 2 0.43539885 -0.15023680 0.88205928 3
1 0.11931126 -0.26944280 1.09908581 2 0.43916452 -0.14361091 0.88563609 3
2 0.12148285 -0.27000931 1.09947407 2 0.43894711 -0.13689399 0.88879132 3
2 0.12291385 -0.27030975 1.09965348 2 0.43369982 -0.13020183 0.88815147 3
2 0.12430725 -0.27064851 1.09998858 2 0.42525157 -0.12094584 0.88802284 3
2 0.12550212 -0.27081221 1.10018098 2 0.41328990 -0.11393159 0.88814247 3
2 0.12635128 -0.27088067 1.10019171 2 0.39796409 -0.10446085 0.89059699 3
2 0.12743855 -0.27099407 1.10016179 2 0.38121209 -0.09648816 0.89021206 3
2 0.12852614 -0.27106079 1.10023785 2 0.36524904 -0.09062470 0.88842195 3
2 0.12939623 -0.27098036 1.10036600 2 0.34964544 -0.08633090 0.88794291 3
2 0.13073009 -0.27099717 1.10026217 2 0.33187374 -0.08035737 0.88698244 3
2 0.13192877 -0.27105078 1.10018563 2 0.31079715 -0.06899703 0.88835436 3
2 0.13265997 -0.27108824 1.10008061 2 0.29468170 -0.06769706 0.88626450 3
2 0.13306330 -0.27109414 1.09987867 2 0.28196943 -0.06887112 0.88410997 0
2 0.13352050 -0.27098536 1.09968603 1 0.26192114 -0.05043505 0.88119006 0
2 0.13376024 -0.27088669 1.09973371 1 0.24960232 -0.05040002 0.88514388 0
2 0.13385811 -0.27074003 1.09967327 2 0.23795405 -0.05490122 0.88232678 0
2 0.13395905 -0.26992923 1.09991324 1 0.22569077 -0.05541535 0.88220346 0
2 0.13417996 -0.27081209 1.09883225 1 0.20960315 -0.04870655 0.88487858 0
1 0.13477667 -0.24784815 1.10104406 1 0.19743866 -0.05080434 0.88302499 0
1 0.13441691 -0.23839396 1.10242605 1 0.18904597 -0.05432590 0.88474876 0
1 0.13447212 -0.23364849 1.10212004 2 0.21142752 -0.09825054 0.88152212 3
1 0.13452621 -0.23121940 1.10240030 2 0.20979548 -0.09942406 0.88069147 3
1 0.13451871 -0.22871581 1.10175955 2 0.20975946 -0.10033471 0.87883878 3
1 0.13457525 -0.22799185 1.10196948 2 0.21119612 -0.09913673 0.88031310 3
1 0.13444254 -0.22748314 1.10223877 2 0.21169621 -0.09889972 0.87997037 3
1 0.13443185 -0.22742613 1.10225773 2 0.21183591 -0.09768964 0.88284051 3
1 0.13445556 -0.22667038 1.10205138 2 0.20802432 -0.09116288 0.88208050 3
1 0.13285768 -0.25207892 1.10070252 1 0.19475278 -0.04302937 0.90078211 3
1 0.13267358 -0.25436759 1.10048556 2 0.20581388 -0.02367837 0.90271580 2
-999
