1 0.07551663 -0.08962479 0.93472767 1 0.04733158 0.00128145 0.63569617 0
1 0.07550383 -0.08960132 0.93471140 1 0.04723552 0.00033644 0.63492328 0
1 0.07550126 -0.08960836 0.93471658 1 0.04725423 0.00008662 0.63684386 0
1 0.07549851 -0.08963189 0.93471330 1 0.04729351 -0.00011215 0.63621920 0
1 0.07546242 -0.08960439 0.93471670 1 0.04744328 -0.00006949 0.63553578 0
1 0.07545456 -0.08960717 0.93471128 1 0.04695078 -0.00041457 0.63750261 0
1 0.07538046 -0.08974076 0.93488097 1 0.04706581 -0.00108653 0.63848484 0
1 0.07535063 -0.08983436 0.93483716 1 0.04745070 -0.00493464 0.63847995 0
1 0.07536176 -0.09005809 0.93478590 1 0.04668399 -0.00582815 0.63997912 0
1 0.07514381 -0.09026311 0.93501014 1 0.04622366 -0.00809191 0.64091247 0
1 0.07414935 -0.08734570 0.93509305 1 0.02887102 0.02217872 0.65379614 0
1 0.07369303 -0.08593711 0.93510127 1 0.03713532 -0.01732455 0.64314008 0
1 0.07365106 -0.08584201 0.93527216 1 0.01460536 0.02502132 0.66535079 0
1 0.07366677 -0.08595701 0.93530667 1 0.01385866 0.02034475 0.66380316 0
1 0.07368480 -0.08600015 0.93532223 1 0.01462868 0.01410545 0.66532993 0
1 0.07371409 -0.08609305 0.93538111 2 0.01999349 0.00603048 0.66424346 0
1 0.07382037 -0.08619970 0.93538892 2 0.02218808 -0.00583169 0.66363859 2
1 0.07408714 -0.08700758 0.93537980 2 0.02626714 -0.03292551 0.66117775 2
1 0.07444256 -0.08796841 0.93537056 2 0.02560201 -0.04479026 0.66067851 2
1 0.07467639 -0.08856638 0.93529510 2 -0.02864139 -0.09166189 0.66847789 2
1 0.07483950 -0.08908452 0.93533087 1 -0.02802349 -0.09680607 0.66961688 0
1 0.07497434 -0.09075783 0.93569642 1 -0.02857267 -0.18960039 0.58482456 0
1 0.07494283 -0.09404267 0.93694907 1 -0.00563468 -0.07654397 0.65395343 0
1 0.07051441 -0.12530245 0.95320374 1 0.00363295 -0.09757393 0.65429282 0
1 0.07808999 -0.13338116 0.95626104 1 0.00733589 -0.11363381 0.65493309 0
1 0.07926936 -0.13651854 0.95798391 2 -0.00199993 -0.11920488 0.65518975 0
1 0.07919469 -0.13771777 0.95876199 2 0.01073223 -0.16266938 0.66588187 2
1 0.07861327 -0.13906589 0.95954710 2 0.01002568 -0.16669689 0.66312373 2
2 0.07797273 -0.14025097 0.96024513 2 0.00909425 -0.17194034 0.66332299 0
2 0.07762172 -0.14101049 0.96049148 2 0.00894748 -0.17230950 0.66237944 0
2 0.07745224 -0.14189632 0.96092498 2 0.00864274 -0.17373131 0.66211885 0
2 0.07721845 -0.14256862 0.96139717 2 0.00929802 -0.17345116 0.66281754 0
2 0.07711078 -0.14292124 0.96159655 2 0.00942422 -0.17309442 0.66140723 0
2 0.07703790 -0.14374240 0.96172500 2 0.00983103 -0.17201231 0.65970707 0
2 0.07704327 -0.14399987 0.96196157 2 0.01004775 -0.17256084 0.66175330 0
2 0.07692802 -0.14397295 0.96194756 2 -0.03211657 -0.20818126 0.67183501 0
2 0.07677037 -0.14392450 0.96183938 2 -0.03098497 -0.20854059 0.67030716 0
2 0.07679716 -0.14412108 0.96195751 2 -0.03117266 -0.20851612 0.67119241 0
2 0.07675917 -0.14436841 0.96207809 2 -0.03081712 -0.21084133 0.66983169 0
2 0.07659175 -0.14414409 0.96233886 2 -0.03183789 -0.20963335 0.67137182 0
2 0.07647415 -0.14412554 0.96243584 2 -0.03168622 -0.20957650 0.67062092 0
2 0.07646593 -0.14433224 0.96247882 2 -0.02726256 -0.21052094 0.66662997 0
2 0.07657375 -0.14429073 0.96238101 2 0.01890820 -0.18534231 0.65918487 2
2 0.07682596 -0.14156345 0.96141165 2 0.02484457 -0.18432036 0.65859967 2
1 0.07702619 -0.14163566 0.96149302 2 0.03934425 -0.17027043 0.65237027 2
1 0.07892203 -0.13992400 0.96067518 2 0.04629465 -0.14827955 0.65027052 2
1 0.08054148 -0.13958511 0.96053421 2 0.06697014 -0.13360293 0.64592141 2
1 0.08178936 -0.13949774 0.96039903 2 0.08061213 -0.11792979 0.64289761 2
1 0.08273657 -0.13955785 0.96046627 2 0.09216000 -0.10763442 0.63662648 2
2 0.08195936 -0.15090048 0.96247166 2 0.10891263 -0.08418535 0.63346404 2
2 0.08310547 -0.15381894 0.96340215 2 0.12087838 -0.06717307 0.62821376 2
1 0.08320692 -0.15385625 0.96336800 2 0.13624321 -0.04841769 0.62346637 2
2 0.08341559 -0.15436479 0.96328086 2 0.15249187 -0.00800267 0.62241346 2
2 0.08420286 -0.15373220 0.96256113 2 0.17221928 0.01823166 0.61783123 2
2 0.08472465 -0.15349154 0.96240336 2 0.18070383 0.02316819 0.61480695 2
2 0.08570229 -0.15378691 0.96242017 2 0.19284241 0.03942555 0.61639929 2
2 0.08620462 -0.15392539 0.96233249 2 0.20043604 0.05533010 0.61765307 2
2 0.08672898 -0.15417659 0.96230066 2 0.21143892 0.08406506 0.62028730 2
2 0.08714002 -0.15434474 0.96239007 2 0.21700150 0.08966050 0.62410229 2
2 0.08724973 -0.15435642 0.96235049 2 0.22170578 0.09336292 0.62552869 2
2 0.08763684 -0.15435985 0.96232378 2 0.22802475 0.09263372 0.62516129 0
2 0.08804967 -0.15440871 0.96227598 2 0.23307560 0.09966151 0.62917441 0
2 0.08848641 -0.15451364 0.96225315 2 0.23420963 0.10599188 0.63183564 2
2 0.08894093 -0.15461655 0.96223181 2 0.23636134 0.11018522 0.63423663 2
2 0.08933195 -0.15471435 0.96221375 2 0.23811328 0.11281170 0.63589543 2
2 0.08983902 -0.15482163 0.96226811 2 0.23934789 0.11490530 0.63918209 2
2 0.09028845 -0.15488827 0.96233720 2 0.23948632 0.11499734 0.63964301 2
2 0.09063203 -0.15497968 0.96243441 2 0.24047850 0.11714429 0.64190179 2
2 0.09084041 -0.15501910 0.96245521 2 0.24103782 0.11753251 0.64200246 2
2 0.09098557 -0.15506080 0.96248507 2 0.24156763 0.11695307 0.64295077 2
2 0.09116749 -0.15508181 0.96256298 2 0.24309629 0.11719054 0.64749444 2
2 0.09127498 -0.15511082 0.96263528 2 0.24480377 0.11365233 0.65043056 2
2 0.09148730 -0.15515217 0.96285433 2 0.24762432 0.10660206 0.65477175 2
2 0.09153623 -0.15516709 0.96305138 2 0.24638641 0.08697531 0.65653950 2
2 0.09166854 -0.15530932 0.96324539 2 0.24554934 0.07160684 0.65667528 2
2 0.09184040 -0.15547477 0.96360838 2 0.24240448 0.05620242 0.66058201 2
2 0.09189001 -0.15553077 0.96380842 2 0.23978904 0.03416822 0.66376776 2
2 0.09162994 -0.15545389 0.96391493 2 0.23729093 0.01307774 0.66646373 2
2 0.09141620 -0.15530875 0.96403039 2 0.23691586 -0.00753766 0.66698205 2
2 0.09130903 -0.15524760 0.96409225 2 0.23609473 -0.03387667 0.66726792 2
2 0.09050681 -0.15716955 0.96587580 2 0.24006645 -0.05433310 0.67226171 2
2 0.08967104 -0.15816304 0.96706635 2 0.24347866 -0.07499260 0.67353231 2
2 0.08842336 -0.15861045 0.96752560 2 0.24615894 -0.09173492 0.67649221 2
2 0.08719486 -0.15921804 0.96791112 2 0.24762869 -0.11532561 0.67991883 2
2 0.08489832 -0.15934648 0.96670514 2 0.25207481 -0.13728414 0.67768782 2
2 0.08205627 -0.15902025 0.96544456 1 0.25360084 -0.14765915 0.67909431 2
2 0.08129238 -0.15933739 0.96583879 1 0.26011610 -0.14635813 0.67511070 0
2 0.08089022 -0.15979765 0.96590322 2 0.23241949 -0.22109734 0.68651378 0
2 0.08030874 -0.16024695 0.96596670 2 0.23409921 -0.22715528 0.68843752 0
2 0.08027451 -0.16021301 0.96596664 2 0.23102377 -0.25460804 0.68884331 0
2 0.08026423 -0.16023423 0.96599168 2 0.23298471 -0.25940347 0.68913651 0
2 0.08023050 -0.16023536 0.96597773 2 0.24075900 -0.25656930 0.68504834 0
2 0.08014243 -0.16037434 0.96594810 2 0.24345872 -0.25433090 0.68028200 2
2 0.08007634 -0.16042186 0.96588194 2 0.24267317 -0.25720292 0.67842311 2
2 0.08017668 -0.16072233 0.96596336 2 0.24290890 -0.25736603 0.67715865 2
2 0.08030484 -0.16084489 0.96599025 2 0.23655584 -0.26252165 0.67699397 2
2 0.08032356 -0.16079862 0.96600467 2 0.23761310 -0.25750467 0.67532003 2
2 0.08043297 -0.16075447 0.96611059 2 0.23643339 -0.24823831 0.67167550 2
2 0.08043649 -0.16075265 0.96612442 2 0.23603731 -0.24016254 0.66747963 2
2 0.08049443 -0.16074927 0.96610123 2 0.22737741 -0.23823503 0.66610008 2
2 0.08053456 -0.16102977 0.96601415 2 0.21935950 -0.23536873 0.66314507 0
2 0.08048780 -0.16152219 0.96615094 2 0.20401679 -0.21955517 0.66214263 0
2 0.08044651 -0.16167964 0.96616602 2 0.19191103 -0.21647015 0.65643269 2
2 0.08036742 -0.16173366 0.96617746 2 0.16156116 -0.22367382 0.65207082 2
2 0.08027043 -0.16096479 0.96569365 2 0.14963454 -0.21554270 0.64502019 0
2 0.08258501 -0.16203752 0.96735322 2 0.13713920 -0.17885479 0.64258188 0
1 0.08442640 -0.16268070 0.96866500 2 0.12631810 -0.16895851 0.63520849 2
1 0.08623558 -0.16280311 0.96965355 2 0.11669081 -0.13058834 0.63018465 2
1 0.08762464 -0.16260052 0.97010332 2 0.10295013 -0.12486104 0.62656176 2
1 0.08925270 -0.16169912 0.97021902 2 0.09368465 -0.10813568 0.62102181 2
1 0.09212917 -0.15882035 0.96972591 2 0.08041549 -0.08612150 0.61714911 2
1 0.09311847 -0.15631194 0.96913093 2 0.07113222 -0.05363154 0.61478662 2
1 0.09249949 -0.11041232 0.95640016 2 0.06301434 -0.04077707 0.61154932 2
1 0.09381230 -0.12259898 0.95964199 2 0.05472544 -0.01161828 0.60993266 2
1 0.09359068 -0.12301439 0.95971328 2 0.04849766 -0.00091819 0.61215740 2
1 0.09330321 -0.12415785 0.95978755 1 0.04400555 -0.02182229 0.60706955 2
1 0.09292133 -0.12728044 0.96025693 1 0.04048853 -0.02416013 0.60518634 0
1 0.09334856 -0.14209227 0.96215701 1 0.04710067 -0.02955824 0.60338926 0
1 0.09290995 -0.15203430 0.96206629 1 0.04368444 -0.02453929 0.60063195 0
1 0.09286629 -0.15280485 0.96190923 1 0.04121529 -0.01191915 0.59783357 0
1 0.09326019 -0.15354519 0.96181399 1 0.04602486 -0.01400332 0.59983677 0
1 0.09346059 -0.15389228 0.96187103 1 0.04575314 -0.01607871 0.60119313 0
1 0.09348124 -0.15391777 0.96188760 1 0.04058281 -0.00904726 0.60255098 0
1 0.09352811 -0.15401733 0.96194232 1 0.03882078 -0.00951669 0.60361701 0
1 0.09351268 -0.15401809 0.96193272 1 0.04077177 -0.01310587 0.60099202 0
1 0.09324910 -0.15426120 0.96268851 1 0.03398542 0.00127948 0.60497421 0
1 0.09317973 -0.15430242 0.96280551 1 0.03414321 0.00030691 0.60530055 0
-999
