1 0.10544667 -0.33622915 1.04205561 2 0.11515093 -0.06642719 0.91767591 3
1 0.10548283 -0.33552933 1.04238200 2 0.11609619 -0.06352854 0.91394019 0
2 0.11029971 -0.35278824 1.03207445 2 0.13094810 -0.05557819 0.89858097 0
2 0.11050691 -0.35256574 1.03245425 1 0.11253545 0.00602975 0.89997756 0
2 -0.04189225 -0.06057732 1.05616200 2 0.18522669 -0.03624773 0.86198127 1
2 0.00798860 -0.07390636 1.07276452 2 0.18827116 0.01779138 0.84262937 3
2 0.05932745 -0.09066965 1.08929086 2 0.21747822 0.00227958 0.81406343 3
2 0.06057501 -0.08613335 1.09660077 2 0.28635228 -0.00491077 0.75908399 3
1 0.06062990 -0.08608940 1.09704089 2 0.31369072 -0.02517819 0.73475373 0
1 0.06048403 -0.08618078 1.09637868 2 0.34471050 -0.04115487 0.70931190 0
1 0.05966175 -0.08639351 1.09539151 2 0.39537054 -0.10483807 0.67586076 0
1 0.05771910 -0.08662862 1.09474099 1 0.29099339 -0.22771229 0.84063995 0
1 0.05371325 -0.08681525 1.09373021 1 0.28323147 -0.25009099 0.85364938 0
1 0.05289769 -0.09422138 1.09761393 2 0.25296485 -0.28874210 0.84107238 0
1 0.05248772 -0.09591582 1.09918272 2 0.25437433 -0.28827021 0.84389198 0
2 0.05273692 -0.09531173 1.09966385 2 0.25282234 -0.29161620 0.84451944 0
1 0.05393549 -0.09373100 1.09790885 2 0.25444773 -0.29122776 0.84285504 0
1 0.05457912 -0.09260733 1.09662187 2 0.25441325 -0.28849396 0.84044778 0
1 0.05551516 -0.09102745 1.09462237 2 0.25426772 -0.28470522 0.83972991 0
1 0.05523947 -0.09084599 1.09459484 2 0.25384367 -0.27917510 0.83914489 0
1 0.05603932 -0.09033874 1.09366632 2 0.25435215 -0.27341479 0.84006947 0
1 0.05655285 -0.08968338 1.09269512 2 0.25203222 -0.27091002 0.84982234 0
1 0.05676641 -0.08949104 1.09240043 2 0.24832764 -0.26877731 0.85348314 0
2 0.05663288 -0.08939788 1.09172142 2 0.25942108 -0.29471210 0.85255677 0
2 0.05647756 -0.08942956 1.09090579 1 0.24081361 -0.32071069 0.88669771 0
2 0.05734209 -0.07652706 1.09676969 1 0.20951965 -0.34584877 0.93700624 0
1 0.05892431 -0.07780284 1.09391904 2 0.21527120 -0.30882093 0.91810030 0
2 0.05893455 -0.07777940 1.09305954 2 0.18383868 -0.03214029 0.88249362 3
2 0.23605801 -0.13858320 0.89379227 2 0.16371332 -0.05824542 0.90228170 3
2 0.20208022 -0.11794589 0.90996653 1 0.14145468 -0.06406681 0.91958261 1
2 0.15731539 -0.16624376 0.99444455 1 0.13879991 -0.07165261 0.92462981 0
1 0.15828079 -0.16550526 0.99489093 1 0.13333435 -0.08018767 0.92352659 1
1 0.15817243 -0.16558129 0.99481505 1 0.13140427 -0.07979303 0.92148399 1
1 0.15809584 -0.16572434 0.99483711 1 0.13006234 -0.07819160 0.92092234 1
1 0.15806907 -0.16575052 0.99484849 1 0.12946588 -0.07328624 0.91711193 1
1 0.15807538 -0.16571720 0.99485469 1 0.13095610 -0.06944676 0.91319442 1
2 0.15815584 -0.16533059 0.99303520 1 0.12444648 -0.05044214 0.91236579 1
1 0.15908381 -0.16354573 0.99166536 1 0.11088320 0.02222556 0.90043277 0
2 0.22973853 -0.12830538 0.88362914 2 0.12708877 0.03105701 0.87850875 0
1 0.05664331 -0.05803804 1.08832979 2 0.17722885 0.02744784 0.83843696 3
1 0.05672831 -0.05796761 1.08862662 2 0.20358202 0.02204606 0.81225115 3
1 0.05670804 -0.05797771 1.08860612 2 0.23734529 0.02849967 0.78653187 3
1 0.05637531 -0.05793720 1.08895302 2 0.29316527 -0.00375364 0.73851877 3
1 0.05557025 -0.05803445 1.08810282 2 0.32143191 -0.02056653 0.71912205 0
1 0.05557777 -0.05804049 1.08810604 2 0.37299025 -0.06525606 0.68600315 0
1 0.05557715 -0.05803876 1.08813465 1 0.32464737 -0.17035633 0.81236690 0
1 0.05561941 -0.05804312 1.08811986 1 0.30240908 -0.20996347 0.84623522 0
1 0.05557042 -0.05804145 1.08803391 2 0.41176301 -0.19343415 0.69664389 0
1 0.05556379 -0.05804313 1.08803570 1 0.29889295 -0.23794639 0.84994996 0
1 0.05201873 -0.05731176 1.09102905 1 0.29026890 -0.24741437 0.86687088 0
1 0.05269654 -0.05733813 1.09091663 1 0.29559916 -0.24368809 0.85974163 0
1 0.05327899 -0.05746621 1.09026659 1 0.30174080 -0.23544431 0.84913814 0
1 0.04504781 -0.05511393 1.10171556 1 0.29408523 -0.23659405 0.86995089 0
1 0.04905750 -0.05595848 1.09783626 1 0.30264008 -0.22367644 0.86612368 0
1 0.05221871 -0.05685204 1.09375894 2 0.41875631 -0.09474181 0.69737780 0
1 0.05295997 -0.05704841 1.09263301 1 0.24791545 -0.11932148 0.87517434 0
1 0.05423757 -0.05727123 1.09093714 1 0.30455670 -0.12615630 0.85666686 0
1 0.05476055 -0.05736871 1.09073365 2 0.32404882 -0.00818724 0.75298220 0
1 0.05507255 -0.05747952 1.09025311 2 0.29161450 0.00436653 0.76967204 0
1 0.05538327 -0.05753929 1.09022975 2 0.22889911 0.02166946 0.80991024 3
1 0.05565403 -0.05758899 1.08994830 2 0.20064545 0.00010003 0.83308864 3
1 0.05549976 -0.05758781 1.08987641 2 0.18285215 -0.03254699 0.85107654 3
1 0.13370714 -0.10693721 1.04428923 2 0.14058124 -0.05384843 0.88481855 3
1 0.13398243 -0.10657489 1.04474986 2 0.09520224 -0.03304057 0.90267694 0
1 0.12117480 -0.13354611 1.04274392 2 0.09338156 -0.05942514 0.91001093 4
1 0.12439638 -0.12818889 1.04464531 2 0.09049314 -0.06317598 0.91101676 4
1 0.12456831 -0.12808299 1.04480660 2 0.08845065 -0.06338151 0.91200531 0
1 0.12650518 -0.12533803 1.04568970 2 0.08791237 -0.05910410 0.90854990 4
1 0.12721047 -0.12355313 1.04618585 2 0.08808862 -0.05322905 0.90472436 4
1 0.12875833 -0.11917935 1.04692113 2 0.09713773 -0.04120442 0.89252722 0
1 0.12942477 -0.11783384 1.04720235 2 0.13092346 -0.05087318 0.88063544 0
2 0.18754269 -0.13417074 0.95849323 2 0.14011002 -0.01300421 0.85451388 3
1 0.17419422 -0.11139160 0.97296637 2 0.16443269 -0.00030372 0.83401990 3
2 0.07422733 -0.09254887 1.08925319 2 0.21139111 0.00229289 0.79817015 3
2 0.07394217 -0.09268810 1.08898914 2 0.25172082 0.00156176 0.77484673 3
2 0.07671869 -0.09297960 1.09403884 2 0.27716303 -0.00059791 0.75238991 3
2 0.07736213 -0.09210125 1.09759283 2 0.32944581 -0.01880560 0.71286219 0
1 0.07743995 -0.09215432 1.09807038 2 0.35336643 -0.03901733 0.69764584 0
2 0.07284261 -0.08762901 1.09936285 2 0.40332946 -0.08979484 0.68051034 0
2 0.07106066 -0.08557637 1.09963262 1 0.29598367 -0.21337815 0.85243523 0
1 0.07085802 -0.08558573 1.09871578 1 0.30038479 -0.22040538 0.84355485 0
2 0.06989670 -0.08723053 1.09667754 1 0.30873397 -0.23168662 0.82460767 0
2 0.06925854 -0.08804321 1.09680486 1 0.30626047 -0.23919968 0.82956940 0
2 0.06841964 -0.09034320 1.09711218 1 0.29095536 -0.25588608 0.83694011 0
1 0.06859562 -0.09073526 1.09701788 1 0.29850173 -0.24689852 0.84042764 0
2 0.06817933 -0.09113947 1.09702444 1 0.30604967 -0.24076530 0.83042639 0
2 0.06723298 -0.09171596 1.09664059 1 0.30396530 -0.23011416 0.83837944 0
1 0.06767609 -0.09196666 1.09592533 1 0.30657145 -0.21752176 0.83907843 0
1 0.06941706 -0.09246593 1.09275627 2 0.41808772 -0.08772132 0.70237976 0
1 0.06989568 -0.09253433 1.09220207 1 0.35529858 -0.11912835 0.81587261 0
1 0.07044602 -0.09251848 1.09195483 2 0.37908158 -0.03387658 0.73150086 0
2 0.06940918 -0.08846059 1.09419847 2 0.32985520 0.00468458 0.75848341 0
1 0.07146361 -0.08831326 1.09369004 2 0.30069181 0.01280744 0.77333272 0
2 0.07220543 -0.08870573 1.09528148 2 0.23950626 0.02889098 0.80783337 3
1 0.07273658 -0.08903885 1.09531665 2 0.21281174 0.00158488 0.83233392 3
2 0.07051904 -0.08579371 1.09378171 2 0.15210399 0.00159429 0.86626309 3
1 0.14618616 -0.12662023 1.04889524 2 0.12597896 -0.00995339 0.88138658 3
2 0.15341757 -0.14250980 1.02543795 2 0.13035673 -0.05553749 0.89245445 0
1 0.15322322 -0.14678153 1.02242744 2 0.10473221 -0.05764043 0.90578800 1
1 0.15220235 -0.15045035 1.02086771 2 0.10351756 -0.06269210 0.90595418 1
1 0.14930773 -0.15425861 1.02011645 2 0.10169771 -0.05830233 0.90259314 1
1 0.14847215 -0.15274942 1.02031159 2 0.10078834 -0.05090644 0.89957315 1
1 0.15059713 -0.13059583 1.02097774 2 0.11362139 -0.04054962 0.88298106 1
1 0.16223098 -0.11780801 1.02338171 2 0.11132824 -0.01306975 0.87420845 1
1 0.16621147 -0.11199275 1.04612255 2 0.12105336 0.02202999 0.85669023 3
1 0.05071952 -0.06683217 1.09910500 2 0.16846895 0.01447950 0.82481062 3
1 0.08031154 -0.07320218 1.09604406 2 0.19859634 0.01025797 0.80199045 3
1 0.03836591 -0.06484137 1.11702728 2 0.26242533 0.00561802 0.75926989 3
1 0.04071231 -0.06579561 1.11203647 2 0.29400390 -0.00387868 0.73710829 0
2 0.04326532 -0.06919330 1.11635637 2 0.32101986 -0.02163188 0.71869951 0
1 0.04645171 -0.07191861 1.12405276 1 0.14400770 -0.10207397 0.85246938 0
1 0.04794608 -0.07336239 1.12572241 1 0.14917739 -0.11747578 0.85439247 0
1 0.04837315 -0.07437454 1.12669861 1 0.15958948 -0.15967433 0.85367930 0
1 0.04822328 -0.07457819 1.12661088 1 0.15611170 -0.16300257 0.85552794 0
1 0.04819326 -0.07500175 1.12650645 1 0.15663493 -0.16993904 0.85540801 0
1 0.04854321 -0.07559482 1.12877750 1 0.15525739 -0.21970312 0.87023044 0
1 0.04844601 -0.07563268 1.12893832 1 0.15636405 -0.22103865 0.86994773 0
1 0.05182956 -0.07682744 1.12657428 1 0.15968063 -0.22061387 0.86753303 0
1 0.05187044 -0.07687920 1.12647676 1 0.15832096 -0.21950540 0.87123924 0
1 0.05235882 -0.07683488 1.12602520 1 0.15833493 -0.20990513 0.87569022 0
1 0.05379490 -0.07699732 1.12542200 1 0.15740971 -0.20258330 0.87805957 0
1 0.05360966 -0.07675692 1.12569642 1 0.15541093 -0.20528986 0.88305801 0
1 0.05463515 -0.07650042 1.12581742 1 0.15012451 -0.09031920 0.86823523 0
1 0.05521648 -0.07640842 1.12529778 1 0.14594170 -0.08135321 0.86686957 0
1 0.05827990 -0.07594337 1.12331235 1 0.13817391 -0.05865235 0.87414545 0
1 0.05881839 -0.07575132 1.12324107 2 0.25530759 0.01555476 0.80134177 0
1 0.06304096 -0.07420220 1.11749685 2 0.19085701 0.02843420 0.85055214 0
1 0.06443939 -0.07402271 1.11753523 2 0.17164536 0.00555909 0.86551076 0
1 0.12625876 -0.09217077 1.12341464 2 0.14748688 -0.00932759 0.88756657 3
1 0.14078216 -0.12522615 1.08113098 2 0.11796917 -0.04176283 0.91903669 0
1 0.14124356 -0.12496275 1.08116937 1 0.10636944 -0.04997464 0.92589897 0
1 0.14210798 -0.12545483 1.08085787 1 0.11334478 -0.07524701 0.92231107 0
1 0.14224307 -0.12550853 1.08078885 1 0.11120985 -0.07540672 0.91652173 0
1 0.14339583 -0.12432087 1.08069599 1 0.11251429 -0.07113121 0.91250211 0
1 0.14394090 -0.12376404 1.08064914 1 0.11237712 -0.06495672 0.91130400 0
1 0.14614893 -0.11496224 1.08062398 2 0.11955475 -0.05023803 0.90358847 0
1 0.14719671 -0.11485476 1.08068335 2 0.09256287 0.01572108 0.90015250 3
1 0.07733096 -0.06097488 1.12288749 2 0.14834481 0.01635316 0.86335897 3
1 0.07744951 -0.06108940 1.12285924 2 0.17187750 0.02500937 0.84277582 3
1 0.08434136 -0.06308477 1.12363970 2 0.22890396 0.03072142 0.79765040 3
1 0.08085404 -0.06296338 1.12474990 2 0.26063749 0.00414620 0.77692503 3
1 0.07315893 -0.06313653 1.11208630 2 0.28988996 -0.00664561 0.75297523 3
1 0.07106450 -0.06231669 1.12102115 2 0.34408271 -0.03616051 0.70312369 0
1 0.07191954 -0.06226787 1.12215626 2 0.37259182 -0.06849916 0.68746972 0
1 0.07207690 -0.06222521 1.12257767 1 0.29205441 -0.12228407 0.81768382 0
1 0.07211733 -0.06219742 1.12360454 1 0.29801860 -0.22991224 0.84845358 0
1 0.07320310 -0.06240750 1.13313568 1 0.29526225 -0.26041093 0.89210033 0
1 0.07241458 -0.06223752 1.13212335 1 0.26310268 -0.27286157 0.89248365 0
1 0.07240304 -0.06220980 1.13207662 1 0.24812448 -0.28477225 0.87016636 0
1 0.07242829 -0.06232799 1.12996042 1 0.24786092 -0.28760368 0.87060708 0
1 0.07212075 -0.06224472 1.12994361 1 0.22704248 -0.29112777 0.89436698 0
1 0.07212000 -0.06219110 1.12985897 1 0.18547598 -0.24334595 0.89443779 0
1 0.07219234 -0.06213826 1.12978256 2 0.19661450 -0.30249259 0.92124838 0
1 0.07180199 -0.06220529 1.12874746 1 0.18734977 -0.23451796 0.89679277 0
1 0.07174161 -0.06217584 1.12843800 1 0.18676893 -0.22797287 0.89710474 0
1 0.07184609 -0.06222215 1.12798309 1 0.19615631 -0.22308660 0.89032310 0
1 0.07216810 -0.06227546 1.12739599 1 0.21990199 -0.27064875 0.90846545 0
1 0.07249778 -0.06217800 1.12745726 1 0.21115920 -0.26901689 0.91274911 0
1 0.07249799 -0.06217802 1.12745678 2 0.20355234 -0.31086484 0.92700016 0
1 0.07214820 -0.06219328 1.12655175 2 0.20261548 -0.31199867 0.92807895 0
1 0.07228970 -0.06218113 1.12656224 2 0.26061982 -0.00625323 0.79667711 0
1 0.07231021 -0.06215274 1.12654161 2 0.22425236 -0.01393703 0.82344717 3
1 0.07032579 -0.06126545 1.12471807 2 0.17855187 -0.03079364 0.85669982 3
1 0.06946910 -0.06102594 1.12370574 2 0.13311203 0.00148441 0.87359291 3
1 0.15827043 -0.11421417 1.08142376 2 0.11927572 -0.05823787 0.89660192 3
1 0.15724175 -0.11609557 1.08146608 2 0.10508311 -0.06130493 0.90728837 0
1 0.15429999 -0.12217364 1.08122981 2 0.08759595 -0.05884598 0.90769166 0
1 0.15378878 -0.12355860 1.08109331 2 0.08646405 -0.05933516 0.90663970 0
1 0.15247715 -0.12590872 1.08109462 2 0.08639750 -0.05672860 0.90538102 0
1 0.15226406 -0.12606497 1.08104551 2 0.09015267 -0.04665000 0.89435011 3
1 0.15239264 -0.12564605 1.08097064 2 0.09401140 -0.03549074 0.88386947 3
1 0.15264860 -0.12527111 1.08157849 2 0.10122772 0.00620962 0.86704028 3
1 0.15862790 -0.12121566 1.08988249 2 0.12713575 0.02088570 0.85196996 3
2 0.09631349 -0.30585557 1.05361724 2 0.18817484 -0.04634724 0.83181393 0
2 0.09378168 -0.29939657 1.05726302 2 0.21229368 -0.03578004 0.80644774 0
2 0.09327154 -0.29945147 1.05757725 2 0.25526544 -0.00900844 0.75732398 3
2 0.09286722 -0.29928064 1.05824292 2 0.27669245 -0.02063825 0.73854750 0
2 0.09128617 -0.29815829 1.05945325 2 0.32714441 -0.05726627 0.69588256 0
2 0.09098905 -0.29793882 1.05953979 2 0.30470848 -0.16500509 0.75436735 0
2 0.09056818 -0.29770645 1.05975807 2 0.39055702 -0.14507373 0.64832616 0
2 0.09023314 -0.29718974 1.05994833 1 0.32340884 -0.22980821 0.74022347 0
2 0.08944916 -0.29685271 1.05981135 2 0.40731546 -0.23805408 0.64998388 0
2 0.08912437 -0.29675788 1.06010067 2 0.31968269 -0.28668153 0.74789584 0
2 0.08876507 -0.29660887 1.06056666 2 0.32011163 -0.29483470 0.74850309 0
2 0.08849218 -0.29649419 1.06052172 2 0.31751689 -0.29532707 0.75135791 0
2 0.08831352 -0.29641828 1.06072211 2 0.32086587 -0.29376563 0.75269836 0
2 0.08820924 -0.29638144 1.06089091 2 0.32136261 -0.28960854 0.75352508 0
2 0.08818576 -0.29626334 1.06094861 2 0.32402682 -0.27135381 0.75270200 0
2 0.08816524 -0.29622018 1.06094885 2 0.33908871 -0.25101429 0.74304157 0
2 0.08820423 -0.29616016 1.06098807 2 0.41397902 -0.18964089 0.67317545 0
2 0.08801973 -0.29596967 1.06082356 2 0.33461192 -0.19240111 0.75505191 0
2 0.08827297 -0.29621604 1.06070685 2 0.38268697 -0.10579504 0.69916248 3
2 0.08882402 -0.29619607 1.06081748 2 0.33947966 -0.03028107 0.73340392 3
2 0.08942177 -0.29648894 1.06099939 2 0.30771166 -0.01403376 0.75509781 3
2 0.09093184 -0.29760310 1.06040859 2 0.23468508 0.02691749 0.80752903 3
2 0.09153301 -0.29763177 1.06024897 2 0.20308560 0.02500988 0.82770824 3
2 0.09302708 -0.29804194 1.06006825 2 0.14648689 0.01596274 0.86577404 3
2 0.09424267 -0.30073220 1.05917680 2 0.13028987 0.00656073 0.88014442 3
2 0.09881233 -0.31683698 1.04972517 1 0.13130789 -0.03831604 0.89207017 3
2 0.10215106 -0.32564238 1.04346478 2 0.13046505 -0.04581096 0.89271498 3
2 0.10704695 -0.34299543 1.03336895 2 0.12872545 -0.04878061 0.89265621 0
2 0.10720017 -0.34402049 1.03283060 2 0.12809503 -0.04770452 0.89134550 0
2 0.10740831 -0.34490919 1.03205931 2 0.12676634 -0.04552934 0.88507229 3
2 0.10746036 -0.34498402 1.03203976 2 0.11411495 -0.02613446 0.88921970 3
2 0.10760242 -0.34517106 1.03198361 2 0.13736415 -0.05658196 0.87943947 0
2 0.10776711 -0.34570479 1.03165507 2 0.13905406 -0.05770845 0.88146532 0
2 0.10799643 -0.34641856 1.03106582 1 0.14942555 -0.08287510 0.87817836 0
2 0.10825677 -0.34687021 1.03053856 1 0.15444130 -0.08499553 0.87187403 0
2 0.10835734 -0.34696615 1.03040266 1 0.16421545 -0.09753613 0.86697394 0
2 0.10858636 -0.34714398 1.03019333 1 0.16415903 -0.09609403 0.86621833 0
2 0.10869250 -0.34721446 1.03010440 1 0.16439551 -0.09654436 0.86674225 0
2 0.10884537 -0.34739965 1.02989948 1 0.16398463 -0.09484547 0.86597288 0
2 0.10893306 -0.34742227 1.02986324 1 0.16518432 -0.09500519 0.86727095 0
2 0.10918815 -0.34747952 1.02980304 1 0.16596575 -0.09286936 0.86611277 0
2 0.10942385 -0.34755486 1.02973318 1 0.16724704 -0.09247503 0.86615688 0
2 0.11001109 -0.34765354 1.02966642 1 0.16925898 -0.09222031 0.86384910 0
2 0.11032752 -0.34763476 1.02959919 1 0.17028414 -0.09208231 0.86202955 0
2 0.11093003 -0.34763172 1.02949345 1 0.17264551 -0.09352266 0.85973907 0
2 0.11125579 -0.34752497 1.02928209 1 0.17260979 -0.09216854 0.85668248 0
2 0.11158794 -0.34647143 1.03025353 1 0.17486539 -0.09276845 0.85943776 0
2 0.11428355 -0.34441712 1.02883601 1 0.17560495 -0.09215986 0.85867643 0
2 0.11194571 -0.34155476 1.03227675 1 0.15161571 -0.04635221 0.86652350 0
1 0.10964015 -0.33874619 1.03513050 2 0.15534313 -0.05002537 0.86606944 2
