1 0.12690438 -0.37480086 1.02253401 2 0.10322680 -0.06622757 0.89879894 3
1 0.12662522 -0.37569132 1.02253640 2 0.10320976 -0.06701932 0.89652139 4
1 0.12652241 -0.37583575 1.02257729 2 0.10646002 -0.06610700 0.89267373 4
1 0.12653819 -0.37576139 1.02261651 2 0.09780419 -0.05189909 0.89251691 4
2 0.12583724 -0.37570879 1.02225256 2 0.11040857 -0.05092235 0.87779284 0
2 0.12566812 -0.37558073 1.02239275 2 0.11124178 -0.03177475 0.87343115 3
2 0.24961400 -0.14689115 0.85913652 2 0.12108023 0.02142510 0.84142858 1
2 0.06174709 -0.07555233 1.07931900 2 0.17000681 -0.01882158 0.82131672 1
1 0.06189110 -0.07553084 1.07938719 2 0.17130378 0.00644522 0.80162716 3
2 0.06381468 -0.07602951 1.08181679 2 0.24546719 -0.01752840 0.75278956 3
1 0.06375207 -0.07603738 1.08219755 2 0.27525932 -0.02234032 0.72554588 3
1 0.06403884 -0.07599332 1.08248711 2 0.30686691 -0.04059203 0.70223397 0
2 0.06753155 -0.07969397 1.08813131 2 0.37266210 -0.10181978 0.67163622 0
2 0.06773350 -0.08005565 1.08971202 1 0.31048742 -0.21226506 0.80418944 0
1 0.07006690 -0.07967193 1.09356415 1 0.28488648 -0.27241021 0.86381656 0
1 0.06833820 -0.07906219 1.09105623 2 0.25463557 -0.30736285 0.85011411 0
2 0.06545468 -0.07611462 1.09080875 2 0.22223550 -0.32771173 0.88538718 0
1 0.06352013 -0.07342098 1.09457970 2 0.23493129 -0.32531887 0.87010539 0
1 0.06129374 -0.07380531 1.08568537 2 0.23672916 -0.33404303 0.86579448 0
1 0.06120758 -0.07380036 1.08545041 2 0.23826328 -0.33800948 0.86521047 0
1 0.06103013 -0.07404706 1.08426917 2 0.23796573 -0.33467638 0.86620820 0
1 0.06176237 -0.07508195 1.08111978 2 0.23939499 -0.33074048 0.86383957 0
1 0.06188508 -0.07542248 1.08025467 2 0.23806100 -0.32565209 0.86279857 0
2 0.06495960 -0.08468160 1.08151436 2 0.24683031 -0.31661302 0.85283887 0
2 0.10082825 -0.28944227 1.07148826 2 0.29074657 -0.31308618 0.78933281 0
2 0.10295106 -0.30407044 1.05864000 2 0.30436519 -0.24878323 0.79806960 0
2 0.10298856 -0.30391663 1.05880678 2 0.29916325 -0.23420827 0.79713225 0
2 0.10396285 -0.30129409 1.06184757 2 0.38232076 -0.08780377 0.70954573 0
2 0.10354293 -0.29534796 1.06517458 2 0.32446647 -0.00429088 0.75516790 3
2 0.10373836 -0.29482791 1.06521904 2 0.28734726 0.03752451 0.78106278 0
2 0.10396495 -0.29350838 1.06535375 2 0.21804048 0.05686004 0.83394104 3
2 0.10419855 -0.29202241 1.06548631 2 0.18624148 0.01821152 0.86436898 3
2 0.10531729 -0.29288745 1.06438839 2 0.14129147 -0.01114481 0.89692140 3
1 0.20553118 -0.12320260 1.05089366 2 0.10847029 0.01470620 0.90788823 3
1 0.20512775 -0.12414710 1.05073142 1 0.10980553 -0.04582704 0.91434151 0
1 0.20498449 -0.12442513 1.05069649 2 0.10627010 -0.05051399 0.91303939 0
1 0.19551432 -0.14483108 1.04980886 1 0.10256325 -0.05373796 0.91119748 4
1 0.19711816 -0.14147069 1.05012441 1 0.10249698 -0.05332615 0.90838253 0
1 0.19951659 -0.13626909 1.05047894 1 0.10308761 -0.05061596 0.90496618 0
1 0.20249724 -0.12785926 1.05003822 1 0.11039069 -0.04491363 0.89047354 0
1 0.20360319 -0.12546650 1.05028450 1 0.11961680 -0.04085910 0.88620448 0
1 0.20996107 -0.10556429 1.07544219 2 0.12731174 0.02001726 0.85549450 1
1 0.20069197 -0.09830121 1.07446980 2 0.14898621 0.03637385 0.83591455 1
1 0.13648202 -0.07158575 1.09810364 2 0.20999403 0.01608638 0.79031605 3
1 0.13663106 -0.07143346 1.09893453 2 0.24461001 0.00814014 0.76762199 3
1 0.13613443 -0.07149536 1.09882581 2 0.29902783 -0.01915236 0.71256524 0
1 0.13534935 -0.07138765 1.09958315 2 0.33198044 -0.04658385 0.69068044 0
1 0.13491866 -0.07131205 1.10049510 2 0.38108590 -0.11814439 0.65519077 0
1 0.13487434 -0.07130169 1.10046518 2 0.39774513 -0.16594237 0.64833736 0
1 0.13410950 -0.07092736 1.10237849 1 0.28816101 -0.25582406 0.82603735 0
1 0.13350087 -0.07097980 1.10171378 2 0.24716379 -0.30831116 0.84053338 0
1 0.13044785 -0.07009208 1.09844136 2 0.24541967 -0.31631431 0.84339547 0
1 0.12900622 -0.06965697 1.09918368 2 0.23464812 -0.33390605 0.85179520 0
1 0.12780203 -0.06945436 1.09641421 2 0.23729067 -0.33866102 0.85107213 0
1 0.12705909 -0.06918208 1.09678495 2 0.23687646 -0.34477451 0.85222811 0
1 0.12679410 -0.06966944 1.09477961 2 0.23841740 -0.34606019 0.85170490 0
1 0.12599984 -0.06982085 1.09265506 2 0.23616199 -0.34019718 0.84995407 0
1 0.12529805 -0.06934991 1.09442604 2 0.23440012 -0.33724892 0.85155243 0
1 0.12659842 -0.06913263 1.09420156 2 0.24875827 -0.33016059 0.82927096 0
2 0.08541371 -0.28822422 1.07061875 2 0.27824855 -0.34208709 0.78398114 0
2 0.08550797 -0.28820649 1.07054770 2 0.28159103 -0.29151368 0.79967862 0
2 0.08617942 -0.28836605 1.07067394 2 0.39316627 -0.14618599 0.66052628 0
2 0.08666221 -0.28854820 1.07046163 2 0.32261616 -0.17825255 0.76371759 0
2 0.08750569 -0.28842884 1.07031238 2 0.31820464 -0.02478952 0.72949100 0
2 0.08825899 -0.28862685 1.07003725 2 0.28688097 -0.00199923 0.75519222 0
2 0.09002493 -0.28873989 1.06912875 2 0.21705791 0.04009633 0.81146574 3
2 0.09058610 -0.28844279 1.06878102 2 0.18418029 0.01391099 0.84507018 3
2 0.09150925 -0.28834352 1.06826746 2 0.15144856 0.03349020 0.86214668 3
1 0.20308353 -0.11278756 1.04318297 2 0.11840308 -0.00517319 0.89133584 3
1 0.20291445 -0.11364330 1.04327667 2 0.11896678 -0.05204957 0.90625417 4
1 0.20246470 -0.11457109 1.04339445 2 0.10534725 -0.05579746 0.91109502 4
1 0.20239826 -0.11469658 1.04324043 2 0.10107356 -0.05844499 0.90979266 4
1 0.20162666 -0.11696770 1.04301214 2 0.09743803 -0.05865946 0.90949333 4
1 0.20161669 -0.11691818 1.04302287 2 0.09447563 -0.05468241 0.90583694 3
1 0.20177060 -0.11627062 1.04302919 2 0.09513726 -0.05089331 0.89880842 3
1 0.20224307 -0.11479019 1.04304874 2 0.09764980 -0.04649273 0.89429992 0
1 0.20328650 -0.11205630 1.04278100 1 0.10636211 -0.00685583 0.87237442 0
1 0.23904257 -0.08983127 1.02310026 2 0.12819391 -0.01028721 0.85735792 0
1 0.19841158 -0.07518427 1.07272983 2 0.13981742 0.03825982 0.83447224 3
1 0.14376590 -0.05767646 1.09352195 2 0.19950038 0.01572528 0.78884172 3
1 0.14383683 -0.05766251 1.09354496 2 0.23375665 0.01297110 0.76448560 3
1 0.14193343 -0.05709860 1.09270740 2 0.29277340 -0.01397296 0.71350420 3
1 0.14171489 -0.05715421 1.09319711 2 0.32591221 -0.03888363 0.68913198 0
1 0.14127733 -0.05713461 1.09327495 2 0.34941834 -0.07128289 0.66850454 0
1 0.13968582 -0.05651270 1.09630144 1 0.29284784 -0.22862332 0.81402057 0
1 0.13954510 -0.05652387 1.09643221 1 0.28974053 -0.25267810 0.83020478 0
1 0.13779414 -0.05679968 1.09700251 1 0.28439596 -0.20046955 0.82584774 0
1 0.13671920 -0.05673968 1.09778476 2 0.23127788 -0.32807341 0.87089050 0
1 0.13651615 -0.05679837 1.09751678 2 0.23780440 -0.32813612 0.86145818 0
1 0.13456778 -0.05635741 1.09682417 2 0.23668458 -0.34138319 0.86459780 0
1 0.13376945 -0.05606937 1.09545541 2 0.23560254 -0.34152579 0.86324823 0
1 0.13280775 -0.05598075 1.09355974 2 0.23654020 -0.34430584 0.86425078 0
1 0.13174841 -0.05566632 1.09257019 2 0.23796064 -0.34183720 0.86370939 0
1 0.13162684 -0.05581348 1.09026384 2 0.24011305 -0.33850160 0.86091369 0
1 0.13155454 -0.05577416 1.09032786 2 0.23260066 -0.33525395 0.87512845 0
2 0.08538203 -0.28631762 1.07070470 2 0.27648827 -0.33918586 0.80354148 0
2 0.08571418 -0.28641370 1.07061315 2 0.27926809 -0.29664323 0.80370390 0
2 0.08617634 -0.28657773 1.07065833 2 0.28539941 -0.27545691 0.79877192 0
2 0.08864780 -0.28720626 1.07035422 2 0.31830615 -0.15681411 0.77824795 0
2 0.08876443 -0.28719375 1.07041740 2 0.33295333 -0.03916349 0.72433585 0
2 0.08893490 -0.28718066 1.07042861 2 0.30473992 -0.01644048 0.74973947 0
2 0.09038007 -0.28798816 1.06961715 2 0.23921925 0.03448636 0.80471551 3
2 0.09092399 -0.28783610 1.06934762 2 0.20938116 0.03782032 0.82396549 3
2 0.09143702 -0.28750700 1.06904185 2 0.17930040 0.01205211 0.85269481 3
2 0.10561947 -0.30985647 1.05677044 2 0.13779832 -0.01647942 0.88616896 3
1 0.10226066 -0.30889580 1.05830657 2 0.10533877 0.00435806 0.89872503 3
1 0.15854883 -0.15874557 0.96854830 1 0.10189604 -0.03162376 0.91019863 0
1 0.15759838 -0.16046950 0.96883404 2 0.09990323 -0.04264794 0.91335166 1
1 0.15742891 -0.16069482 0.96879041 2 0.09760124 -0.04663974 0.91277951 1
1 0.15737857 -0.16082053 0.96872199 2 0.09493932 -0.04887224 0.91060680 1
1 0.15744297 -0.16063026 0.96873707 2 0.09471689 -0.04678209 0.90975934 1
2 0.15739554 -0.16050220 0.96893299 1 0.10381898 -0.04599903 0.90232861 1
2 0.15743499 -0.16007636 0.96874678 2 0.11620267 -0.04194784 0.89045769 1
2 0.15451202 -0.14621019 0.97645348 2 0.10009762 0.01398426 0.87687206 3
2 0.04905095 -0.05733595 1.07654750 2 0.16219318 0.02898773 0.83357751 3
1 0.04929643 -0.05744120 1.07708311 2 0.18519607 0.04143670 0.80861348 3
1 0.03870608 -0.05566602 1.07505429 2 0.22797321 0.02698236 0.78021145 3
1 0.04197475 -0.05633266 1.07476258 2 0.28817004 -0.02558767 0.72807801 0
1 0.04231967 -0.05638195 1.07522786 2 0.31917119 -0.04929847 0.70094764 0
1 0.04290261 -0.05641466 1.07521689 1 0.20291892 -0.13469872 0.90183771 0
1 0.04315615 -0.05643884 1.07528830 2 0.38738999 -0.15447488 0.64368159 0
1 0.04355012 -0.05645340 1.07562268 1 0.19673814 -0.15960479 0.87600601 0
2 0.08328895 -0.28523958 1.06971109 2 0.27294585 -0.30408314 0.81122214 0
2 0.08287300 -0.28504801 1.06980658 2 0.28587294 -0.31167585 0.79661071 0
2 0.08659258 -0.30358031 1.05799663 2 0.28301200 -0.31765404 0.80165178 0
2 0.08217866 -0.29338679 1.06486690 2 0.27023000 -0.34058973 0.80118513 0
2 0.08186230 -0.29113340 1.06659234 2 0.41778129 -0.34037837 0.67042708 1
2 0.08136339 -0.28963488 1.06680155 2 0.28505147 -0.32923743 0.77944541 1
2 0.08170626 -0.28880987 1.06731129 2 0.28483912 -0.30012345 0.80654144 0
2 0.08206704 -0.28854653 1.06760585 2 0.28583652 -0.28956914 0.80728561 0
2 0.08308459 -0.28817526 1.06813371 2 0.41005856 -0.18561463 0.66658443 0
2 0.08347019 -0.28796762 1.06828237 2 0.40625528 -0.14282368 0.66809088 0
2 0.08408920 -0.28811049 1.06832838 2 0.32874647 -0.18377577 0.76471418 0
2 0.08511384 -0.28796017 1.06829965 2 0.34439129 -0.03613962 0.71945179 0
2 0.08549305 -0.28789875 1.06829250 2 0.31640694 -0.01514138 0.73837137 0
2 0.08732894 -0.28832874 1.06770480 2 0.25257942 0.04068652 0.78806287 3
2 0.08803086 -0.28814101 1.06770694 2 0.23140031 -0.00638877 0.82125872 0
2 0.08854283 -0.28789115 1.06743801 2 0.19334918 0.01770970 0.84158540 0
2 0.09045257 -0.28810596 1.06619501 2 0.14834660 -0.00992517 0.88432962 3
2 0.10475966 -0.31057489 1.05543578 2 0.12572391 -0.01361066 0.89612240 3
2 0.14726576 -0.15984184 0.99149728 1 0.10026296 -0.02308585 0.91792071 1
1 0.14718352 -0.15998790 0.99154258 1 0.09634800 -0.03314127 0.92184752 1
1 0.14708687 -0.16011618 0.99154949 2 0.08997553 -0.04123117 0.92508811 1
1 0.14638695 -0.16160011 0.99101990 2 0.09132633 -0.04833254 0.91660768 1
1 0.14639200 -0.16159561 0.99103034 1 0.09211172 -0.04711961 0.91374350 1
1 0.14646854 -0.16151689 0.99105668 1 0.09509399 -0.04613038 0.90764147 1
2 0.14602545 -0.16080157 0.98983192 1 0.10789190 -0.04370072 0.89639252 0
2 0.14755411 -0.15709671 0.98351490 2 0.12240770 -0.04102094 0.88266790 0
1 0.13322383 -0.12893888 1.01154816 2 0.12774643 0.01043433 0.85559368 0
1 0.12696859 -0.12539718 1.01220095 2 0.15040305 0.02830464 0.83030987 3
2 0.06161651 -0.09217378 1.08726156 2 0.21300961 0.03408954 0.77592087 3
1 0.06161233 -0.09217636 1.08743334 2 0.24580671 0.00240590 0.75506145 3
1 0.06148737 -0.09219626 1.08734298 2 0.27366447 -0.01038267 0.72142148 0
2 0.06057071 -0.09217557 1.08733273 2 0.32730150 -0.06724532 0.67131507 0
2 0.06032918 -0.09211878 1.08751810 2 0.35059124 -0.10624036 0.65342593 0
1 0.05896129 -0.09302499 1.08883405 2 0.25093186 -0.29942104 0.84800351 0
1 0.05897969 -0.09302589 1.08881271 2 0.24829021 -0.31056124 0.85146731 0
1 0.05893358 -0.09299301 1.08879113 2 0.24943307 -0.32091737 0.85223007 0
2 0.05836252 -0.09363469 1.09289801 2 0.11889444 -0.27054811 0.88409638 0
1 0.05855880 -0.09351885 1.09307623 2 0.11865465 -0.26842144 0.87933844 1
1 0.05952713 -0.09327434 1.09154272 2 0.12173885 -0.28904313 0.88029611 1
1 0.05987834 -0.09310755 1.09095848 2 0.12157055 -0.28831786 0.87968612 1
1 0.06004965 -0.09304078 1.09075546 2 0.12257481 -0.28774804 0.87765563 1
1 0.06036542 -0.09294415 1.09020901 2 0.12365998 -0.28171605 0.88795066 1
2 0.08390771 -0.28972617 1.07462060 2 0.26806685 -0.35968462 0.78726637 1
2 0.08395017 -0.28971240 1.07455385 2 0.27179816 -0.31601062 0.79256576 0
2 0.08447552 -0.28984693 1.07434666 2 0.27211285 -0.30152005 0.79555446 0
2 0.08477645 -0.28972533 1.07410586 2 0.39962119 -0.16772528 0.65513372 0
2 0.08588576 -0.28992212 1.07362151 2 0.32413232 -0.17286974 0.76679569 0
2 0.08620356 -0.28977498 1.07345104 2 0.35812941 -0.05886352 0.71480376 0
2 0.08726798 -0.28979361 1.07298684 2 0.30035985 -0.00307789 0.76178557 0
2 0.08834797 -0.29031366 1.07218385 2 0.26063907 0.03205327 0.79189748 0
2 0.08914421 -0.29030645 1.07163906 2 0.22527511 0.03492730 0.81246287 3
2 0.11074480 -0.30794775 1.05339003 2 0.17274977 -0.02401246 0.86178398 3
2 0.11460508 -0.32197997 1.04579616 2 0.10213440 0.03388226 0.88935655 3
2 0.12192845 -0.36253187 1.02515161 1 0.10831250 -0.03549048 0.90072566 0
1 0.11975427 -0.35650992 1.02856767 2 0.10004513 -0.04759866 0.90913647 3
1 0.11688151 -0.35536525 1.03036749 2 0.09313965 -0.05359016 0.91308087 4
1 0.11644554 -0.35394350 1.03095460 2 0.09079795 -0.05336904 0.91070980 4
1 0.11625647 -0.35336843 1.03144586 2 0.09183331 -0.05337093 0.91054213 4
1 0.11653460 -0.35000035 1.03260446 1 0.09394629 -0.03955727 0.90133786 0
2 0.11657667 -0.35254788 1.03125453 1 0.09912571 -0.03158731 0.89094782 0
2 0.11642679 -0.34919479 1.03245938 2 0.13205384 -0.02261119 0.86206901 0
2 0.24372138 -0.13795312 0.86482590 2 0.13430692 0.03428941 0.83657992 1
1 0.28514102 -0.12382454 0.80421150 2 0.20207144 -0.02253232 0.79256076 1
1 0.29780203 -0.15529579 0.82945830 2 0.22711833 -0.00464807 0.75623822 1
1 0.31098601 -0.15863094 0.82350123 2 0.26047617 -0.01893761 0.72761452 1
2 0.10196454 -0.30770034 1.05676138 2 0.31615418 -0.06377335 0.67703617 0
2 0.10181147 -0.30205959 1.06328511 2 0.34374845 -0.10045677 0.66540247 0
2 0.10130602 -0.30126897 1.06367481 2 0.39311606 -0.16314007 0.63778341 0
2 0.10068002 -0.30063081 1.06369185 2 0.40489325 -0.21241118 0.64680564 1
2 0.09995788 -0.30018845 1.06370604 2 0.41190922 -0.25417343 0.65795010 1
2 0.09862278 -0.29943407 1.06376207 2 0.42596966 -0.30575794 0.66835970 0
2 0.09630013 -0.29821858 1.06388998 2 0.43078378 -0.32382038 0.67439389 1
2 0.09540566 -0.29784924 1.06402516 2 0.34759811 -0.33094123 0.74153817 0
2 0.09487820 -0.29760155 1.06433523 2 0.32477090 -0.31246737 0.77491891 0
2 0.09467456 -0.29750255 1.06437409 2 0.29183045 -0.30731371 0.79917145 0
2 0.09466452 -0.29748064 1.06436086 2 0.29209077 -0.29599813 0.80573350 0
2 0.09468536 -0.29746819 1.06437039 2 0.30376056 -0.28514808 0.79784173 0
2 0.09471756 -0.29741028 1.06436336 2 0.28504598 -0.28152230 0.80618143 0
2 0.09475175 -0.29736537 1.06436110 2 0.28368026 -0.26780665 0.82009161 0
2 0.09479599 -0.29732814 1.06430423 2 0.38384673 -0.11758600 0.71214968 3
2 0.09495877 -0.29734141 1.06427515 2 0.32564309 -0.14311245 0.78877777 3
2 0.09553128 -0.29763201 1.06432998 2 0.30976471 -0.01787221 0.76448494 3
2 0.09626604 -0.29831243 1.06411004 2 0.27376512 0.01601005 0.79618210 3
2 0.09714389 -0.29890060 1.06361306 2 0.23680262 0.02276633 0.82219452 3
2 0.10051599 -0.29842362 1.06150949 2 0.16392247 0.01684971 0.86759239 3
2 0.10086154 -0.29989740 1.06094658 2 0.13848566 0.00446886 0.88689679 3
1 0.10918164 -0.34157899 1.03861392 2 0.12593077 -0.05536082 0.90992969 2
