107.30577 -164.73329
113.88472 -142.30311
120.92634 -118.86184
124.84963 -94.14934
124.84963 -66.86379
124.84963 -39.57823
124.84963 -12.29268
119.90077 12.38097
109.28063 33.52874
97.09508 52.82254
81.00411 62.11111
65.80400 74.69340
49.44049 83.02583
32.48007 85.26671
15.24709 85.26671
-1.98589 85.26671
-19.21887 85.26671
-36.45185 85.26671
-53.68483 85.26671
-70.91781 85.26671
-88.15078 85.26671
-102.48647 73.69507
-111.99247 54.38538
-120.76440 32.85280
-125.15037 9.85915
-125.15037 -17.42640
-122.62703 -43.99012
-114.26644 -67.38284
-102.08088 -86.67664
-87.52300 -97.70151
-72.14824 -106.87892
-57.16791 -112.64996
=======
0.93143051
No
