-30.1841 -130.019
-51.9766 -130.019
-73.7691 -130.019
-94.4082 -122.34
-112.491 -107.724
-116.701 -81.2626
-119.737 -54.6922
-119.737 -27.405
-119.737 -0.117704
-117.756 26.9599
-108.654 51.541
-95.9351 73.6929
-79.0109 90.3313
-60.0341 103.574
-39.5167 112.612
-18.6702 119.981
3.1223 119.981
24.9148 119.981
46.2983 117.157
67.3744 110.512
87.5838 100.478
103.198 81.9121
113.517 58.015
122.882 33.489
126.9 6.74701
129.836 -20.0253
130.263 -46.8796
117.342 -68.4575
100.02 -84.6315
81.6394 -98.6124
61.6744 -109.448
41.7516 -115.313
