46.3738 -119.865
70.5176 -116.044
94.0854 -108.589
113.137 -92.9573
121.792 -70.6726
124.272 -46.269
124.272 -21.5052
123.985 3.23487
118.459 27.3337
110.145 50.4174
99.9064 72.9189
85.4085 92.912
67.8978 110.423
46.5592 122.389
22.3302 126.512
-2.43363 126.512
-27.1974 126.512
-49.5595 117.535
-68.9418 102.375
-87.025 85.5043
-105.179 68.7653
-116.843 47.2264
-120.409 22.7273
-124.866 -1.59899
-125.728 -26.3151
-124.93 -50.9913
-116.152 -73.7982
-100.639 -92.9305
-84.7937 -111.886
-62.864 -122.9
-38.1726 -123.488
-13.4088 -123.488
