-159.15 -77.3517
-137.933 -81.8161
-114.147 -82.6149
-91.1287 -85.2465
-67.1573 -85.2465
-43.1859 -85.2465
-19.2145 -85.2465
4.75691 -85.2465
28.7283 -85.2465
52.6997 -85.2465
76.2694 -83.9307
90.8501 -77.0657
88.1968 -64.5205
78.1552 -53.0421
68.7102 -41.35
60.7417 -29.3368
53.1613 -17.248
48.7031 -4.76704
45.1387 7.83145
38.4013 19.9192
28.1343 31.4303
20.8213 43.5363
13.4451 55.6567
7.4274 67.9899
1.5518 80.3381
-5.45107 92.4927
-11.0809 104.82
-18.8389 116.859
-25.906 129.026
-30.7114 141.507
-36.6994 153.609
-45.2885 164.754
