-85.135 -7.89025
-56.0242 -7.89025
-26.9135 -7.89025
2.19728 -7.89025
31.3081 -7.89025
60.4188 -7.89025
89.3326 -11.3108
114.468 -25.6724
122.611 -55.6122
114.897 -86.0957
93.4622 -108.238
65.546 -115.614
36.4353 -115.614
7.32448 -115.614
-21.7863 -115.614
-50.897 -115.614
-78.446 -108.761
-100.574 -87.6279
-111.319 -56.5622
-115.065 -23.3882
-115.065 10.2193
-112.85 43.1187
-102.119 74.1287
-81.6504 96.7635
-57.1478 114.462
-30.2145 125.929
-1.73956 132.354
27.2461 134.386
56.1798 132.726
82.4176 120.721
108.164 108.103
134.935 95.7683
