-110.461 8.86037
-80.0577 8.86037
-49.6543 8.86037
-19.2508 8.86037
11.1526 8.86037
41.5561 8.86037
71.9595 8.86037
102.256 8.14679
128.338 -4.93918
130.377 -37.4766
123.529 -68.4219
102.244 -91.4837
76.5164 -108.477
48.0536 -119.628
18.1965 -125.389
-12.1261 -126.733
-42.3922 -123.909
-68.5506 -107.382
-91.6554 -86.143
-108.293 -58.793
-117.886 -28.2743
-119.623 4.44231
-109.515 35.2544
-94.7847 63.8906
-79.1448 91.902
-53.5504 109.232
-24.8913 119.869
5.32229 123.267
35.7257 123.267
65.9131 121.678
95.5569 114.935
125.141 109.143
