-131.748 128.49
-117.779 106.086
-109.873 78.7027
-104.705 51.157
-97.2162 23.5771
-91.4396 -4.36922
-86.7603 -32.2752
-78.139 -59.4251
-68.8013 -86.292
-53.5493 -84.1946
-41.0779 -58.3516
-28.8534 -32.42
-17.1715 -6.24439
-8.28042 20.9508
-2.43746 48.5799
3.50881 53.8138
8.51236 25.7165
13.723 -2.31137
21.7724 -29.7211
30.276 -56.889
39.7439 -83.8533
50.4307 -110.429
61.1149 -114.826
65.7667 -86.6513
71.6242 -58.693
77.7178 -30.7772
83.8113 -2.86137
89.2405 25.18
94.4309 53.2666
100.265 81.209
107.639 108.682
118.252 135.174
