-176.009 124.947
-160.833 116.891
-145.657 108.835
-130.481 100.78
-115.306 92.7241
-100.13 84.6685
-84.9542 76.6129
-71.01 68.5548
-58.8342 60.4932
-46.6585 52.4316
-34.4827 44.3701
-22.3069 36.3085
-10.1312 28.2469
2.0446 20.1853
14.2204 12.1237
26.3961 4.06215
38.5719 -3.99944
50.7477 -12.061
62.9234 -20.1226
73.9914 -28.1852
73.9914 -36.2575
73.9914 -44.3299
73.9914 -52.4022
73.9914 -60.4746
73.9914 -68.547
73.9914 -76.6193
73.9914 -84.6917
73.9914 -92.764
73.9914 -100.836
73.9914 -108.909
73.9914 -116.981
73.9914 -125.053
