-135.128 -125.29
-135.128 -117.198
-135.128 -109.106
-135.128 -101.014
-133.453 -92.9238
-114.123 -84.8483
-94.7936 -76.7728
-75.464 -68.6973
-56.1343 -60.6218
-36.8047 -52.5463
-17.475 -44.4708
1.8546 -36.3953
21.1842 -28.3198
40.5139 -20.2444
52.3725 -12.1625
52.3725 -4.07058
52.3725 4.02135
52.3725 12.1133
52.3725 20.2052
52.3725 28.2971
52.3725 36.3891
52.3725 44.481
52.3725 52.5729
52.3725 60.6648
52.3725 68.7568
52.3725 76.8487
52.3725 84.9406
52.3725 93.0326
52.3725 101.124
52.3725 109.216
52.3725 117.308
114.872 124.71
