-42.4765 -131.841
-63.8916 -125.313
-82.78 -112.84
-99.9429 -96.8622
-110.928 -74.3439
-122.24 -52.1141
-126.187 -26.9318
-128.449 -1.50934
-124.187 23.4458
-113.975 46.5115
-101.953 67.9511
-86.24 86.2453
-66.8071 99.0496
-45.305 105.763
-23.1588 109.562
-0.95353 112.853
21.2771 115.913
43.5808 118.159
65.9375 117.265
83.8665 103.007
99.1785 84.0927
109.931 61.4083
116.184 36.587
118.74 10.8357
121.551 -14.8218
120.828 -40.6711
114.02 -64.9544
101.888 -86.7398
87.1258 -105.881
67.0375 -116.958
45.1952 -121.578
23.1344 -125.291
