25.3155 -135.883
48.9672 -129.749
71.5756 -121.183
92.724 -109.335
109.084 -92.4943
114.828 -70.3788
117.908 -47.5974
117.908 -24.6127
117.908 -1.62789
117.908 21.3569
116.099 44.1756
105.445 64.7922
90.17 82.7912
69.0819 94.6513
46.4709 103.697
22.6295 109.285
-1.80297 112.982
-26.5549 114.117
-51.0061 111.634
-73.735 102.539
-92.9337 88.1047
-111.014 72.5356
-121.058 51.5408
-127.749 29.4491
-131.839 6.8896
-132.092 -16.0868
-128.031 -38.5443
-116.551 -58.7813
-99.7481 -75.4567
-79.6397 -88.7439
-56.5558 -96.3722
-33.7122 -103.695
