96.142 -126.402
67.2482 -128.852
38.4659 -132.422
9.53808 -133.754
-19.9576 -132.467
-48.427 -126.241
-70.337 -113.477
-85.7877 -93.7391
-102.224 -74.4019
-110.108 -52.7065
-113.233 -29.8638
-101.065 -11.4659
-74.3817 -1.86523
-44.8461 -1.4015
-15.2145 -1.4015
14.417 -1.4015
44.0486 -1.4015
73.6802 -1.4015
102.805 1.04948
119.625 17.0167
127.021 39.1007
127.392 62.3053
118.536 83.2946
95.0696 97.1424
68.8802 107.902
40.2723 112.702
10.9386 115.988
-18.6697 116.246
-48.3012 116.246
-76.3809 111.09
-102.537 100.2
-122.608 84.3828
