-162.043 -73.8046
-142.78 -73.8046
-123.516 -73.8046
-104.253 -73.8046
-84.9892 -73.8046
-65.7256 -73.8046
-46.4621 -73.8046
-27.1986 -73.8046
-7.93507 -73.8046
11.3285 -73.8046
30.592 -73.8046
49.8555 -73.8046
69.119 -73.8046
87.9567 -73.4812
84.4186 -59.3726
77.2643 -45.7927
70.11 -32.2128
62.9557 -18.6329
55.8014 -5.05295
48.967 8.62147
42.1498 22.301
35.3326 35.9805
28.5154 49.66
22.6448 63.5843
17.0491 77.5796
11.4534 91.5749
5.85768 105.57
0.261981 119.566
-5.33372 133.561
-9.99368 147.74
-13.6693 162.07
-17.7343 176.195
