2 0.16315161 -0.34188813 1.05904055 2 0.30543047 -0.25860989 0.90190810 2
2 0.16314720 -0.34188598 1.05904377 2 0.30518493 -0.25878754 0.90168571 2
2 0.16306809 -0.34191191 1.05900586 2 0.30490127 -0.25877643 0.90130091 2
2 0.16306318 -0.34191582 1.05899513 2 0.30454415 -0.25864533 0.90080971 2
2 0.16306090 -0.34191728 1.05899012 2 0.30433393 -0.25858933 0.90049076 2
2 0.16306552 -0.34192890 1.05901778 2 0.30413082 -0.25846297 0.90030301 2
2 0.16305664 -0.34194016 1.05897796 2 0.30363411 -0.25813237 0.89915240 2
2 0.16308856 -0.34196246 1.05896437 2 0.30364817 -0.25729197 0.89863312 2
2 0.16306777 -0.34197432 1.05894041 2 0.30433878 -0.25608662 0.89811808 2
2 0.16306829 -0.34197232 1.05893159 2 0.30648673 -0.25446901 0.89823431 2
2 0.16318621 -0.34191558 1.05902600 2 0.31032035 -0.25216678 0.89849651 2
2 0.16318563 -0.34185290 1.05909157 2 0.31977352 -0.26027197 0.90172625 2
2 0.16350885 -0.34185392 1.05921614 2 0.32497153 -0.25991249 0.90191156 2
2 0.16364174 -0.34168497 1.05944169 2 0.33085057 -0.25875911 0.90145141 2
2 0.16379330 -0.34150991 1.05964816 2 0.33781350 -0.26013637 0.90064752 2
2 0.16409647 -0.34140718 1.05985761 2 0.34406167 -0.26028216 0.89935941 2
2 0.16417529 -0.34101346 1.06048906 2 0.35230264 -0.26093391 0.89714384 2
2 0.16422170 -0.34087345 1.06065798 2 0.35910472 -0.26219657 0.89500880 2
2 0.16419047 -0.34075648 1.06076121 2 0.36616141 -0.26263070 0.89214063 2
2 0.16416895 -0.34068483 1.06087875 2 0.37049425 -0.26978293 0.89401644 2
2 0.16413718 -0.34068668 1.06087697 2 0.37423337 -0.27347133 0.89336598 2
2 0.16408107 -0.34076247 1.06087935 2 0.38814273 -0.24829279 0.87316126 2
2 0.16401829 -0.34089315 1.06088352 2 0.39005005 -0.26739737 0.88443124 2
2 0.16398403 -0.34115285 1.06081939 2 0.39128035 -0.27620187 0.88719100 2
2 0.16394207 -0.34142458 1.06083047 2 0.36483803 -0.29278880 0.88584965 2
2 0.16313794 -0.34605932 1.06544065 2 0.36386457 -0.30745935 0.89641851 2
2 0.16307697 -0.34593874 1.06494224 2 0.38301134 -0.33716032 0.88702130 2
2 0.16303289 -0.34587172 1.06462312 2 0.38265783 -0.33485284 0.88981616 2
2 0.16299616 -0.34586135 1.06435716 2 0.38147682 -0.33595684 0.89002156 2
2 0.16296539 -0.34584585 1.06413388 2 0.43897778 -0.32356587 0.86821270 2
2 0.16293284 -0.34581590 1.06402957 2 0.38627264 -0.36412784 0.89909422 2
2 0.16285026 -0.34572214 1.06390643 2 0.38483894 -0.36807007 0.89846212 2
2 0.16269265 -0.34567967 1.06374002 2 0.38301384 -0.37213612 0.89738131 2
2 0.16097687 -0.34792376 1.06647670 2 0.37985259 -0.37764356 0.89618695 2
2 0.15991724 -0.34887061 1.06816077 2 0.37000120 -0.34827295 0.84851956 2
2 0.15997556 -0.34827960 1.06724966 2 0.33953214 -0.40386131 0.85057473 2
2 0.15937637 -0.34953797 1.06929839 2 0.33456165 -0.41008976 0.84940702 2
2 0.15891248 -0.34997880 1.06984234 2 0.33353475 -0.41111609 0.84892964 2
2 0.15847604 -0.35047954 1.07065666 2 0.33025175 -0.41382805 0.84791499 0
2 0.15872456 -0.34934351 1.06886101 2 0.32503134 -0.41706881 0.84544432 0
2 0.15789966 -0.35007179 1.07030296 2 0.31958136 -0.41952255 0.84270066 0
2 0.15727530 -0.35060111 1.07152128 2 0.31171241 -0.42320442 0.84108287 0
2 0.15749659 -0.34926826 1.06918919 2 0.30437863 -0.42446402 0.83866882 0
2 0.15776306 -0.34860575 1.06795597 2 0.29561228 -0.43214929 0.83586848 0
2 0.15682089 -0.37328240 1.06057572 2 0.28358039 -0.42595661 0.80884385 0
2 0.15676181 -0.37568739 1.05966687 2 0.27200845 -0.42732212 0.80981493 0
2 0.15821399 -0.36986241 1.05764353 2 0.25399220 -0.37253845 0.82709002 0
2 0.15856811 -0.36763453 1.05660164 2 0.24721870 -0.40890539 0.81697029 0
2 0.15865773 -0.36603773 1.05602098 2 0.24488316 -0.40767226 0.81395626 0
2 0.15870459 -0.36468390 1.05550051 2 0.23066182 -0.37495199 0.80360001 0
2 0.15862048 -0.36352193 1.05484653 2 0.23720805 -0.39151353 0.81981826 0
2 0.15838733 -0.36253324 1.05417085 2 0.23421754 -0.39158726 0.82365179 0
2 0.15809338 -0.36157000 1.05334413 2 0.22734721 -0.37827277 0.82022268 2
2 0.15794790 -0.36087635 1.05298758 2 0.22408265 -0.38014612 0.82086796 2
2 0.15405530 -0.36625519 1.05216908 2 0.22015420 -0.38004288 0.82082695 2
2 0.15223724 -0.36807626 1.05162144 2 0.21833690 -0.38025907 0.82077897 2
2 0.15277147 -0.36450195 1.05079770 2 0.20868866 -0.37424782 0.81846130 2
2 0.15097216 -0.36636060 1.05078423 2 0.20629396 -0.37170345 0.81881618 2
2 0.14925481 -0.36751488 1.05038166 2 0.20169286 -0.36564440 0.81969249 2
2 0.14816688 -0.36852440 1.04993284 2 0.20122655 -0.36060846 0.81933588 2
2 0.14688608 -0.36973894 1.04892123 2 0.20266476 -0.35499838 0.81950748 2
2 0.14593589 -0.37088913 1.04818630 2 0.20569697 -0.34827366 0.81990117 2
2 0.14504984 -0.37128699 1.04734838 2 0.20949152 -0.33937776 0.81868929 2
2 0.14395833 -0.37234661 1.04554129 2 0.21211533 -0.33336461 0.81726193 2
2 0.11326326 -0.30987716 1.08166099 2 0.20023221 -0.26423678 0.81985629 2
2 0.11310925 -0.30921081 1.07884240 2 0.20066407 -0.26381063 0.81727022 2
2 0.11979943 -0.30576229 1.08052635 2 0.21059969 -0.26611346 0.82275152 2
2 0.11976506 -0.30540013 1.07945466 2 0.21472786 -0.26381853 0.82172090 2
2 0.11996866 -0.30522531 1.07882750 2 0.21979500 -0.26165530 0.81937850 2
2 0.12036411 -0.30510455 1.07830036 2 0.22390516 -0.25894305 0.81705207 2
2 0.12082283 -0.30536702 1.07930791 2 0.22975188 -0.25802082 0.81817722 2
2 0.12118466 -0.30554610 1.08011734 2 0.23401968 -0.25706610 0.81847322 2
2 0.12119445 -0.30298379 1.07949126 2 0.22887217 -0.22126365 0.79330182 2
2 0.12158363 -0.30333969 1.08016813 2 0.23123407 -0.21915743 0.79312855 2
2 0.12169633 -0.30331880 1.07982731 2 0.23535945 -0.21627580 0.79112965 2
2 0.12184774 -0.30333856 1.07973218 2 0.23712833 -0.21477142 0.79057032 2
2 0.12190074 -0.30335385 1.07952344 2 0.23873387 -0.21363349 0.79043341 2
2 0.12204995 -0.30358517 1.08013570 2 0.23968871 -0.21336241 0.79087424 2
2 0.12216490 -0.30372992 1.08055830 2 0.24074678 -0.21324751 0.79126006 2
2 0.12221520 -0.30383825 1.08091283 2 0.24148022 -0.21296999 0.79150176 2
2 0.12231044 -0.30396929 1.08121753 2 0.24214898 -0.21284601 0.79170543 2
-999
