2 0.14199331 -0.20084365 0.96275353 2 0.26805589 -0.06645222 0.69926208 2
2 0.14193638 -0.20074148 0.96267515 2 0.26984143 -0.06651334 0.70063537 2
2 0.14182274 -0.20057142 0.96248281 2 0.26957551 -0.06632112 0.69916052 2
2 0.14178073 -0.20049204 0.96239787 2 0.26967755 -0.06628171 0.69903582 2
2 0.14175525 -0.20045970 0.96238774 2 0.27219358 -0.06666204 0.70154041 2
2 0.14170898 -0.20041171 0.96233976 2 0.27102730 -0.06627235 0.69915402 2
2 0.14166223 -0.20036069 0.96228153 2 0.27090520 -0.06649543 0.69932425 2
2 0.14159985 -0.20029956 0.96220767 2 0.27080607 -0.06641999 0.69859052 2
2 0.14159109 -0.20030351 0.96220386 2 0.27130362 -0.06650981 0.69950348 2
2 0.14152712 -0.20022289 0.96216726 2 0.27189866 -0.06634503 0.70012271 2
2 0.14150138 -0.20019065 0.96216220 2 0.27212840 -0.06597190 0.70097351 2
2 0.14148211 -0.20017184 0.96214539 2 0.27272102 -0.06570181 0.69826972 2
2 0.14128791 -0.20009550 0.96203166 2 0.27421537 -0.06539559 0.69648975 2
2 0.14107677 -0.20000106 0.96178716 2 0.27452338 -0.06628554 0.69110698 2
2 0.14092566 -0.19992293 0.96165299 2 0.27802116 -0.06765848 0.69020897 2
2 0.14081264 -0.19983377 0.96156937 2 0.28043985 -0.06616952 0.68737513 2
2 0.14050825 -0.19925614 0.96127111 2 0.28130764 -0.06270294 0.68400007 2
2 0.14031032 -0.19906193 0.96108818 2 0.28057793 -0.05748197 0.67981935 2
2 0.13993643 -0.19899911 0.96076077 2 0.27959955 -0.04868925 0.67454183 2
2 0.13972539 -0.19885232 0.96056032 2 0.27633923 -0.03985482 0.67090654 2
2 0.13940863 -0.19877140 0.96015370 2 0.26944649 -0.02678218 0.66339320 2
2 0.13917716 -0.19884594 0.95959562 2 0.28447208 0.01914374 0.66643232 2
2 0.13914478 -0.19899315 0.95902508 2 0.24364832 -0.01514081 0.65407330 2
2 0.13936996 -0.19887510 0.95844144 2 0.23024406 -0.00662466 0.65107995 2
2 0.13937913 -0.19759315 0.95682806 2 0.21707980 0.01189960 0.64663035 2
2 0.13954516 -0.19784842 0.95675653 2 0.20499432 0.03243262 0.64248854 2
2 0.13986602 -0.19805992 0.95746309 1 0.19465707 0.03956437 0.63826072 0
1 0.13908219 -0.19886146 0.95784223 1 0.16778898 0.03701540 0.63680017 0
1 0.25888631 -0.05626827 0.89240611 1 0.15696664 0.03357574 0.62662292 0
1 0.25802335 -0.05641200 0.89169240 1 0.14448451 0.03963243 0.62596554 0
1 0.25542071 -0.05814603 0.88909221 1 0.12767750 0.01458181 0.62083995 0
1 0.25298816 -0.06251472 0.88574135 1 0.12625943 -0.00801700 0.62938178 0
1 0.25069711 -0.06866850 0.88044614 1 0.11632033 -0.01180483 0.62780017 0
1 0.22238645 -0.11215916 0.86274815 1 0.10539245 -0.01268415 0.62994063 0
1 0.21698122 -0.11698076 0.86463654 1 0.09424523 -0.01748421 0.63021123 0
1 0.20547178 -0.12052039 0.86525261 1 0.08767983 -0.02817578 0.62960476 0
1 0.19784901 -0.12760916 0.86686099 1 0.08332296 -0.03645422 0.63295877 0
1 0.19348475 -0.13455850 0.86882317 1 0.07784054 -0.04264006 0.63520718 0
1 0.18199505 -0.14775056 0.87788641 1 0.04160860 -0.02780082 0.63486987 0
2 0.11814058 -0.01499072 0.87269741 1 0.04063738 -0.03509446 0.63480514 0
2 0.11809915 -0.01502509 0.87309021 1 0.03973205 -0.03782607 0.63700742 0
2 0.11804207 -0.01503088 0.87313294 1 0.03900504 -0.03414124 0.63402092 0
2 0.11797052 -0.01513270 0.87340081 1 0.03854226 -0.03797495 0.63615423 0
2 0.11795923 -0.01514808 0.87339896 1 0.03860351 -0.03364591 0.63355792 0
2 0.11794966 -0.01523396 0.87321764 1 0.03875024 -0.03264508 0.63131785 0
2 0.11797902 -0.01527679 0.87312984 1 0.04052908 -0.03647164 0.63443518 0
2 0.11829317 -0.01591012 0.87164038 1 0.04156853 -0.03553939 0.63263845 0
2 0.11843202 -0.01602036 0.87161505 1 0.04344781 -0.03726284 0.63674504 0
1 0.11845972 -0.01612590 0.87174165 1 0.07242099 -0.04685690 0.63495004 0
1 0.11849473 -0.01608355 0.87186009 1 0.07515052 -0.04573650 0.63864219 0
1 0.11856576 -0.01592323 0.87187725 2 0.06091226 -0.02804775 0.63266420 2
1 0.11873984 -0.01541813 0.87188989 1 0.06603491 -0.02233533 0.63755584 2
1 0.11894463 -0.01438683 0.87172747 1 0.07278682 -0.01848843 0.63358164 0
1 0.13376537 0.02056440 0.86265242 1 0.08029720 -0.01234653 0.63381529 0
1 0.13850567 0.02842887 0.86406684 2 0.10484641 -0.02378444 0.63748139 2
1 0.15392379 0.03791481 0.86367941 1 0.11245301 0.00209107 0.63696057 2
1 0.15389717 0.03791237 0.86379719 1 0.11889037 0.00757988 0.63714123 0
1 0.15256733 0.04052781 0.86595303 1 0.12635134 0.01032331 0.63806564 0
1 0.15259098 0.04295695 0.86844361 1 0.13241486 0.01518808 0.64116597 0
1 0.17314237 0.05041181 0.87845677 1 0.14575508 0.01693033 0.63763463 0
1 0.18713790 0.03985416 0.91517991 1 0.18351534 0.01523784 0.63799119 0
2 0.15864210 -0.21833929 0.92517942 2 0.20188017 0.00754055 0.64247394 0
2 0.15918656 -0.21843787 0.92535728 2 0.22398420 0.04110511 0.64103901 2
2 0.15843736 -0.21843070 0.92683220 2 0.24136958 0.02621175 0.63701659 2
2 0.15688479 -0.21790403 0.93029183 2 0.26326185 0.01924632 0.63936388 2
2 0.14981286 -0.21778370 0.94636309 2 0.28240472 0.00337682 0.63732207 2
2 0.15035957 -0.21818684 0.94518590 2 0.29757074 -0.01103272 0.63309640 2
2 0.14883783 -0.21889977 0.94982159 2 0.31435943 -0.02862969 0.63231826 2
2 0.14960475 -0.21905565 0.94858545 2 0.31886390 -0.06621017 0.63324583 2
2 0.15064190 -0.21923389 0.94718832 2 0.32908517 -0.07573760 0.62858891 2
2 0.15164302 -0.21974877 0.94659680 2 0.34208754 -0.08977190 0.63069785 0
2 0.15275790 -0.22022268 0.94561720 2 0.34985584 -0.10136861 0.62456363 0
2 0.15321642 -0.22046387 0.94543338 2 0.35488987 -0.11616813 0.62847298 0
2 0.15374069 -0.22072069 0.94508165 2 0.35795182 -0.12209030 0.62602681 0
2 0.15416138 -0.22084934 0.94503051 2 0.36151239 -0.12658721 0.62757915 0
2 0.15454660 -0.22088698 0.94498581 2 0.36392111 -0.12621257 0.62498963 0
2 0.15500809 -0.22106953 0.94491458 2 0.36439356 -0.12621488 0.62621135 0
2 0.15554376 -0.22125928 0.94468391 2 0.36155018 -0.12569833 0.62399077 0
2 0.15593930 -0.22133116 0.94428009 2 0.35882127 -0.12359384 0.62134004 0
2 0.15635355 -0.22144532 0.94413769 2 0.35846746 -0.12262458 0.62384045 0
2 0.15662315 -0.22152680 0.94398910 2 0.35716304 -0.12085979 0.62280387 0
2 0.15687715 -0.22157763 0.94389570 2 0.35622171 -0.12037185 0.62350160 0
2 0.15706119 -0.22164942 0.94378334 2 0.35476932 -0.11954430 0.62303209 0
2 0.15738001 -0.22174555 0.94355983 2 0.35444501 -0.11852441 0.62198263 0
2 0.15757047 -0.22180578 0.94334817 2 0.35296842 -0.11869117 0.62102729 0
2 0.15765953 -0.22183530 0.94329107 2 0.35313827 -0.11953083 0.62223285 0
-999
