2 0.08736233 -0.19273053 0.96721780 2 0.34176838 -0.12947229 0.62814277 0
2 0.08743537 -0.19280970 0.96716720 2 0.34077296 -0.12744550 0.63028395 0
2 0.08747340 -0.19283994 0.96718508 2 0.33801407 -0.12587459 0.63106102 0
2 0.08746289 -0.19285159 0.96720386 2 0.33492351 -0.12444033 0.63274318 0
2 0.08745595 -0.19288030 0.96717751 2 0.33068809 -0.12187233 0.63083714 0
2 0.08745319 -0.19287823 0.96719366 2 0.32794532 -0.11926152 0.63283366 2
2 0.08743484 -0.19288945 0.96719533 2 0.32073498 -0.11607063 0.63230240 2
2 0.08743270 -0.19293347 0.96714967 2 0.30937135 -0.11467222 0.63446999 2
2 0.08742507 -0.19294177 0.96715224 2 0.30163297 -0.11101611 0.63637656 2
2 0.08735257 -0.19294289 0.96710026 2 0.29294136 -0.10452519 0.63384140 2
2 0.08723009 -0.19294617 0.96707731 2 0.28357226 -0.09764288 0.63530993 2
2 0.08702898 -0.19289245 0.96707785 2 0.27437949 -0.09066079 0.63510889 2
2 0.08686525 -0.19294789 0.96698612 2 0.26694563 -0.08233135 0.63460863 2
2 0.08631402 -0.19269422 0.96709704 2 0.25995570 -0.07387524 0.63535517 2
2 0.08578223 -0.19221008 0.96709120 2 0.25176442 -0.06371388 0.63464636 2
2 0.08499756 -0.19178230 0.96721417 2 0.24272098 -0.05282221 0.63484347 2
2 0.08424059 -0.19133285 0.96722674 2 0.23410623 -0.04115951 0.63391882 2
2 0.08367261 -0.19096909 0.96703935 2 0.22401659 -0.03284661 0.63113397 2
2 0.08339063 -0.19079180 0.96685529 2 0.21402708 -0.02611931 0.63313150 2
2 0.08317772 -0.19068782 0.96677363 2 0.20315647 -0.01836878 0.63620424 2
2 0.08351757 -0.18919903 0.96708661 2 0.18965042 -0.00953105 0.63853818 2
2 0.08550440 -0.17952272 0.97085196 2 0.18227917 -0.00401710 0.63830662 2
2 0.08675632 -0.18326050 0.96744657 2 0.16888183 0.00154923 0.63746512 2
2 0.08626203 -0.18531848 0.96629572 2 0.15708232 0.00775063 0.63947922 2
2 0.08584240 -0.18679047 0.96402472 2 0.14224172 0.01795204 0.64128029 2
1 0.08533847 -0.18623354 0.96245623 2 0.12964810 0.02424237 0.64542389 2
1 0.09165616 -0.19869262 0.96459520 2 0.11464970 0.03165483 0.64725792 2
1 0.06129881 -0.25845096 0.98039782 1 0.09458421 0.03485249 0.65384948 0
1 0.06137354 -0.25827724 0.98040241 2 0.08147640 0.04216284 0.65762371 0
1 0.06671795 -0.24479167 0.97344923 2 0.06905960 0.04685656 0.66114163 2
1 0.07672361 -0.21576823 0.95805061 1 0.05627758 0.05100153 0.66147459 2
1 0.07673021 -0.21511255 0.95720893 2 0.04254052 0.03543522 0.66702247 2
1 0.07652703 -0.21490517 0.95713526 1 0.02997267 0.04212035 0.67122871 2
1 0.07614291 -0.21391147 0.95664072 2 0.01280534 0.10155297 0.67482245 2
1 0.07611444 -0.21395284 0.95663494 2 -0.00755543 0.08160084 0.68654007 2
1 0.07568396 -0.21388888 0.95636076 2 -0.01892748 0.07744016 0.68806839 2
1 0.07574902 -0.21381299 0.95628566 2 -0.03076599 0.07805809 0.69135427 2
2 0.05902812 -0.12904459 0.90281475 2 -0.04081643 0.07719481 0.69435006 0
1 0.04997740 -0.08499608 0.87574494 2 -0.06536985 0.06471451 0.71181720 0
2 0.04572616 -0.06786899 0.86114132 2 -0.09337997 0.02750451 0.72758424 0
1 0.04466021 -0.04152310 0.84782785 1 -0.11226407 0.03197616 0.73786640 0
1 0.04524280 -0.03761149 0.84717053 1 -0.12402331 0.02895703 0.74347693 0
1 0.04502575 -0.02518240 0.84489864 2 -0.11387357 0.05997853 0.73205560 0
1 0.04350389 -0.01629118 0.84492487 2 -0.12163050 0.05659459 0.73494339 2
2 0.01271127 -0.08209193 0.74758810 2 -0.10123979 -0.00006582 0.73355538 2
2 0.02646661 -0.09644292 0.74069065 2 -0.09946193 -0.02066794 0.73999125 1
2 -0.04020922 -0.06543727 0.75593340 2 -0.12366402 -0.00844088 0.74690318 1
1 -0.04030783 -0.06653086 0.75681603 2 -0.12794292 -0.01029103 0.75073278 1
1 -0.04083182 -0.06896266 0.75819272 2 -0.15435480 0.00515281 0.76172107 1
1 -0.04168750 -0.07394661 0.76026779 2 -0.15727705 0.00040952 0.76337248 1
1 -0.04264824 -0.08102329 0.76282990 2 -0.15980300 -0.00518203 0.76885700 1
1 -0.04564637 -0.09108950 0.76377118 2 -0.16089243 -0.01191547 0.77223581 1
1 -0.04751676 -0.09588395 0.76428109 2 -0.13344637 -0.04415423 0.76834315 1
1 -0.04797372 -0.10286101 0.76466763 2 -0.16163924 -0.02960045 0.77747047 1
2 -0.03449729 -0.09921073 0.77970475 2 -0.15625177 -0.04287625 0.78097004 1
2 -0.03347111 -0.09934168 0.77942389 2 -0.16308363 -0.04711049 0.78462070 1
2 -0.03439990 -0.09920284 0.78108507 2 -0.15903242 -0.05422949 0.78456712 1
2 -0.03406772 -0.09971984 0.78053522 2 -0.16542313 -0.05544967 0.78822726 1
2 -0.03700399 -0.10038117 0.78503251 2 -0.17491680 -0.05140102 0.79532331 1
2 -0.03663510 -0.10121307 0.78462523 2 -0.17493069 -0.05453547 0.79600549 1
2 -0.03577795 -0.10300175 0.78777611 2 -0.17450812 -0.05552134 0.79523742 1
2 -0.03553165 -0.10360834 0.78773820 2 -0.17351136 -0.05707669 0.79793513 1
2 -0.03641630 -0.10418051 0.79031390 2 -0.16840445 -0.06290586 0.79392195 1
2 -0.03608108 -0.10493861 0.79103595 2 -0.16826098 -0.06375624 0.79496968 1
2 -0.03634782 -0.10538004 0.79029894 2 -0.16695809 -0.06538478 0.79062152 1
2 -0.03583623 -0.10654756 0.79375970 2 -0.16708662 -0.06503680 0.79452854 1
2 -0.03563070 -0.10691063 0.79347241 2 -0.16695529 -0.06448346 0.79336601 1
2 -0.03597857 -0.10734153 0.79224908 2 -0.16820481 -0.06574807 0.79354125 1
2 -0.03587047 -0.10784695 0.79287219 2 -0.16930605 -0.06609919 0.79466420 1
2 -0.03581214 -0.10798360 0.79289412 2 -0.17128070 -0.06450377 0.79044914 1
2 -0.03454095 -0.10911946 0.79455507 2 -0.17113982 -0.06476925 0.79447120 1
2 -0.03463849 -0.10927869 0.79485834 2 -0.17210612 -0.06462339 0.79418737 1
2 -0.03528022 -0.10946129 0.79763007 2 -0.17380594 -0.06253770 0.79323995 1
-999
