1 0.18660578 -0.25846231 0.93743891 2 0.15902939 0.08354978 0.70223594 3
1 0.18660578 -0.25846231 0.93743891 2 0.16325414 0.09604871 0.70223594 3
1 0.18678702 -0.25835782 0.93791169 2 0.15884449 0.08529372 0.70094717 3
1 0.18678702 -0.25835782 0.93791169 2 0.16184688 0.09215284 0.70094717 3
2 0.18868923 -0.27462170 0.94596183 2 0.15999185 0.08750490 0.70053363 3
2 0.18868923 -0.27462170 0.94596183 2 0.16066539 0.08750490 0.70053363 3
2 0.17784588 -0.27841473 0.95655358 2 0.16069223 0.09067795 0.69942677 3
2 0.17784588 -0.27841473 0.95655358 2 0.16066539 0.08750490 0.69942677 3
2 0.17634760 -0.27915925 0.95824039 2 0.16292164 0.09484793 0.70159149 3
2 0.17634760 -0.27915925 0.95824039 2 0.16066539 0.08750490 0.70159149 3
2 0.17530736 -0.27953240 0.95948017 2 0.16512507 0.09884757 0.70430470 3
2 0.17530736 -0.27953240 0.95948017 2 0.16066539 0.08750490 0.70430470 3
2 0.17444411 -0.27967331 0.96021104 2 0.16640307 0.10384395 0.70561743 3
2 0.17444411 -0.27967331 0.96021104 2 0.16066539 0.08750490 0.70561743 3
2 0.17420064 -0.27965486 0.96054059 2 0.16787988 0.10854549 0.70752978 3
2 0.17420064 -0.27965486 0.96054059 2 0.16069223 0.09067795 0.70752978 3
2 0.18340395 -0.28054097 0.95594740 2 0.16923444 0.11245031 0.71046317 3
2 0.18340395 -0.28054097 0.95594740 2 0.16292164 0.09484793 0.71046317 3
2 0.18103786 -0.27585611 0.95829910 2 0.17177352 0.11595548 0.71335769 3
2 0.18103786 -0.27585611 0.95829910 2 0.16512507 0.09884757 0.71335769 3
2 0.17660266 -0.26665995 0.96322048 2 0.17355244 0.12254777 0.71713686 3
2 0.17660266 -0.26665995 0.96322048 2 0.16640307 0.10384395 0.71713686 3
2 0.17532474 -0.26307899 0.96415639 2 0.17630862 0.12726527 0.71801662 3
2 0.17532474 -0.26307899 0.96415639 2 0.16787988 0.10854549 0.71801662 3
2 0.17414021 -0.26078561 0.96488810 2 0.18160616 0.12917723 0.72096908 3
2 0.17414021 -0.26078561 0.96488810 2 0.16923444 0.11245031 0.72096908 3
2 0.17259176 -0.25909534 0.96642756 2 0.18660393 0.13844806 0.72552031 3
2 0.17259176 -0.25909534 0.96642756 2 0.17177352 0.11595548 0.72552031 3
2 0.17225462 -0.25893509 0.96664500 2 0.19272454 0.14451361 0.72831148 3
2 0.17225462 -0.25893509 0.96664500 2 0.17355244 0.12254777 0.72831148 3
2 0.17215276 -0.25894806 0.96676332 2 0.20101996 0.15009373 0.73482639 3
2 0.17215276 -0.25894806 0.96676332 2 0.17630862 0.12726527 0.73482639 3
2 0.17215778 -0.25894395 0.96676654 2 0.20980020 0.15537114 0.74001408 3
2 0.17215778 -0.25894395 0.96676654 2 0.18160616 0.12917723 0.74001408 3
2 0.17226142 -0.25916487 0.96698606 2 0.22167072 0.15746900 0.74680060 3
2 0.17226142 -0.25916487 0.96698606 2 0.18660393 0.13844806 0.74680060 3
2 0.17235573 -0.25924233 0.96708518 2 0.23338372 0.15850298 0.74992603 3
2 0.17235573 -0.25924233 0.96708518 2 0.19272454 0.14451361 0.74992603 3
2 0.17270647 -0.25940859 0.96733719 2 0.24734545 0.16054301 0.75860071 3
2 0.17270647 -0.25940859 0.96733719 2 0.20101996 0.15009373 0.75860071 3
2 0.17337303 -0.25975454 0.96760237 2 0.26036751 0.16043736 0.76275045 3
2 0.17337303 -0.25975454 0.96760237 2 0.20980020 0.15537114 0.76275045 3
2 0.17442314 -0.26093614 0.96834779 2 0.27524990 0.15809907 0.76693296 3
2 0.17442314 -0.26093614 0.96834779 2 0.22167072 0.15746900 0.76693296 3
2 0.17475012 -0.26174906 0.96880597 2 0.28929847 0.15334535 0.76985002 3
2 0.17475012 -0.26174906 0.96880597 2 0.23338372 0.15746900 0.76985002 3
2 0.17460296 -0.26313153 0.96911162 2 0.30117583 0.15030250 0.76917458 3
2 0.17460296 -0.26313153 0.96911162 2 0.24734545 0.15746900 0.76917458 3
2 0.17455070 -0.26437235 0.96981835 2 0.31587130 0.15023305 0.77453315 3
2 0.17455070 -0.26437235 0.96981835 2 0.26036751 0.15746900 0.77453315 3
2 0.17402464 -0.26666713 0.96998787 2 0.32800987 0.14619252 0.77205116 3
2 0.17402464 -0.26666713 0.96998787 2 0.27524990 0.15746900 0.77205116 3
2 0.17419000 -0.26837566 0.97023290 2 0.34032059 0.13993204 0.77149653 3
2 0.17419000 -0.26837566 0.97023290 2 0.28929847 0.15334535 0.77149653 3
2 0.17412890 -0.26994333 0.97059846 2 0.35397932 0.13095021 0.76832151 3
2 0.17412890 -0.26994333 0.97059846 2 0.30117583 0.15030250 0.76832151 3
2 0.17430159 -0.27148399 0.97107154 2 0.36780757 0.11713956 0.76352197 3
2 0.17430159 -0.27148399 0.97107154 2 0.31587130 0.15023305 0.76352197 3
2 0.17462020 -0.27296439 0.97158521 2 0.38039157 0.10412975 0.75568175 3
2 0.17462020 -0.27296439 0.97158521 2 0.32800987 0.14619252 0.75568175 3
2 0.17499791 -0.27357763 0.97194946 2 0.39215803 0.09093133 0.74681455 3
2 0.17499791 -0.27357763 0.97194946 2 0.34032059 0.13993204 0.74681455 3
2 0.17523791 -0.27375481 0.97222114 2 0.40120316 0.07481293 0.73702919 0
2 0.17523791 -0.27375481 0.97222114 2 0.35397932 0.13095021 0.73702919 0
2 0.17526414 -0.27400625 0.97253472 2 0.40742096 0.05970886 0.72920877 0
2 0.17526414 -0.27400625 0.97253472 2 0.36780757 0.11713956 0.72920877 0
2 0.17525852 -0.27409047 0.97265482 2 0.40778127 0.04348850 0.71973795 0
2 0.17525852 -0.27409047 0.97265482 2 0.38039157 0.10412975 0.71973795 0
2 0.17547324 -0.27423081 0.97304559 2 0.40600610 0.02666269 0.71228707 0
2 0.17547324 -0.27423081 0.97304559 2 0.39215803 0.09093133 0.71228707 0
2 0.17392534 -0.27495980 0.97304881 2 0.39904606 0.01105469 0.69969952 0
2 0.17392534 -0.27495980 0.97304881 2 0.39904606 0.07481293 0.69969952 0
2 0.17151828 -0.27665463 0.97269678 2 0.39160618 -0.00538216 0.68940443 0
2 0.17151828 -0.27665463 0.97269678 2 0.39904606 0.05970886 0.68940443 0
2 0.17083415 -0.27717683 0.97293657 2 0.38300374 -0.02225543 0.68223673 0
2 0.17083415 -0.27717683 0.97293657 2 0.39904606 0.04348850 0.68223673 0
2 0.17001049 -0.27783763 0.97312897 2 0.37823427 -0.05175493 0.68449748 0
2 0.17001049 -0.27783763 0.97312897 2 0.39904606 0.02666269 0.68449748 0
2 0.16946441 -0.27844495 0.97324109 2 0.36842749 -0.06487097 0.67805231 0
2 0.16946441 -0.27844495 0.97324109 2 0.39904606 0.01105469 0.67805231 0
2 0.16884354 -0.27905667 0.97324646 2 0.35621828 -0.07547200 0.66783869 0
2 0.16884354 -0.27905667 0.97324646 2 0.39160618 -0.00538216 0.66783869 0
2 0.16847186 -0.27951121 0.97314477 2 0.34083322 -0.08319643 0.66226608 3
2 0.16847186 -0.27951121 0.97314477 2 0.38300374 -0.02225543 0.66226608 3
2 0.16825216 -0.27992722 0.97293746 2 0.33377886 -0.10579029 0.66281289 3
2 0.16825216 -0.27992722 0.97293746 2 0.37823427 -0.05175493 0.66281289 3
2 0.16819492 -0.28024024 0.97292477 2 0.32210732 -0.11200325 0.65912986 3
2 0.16819492 -0.28024024 0.97292477 2 0.36842749 -0.06487097 0.65912986 3
2 0.16822518 -0.28034577 0.97291821 2 0.30694160 -0.11864900 0.65306783 3
2 0.16822518 -0.28034577 0.97291821 2 0.35621828 -0.07547200 0.65306783 3
2 0.16828662 -0.28054669 0.97298932 2 0.28230742 -0.11447573 0.64560294 3
2 0.16828662 -0.28054669 0.97298932 2 0.34083322 -0.08319643 0.64560294 3
2 0.16985697 -0.28125173 0.97316474 2 0.26267648 -0.11685598 0.64229202 3
2 0.16985697 -0.28125173 0.97316474 2 0.33377886 -0.10579029 0.64229202 3
2 0.17091128 -0.28185040 0.97320884 2 0.24877167 -0.11993465 0.63994002 3
2 0.17091128 -0.28185040 0.97320884 2 0.32210732 -0.11200325 0.63994002 3
2 0.17158356 -0.28222364 0.97317940 2 0.23277262 -0.12120858 0.64214289 3
2 0.17158356 -0.28222364 0.97317940 2 0.30694160 -0.11447573 0.64214289 3
2 0.17226045 -0.28244054 0.97297907 2 0.22224939 -0.12255847 0.64051473 3
2 0.17226045 -0.28244054 0.97297907 2 0.28230742 -0.11685598 0.64051473 3
2 0.17325945 -0.28263906 0.97254682 2 0.20298605 -0.11778885 0.63722247 3
2 0.17325945 -0.28263906 0.97254682 2 0.26267648 -0.11778885 0.63722247 3
2 0.17346589 -0.28257436 0.97251302 2 0.19323200 -0.11595159 0.63825810 3
2 0.17346589 -0.28257436 0.97251302 2 0.24877167 -0.11778885 0.63825810 3
2 0.17366192 -0.28250960 0.97222745 2 0.18462618 -0.11128108 0.63700843 3
2 0.17366192 -0.28250960 0.97222745 2 0.23277262 -0.11778885 0.63700843 3
2 0.17268424 -0.28247425 0.97262555 2 0.17441431 -0.10514515 0.63455629 3
2 0.17268424 -0.28247425 0.97262555 2 0.22224939 -0.11685598 0.63455629 3
2 0.17960937 -0.28271031 0.95967853 2 0.16449666 -0.09795870 0.63240033 3
2 0.17960937 -0.28271031 0.95967853 2 0.20298605 -0.11685598 0.63240033 3
2 0.18310778 -0.28485632 0.95176977 2 0.15121162 -0.08745668 0.63376802 3
2 0.18310778 -0.28485632 0.95176977 2 0.19323200 -0.11595159 0.63376802 3
2 0.18746136 -0.29138103 0.94032359 2 0.14447749 -0.08056162 0.63447362 3
2 0.18746136 -0.29138103 0.94032359 2 0.18462618 -0.11128108 0.63447362 3
2 0.18729150 -0.29197082 0.93941945 2 0.13912259 -0.07240544 0.63467860 3
2 0.18729150 -0.29197082 0.93941945 2 0.17441431 -0.10514515 0.63467860 3
2 0.18705846 -0.29206076 0.93839175 2 0.13408042 -0.06211851 0.63326055 3
2 0.18705846 -0.29206076 0.93839175 2 0.16449666 -0.09795870 0.63326055 3
2 0.18652584 -0.29154623 0.93776494 2 0.13097627 -0.05428542 0.63282686 3
2 0.18652584 -0.29154623 0.93776494 2 0.15121162 -0.08745668 0.63282686 3
1 0.18639177 -0.29199123 0.93788397 2 0.12666987 -0.04513273 0.63486379 3
1 0.18639177 -0.29199123 0.93788397 2 0.14447749 -0.08056162 0.63486379 3
2 0.18131475 -0.28792924 0.94422323 2 0.12492359 -0.03624715 0.63360006 3
2 0.18131475 -0.28792924 0.94422323 2 0.13912259 -0.07240544 0.63360006 3
2 0.17927840 -0.28460407 0.94773048 2 0.12265662 -0.02711063 0.63166052 3
2 0.17927840 -0.28460407 0.94773048 2 0.13408042 -0.06211851 0.63166052 3
1 0.17934585 -0.28445727 0.94786686 2 0.12252906 -0.01752190 0.63627845 3
1 0.17934585 -0.28445727 0.94786686 2 0.13097627 -0.05428542 0.63627845 3
1 0.18014434 -0.28432959 0.94757164 2 0.12138987 -0.00875064 0.63558310 3
1 0.18014434 -0.28432959 0.94757164 2 0.12666987 -0.04513273 0.63558310 3
1 0.18993682 -0.25776219 0.94446814 2 0.12202845 0.00003951 0.63889349 3
1 0.18993682 -0.25776219 0.94446814 2 0.12492359 -0.03624715 0.63889349 3
1 0.19018641 -0.25896066 0.94395763 2 0.12291643 0.00945198 0.63718510 3
1 0.19018641 -0.25896066 0.94395763 2 0.12291643 -0.02711063 0.63718510 3
1 0.19032443 -0.25964597 0.94372761 2 0.12480997 0.01833835 0.63884878 3
1 0.19032443 -0.25964597 0.94372761 2 0.12291643 -0.01752190 0.63884878 3
1 0.19040549 -0.26083022 0.94346380 2 0.12784564 0.02643796 0.64129138 3
1 0.19040549 -0.26083022 0.94346380 2 0.12291643 -0.00875064 0.64129138 3
1 0.19041124 -0.26263520 0.94327790 2 0.13028389 0.03482997 0.64419389 3
1 0.19041124 -0.26263520 0.94327790 2 0.12291643 0.00003951 0.64419389 3
2 0.19056270 -0.26226720 0.94103587 2 0.13388619 0.04320925 0.64704865 3
2 0.19056270 -0.26226720 0.94103587 2 0.12291643 0.00945198 0.64704865 3
2 0.18917683 -0.26496798 0.93839478 2 0.13833816 0.05018844 0.64814782 3
2 0.18917683 -0.26496798 0.93839478 2 0.12480997 0.01833835 0.64814782 3
2 0.18965518 -0.27108449 0.93952757 2 0.14315335 0.05699392 0.64940488 3
2 0.18965518 -0.27108449 0.93952757 2 0.12784564 0.02643796 0.64940488 3
2 0.17639235 -0.27154908 0.95193821 2 0.14912444 0.06287517 0.65382797 3
2 0.17639235 -0.27154908 0.95193821 2 0.13028389 0.03482997 0.65382797 3
2 0.16575181 -0.27278382 0.96094739 2 0.15529574 0.06841934 0.65390623 3
2 0.16575181 -0.27278382 0.96094739 2 0.13388619 0.04320925 0.65390623 3
2 0.16410072 -0.27363884 0.96202523 2 0.16219066 0.07465060 0.65614247 3
2 0.16410072 -0.27363884 0.96202523 2 0.13833816 0.05018844 0.65614247 3
2 0.16341126 -0.27405027 0.96228009 2 0.17001948 0.07944560 0.65703082 3
2 0.16341126 -0.27405027 0.96228009 2 0.14315335 0.05699392 0.65703082 3
2 0.16294242 -0.27384228 0.96224052 2 0.17577358 0.08453587 0.65860206 3
2 0.16294242 -0.27384228 0.96224052 2 0.14912444 0.06287517 0.65860206 3
2 0.16247024 -0.27448681 0.96230924 2 0.18106665 0.08836677 0.66179186 3
2 0.16247024 -0.27448681 0.96230924 2 0.15529574 0.06841934 0.66179186 3
2 0.16233036 -0.27452818 0.96228647 2 0.18566197 0.09188458 0.66335219 3
2 0.16233036 -0.27452818 0.96228647 2 0.16219066 0.07465060 0.66335219 3
2 0.16221018 -0.27450830 0.96229160 2 0.19102311 0.09385442 0.66680825 3
2 0.16221018 -0.27450830 0.96229160 2 0.17001948 0.07944560 0.66680825 3
2 0.16218828 -0.27449396 0.96228987 2 0.19604349 0.09659940 0.66679120 3
2 0.16218828 -0.27449396 0.96228987 2 0.17577358 0.08453587 0.66679120 3
2 0.16218610 -0.27449366 0.96229547 2 0.20039794 0.09757091 0.66685539 3
2 0.16218610 -0.27449366 0.96229547 2 0.18106665 0.08836677 0.66685539 3
2 0.16218464 -0.27449763 0.96230000 2 0.20378226 0.09757560 0.66889083 3
2 0.16218464 -0.27449763 0.96230000 2 0.18566197 0.09188458 0.66889083 3
2 0.16217890 -0.27452245 0.96228397 2 0.20630521 0.09848641 0.66906530 3
2 0.16217890 -0.27452245 0.96228397 2 0.19102311 0.09385442 0.66906530 3
2 0.16216537 -0.27456018 0.96228629 2 0.20864764 0.10033646 0.66998768 3
2 0.16216537 -0.27456018 0.96228629 2 0.19604349 0.09659940 0.66998768 3
2 0.16222759 -0.27459502 0.96229762 2 0.21116196 0.10359970 0.67073572 3
2 0.16222759 -0.27459502 0.96229762 2 0.20039794 0.09757091 0.67073572 3
2 0.16250046 -0.27474397 0.96203721 2 0.21289578 0.10562765 0.66896558 3
2 0.16250046 -0.27474397 0.96203721 2 0.20378226 0.09757560 0.66896558 3
2 0.16345532 -0.27602136 0.96168053 2 0.21717872 0.10822898 0.67325425 3
2 0.16345532 -0.27602136 0.96168053 2 0.20630521 0.09848641 0.67325425 3
2 0.16989301 -0.27032486 0.95258373 2 0.22076966 0.11014859 0.67273778 2
2 0.16989301 -0.27032486 0.95258373 2 0.20864764 0.10033646 0.67273778 2
-999
