2 0.14785340 -0.25489080 1.00206399 2 0.23787169 0.01995844 0.70510697 2
2 0.14781530 -0.25486955 1.00206673 2 0.23832266 0.02009305 0.70620590 2
2 0.14778429 -0.25485629 1.00206280 2 0.23891741 0.01910065 0.70534641 2
2 0.14776698 -0.25484526 1.00207543 2 0.23915859 0.01885054 0.70634925 2
2 0.14775741 -0.25483987 1.00207651 2 0.23894857 0.01874414 0.70566297 2
2 0.14774334 -0.25483206 1.00208235 2 0.23948349 0.01852584 0.70541519 2
2 0.14772195 -0.25482398 1.00209498 2 0.23989467 0.01895410 0.70575064 2
2 0.14771752 -0.25482097 1.00209308 2 0.24042149 0.01876331 0.70566714 2
2 0.14770724 -0.25481614 1.00210226 2 0.24011955 0.01864352 0.70535356 2
2 0.14770126 -0.25481507 1.00209665 2 0.23986682 0.01805021 0.70378375 2
2 0.14769898 -0.25481206 1.00209188 2 0.23931380 0.01757292 0.70287222 2
2 0.14770377 -0.25481683 1.00208604 2 0.23912859 0.01571151 0.70345080 2
2 0.14771105 -0.25482240 1.00208676 2 0.23805857 0.01364214 0.70387620 2
2 0.14774914 -0.25485736 1.00218439 2 0.23481634 0.00959739 0.70301628 2
2 0.14781971 -0.25488082 1.00230145 2 0.23067166 0.00404358 0.70340335 2
2 0.14790611 -0.25489625 1.00240731 2 0.22362690 -0.00637400 0.70363665 2
2 0.14816034 -0.25486836 1.00217032 2 0.21490666 -0.01895098 0.70269156 2
2 0.14826395 -0.25484547 1.00236177 2 0.20477401 -0.03561639 0.70523733 2
2 0.14824532 -0.25482637 1.00229681 2 0.19135115 -0.05434142 0.70570982 2
2 0.14831728 -0.25476018 1.00232315 2 0.17631017 -0.07522863 0.71099114 2
2 0.14804555 -0.25510222 1.00211573 2 0.16104782 -0.09850723 0.71268296 2
2 0.14630020 -0.25711834 1.00187850 2 0.14285024 -0.12087744 0.71841443 2
2 0.13997872 -0.26592463 0.99692726 2 0.12813465 -0.14443034 0.72000891 2
1 0.13803285 -0.26873422 0.99545991 2 0.11067347 -0.15817949 0.71938986 2
1 0.13543908 -0.27157310 0.99415010 2 0.09334674 -0.17681555 0.72382683 2
2 0.15518521 -0.26619881 0.99508047 2 0.08241023 -0.19814178 0.72968102 2
2 0.16288586 -0.26210055 0.99629837 2 0.07088295 -0.21038914 0.73062199 2
2 0.16377318 -0.26147524 0.99655527 2 0.06112773 -0.22096404 0.73307407 2
2 0.16398482 -0.26132804 0.99662733 2 0.05327250 -0.22829837 0.73530442 2
2 0.16399881 -0.26132396 0.99662638 2 0.04836003 -0.23329243 0.73587936 2
2 0.16399622 -0.26132584 0.99660504 2 0.04497292 -0.23527159 0.73531055 2
2 0.16401470 -0.26133487 0.99652392 2 0.04399974 -0.23558603 0.73436767 2
2 0.16403662 -0.26135242 0.99649864 2 0.04401209 -0.23496871 0.73526496 2
2 0.16408186 -0.26135939 0.99644744 2 0.04497504 -0.23470315 0.73460650 2
2 0.16412629 -0.26133552 0.99639744 2 0.04510038 -0.23216957 0.73402518 2
2 0.16422196 -0.26125666 0.99635750 2 0.04609057 -0.22823760 0.73293555 2
2 0.16444740 -0.26105502 0.99633735 2 0.04637409 -0.22311229 0.73168361 2
2 0.16483051 -0.26066920 0.99631315 2 0.04689604 -0.21493863 0.73031652 2
2 0.16535378 -0.26011440 0.99613720 1 0.03510801 -0.18679847 0.72603917 2
2 0.16617616 -0.25954196 0.99581701 2 0.04672650 -0.19535281 0.72549903 2
2 0.16739260 -0.25884095 0.99532306 2 0.04688712 -0.18426898 0.72404766 2
2 0.16796710 -0.25909200 0.99342483 2 0.04690317 -0.16828971 0.71783054 2
2 0.16835842 -0.25964379 0.99148840 2 0.04712399 -0.15462998 0.71492249 2
2 0.16786292 -0.26160479 0.98778582 2 0.04543203 -0.13819984 0.70930177 2
2 0.16494930 -0.26647857 0.98286867 2 0.04472502 -0.11676539 0.70299536 2
2 0.17222241 -0.24763176 0.98665434 2 0.04186556 -0.09222987 0.69823509 2
2 0.15844266 -0.26490277 0.96996081 2 0.03639971 -0.06376164 0.69538981 2
2 0.14723624 -0.27582228 0.95858657 2 0.03799486 -0.04876262 0.69156080 2
2 0.14687590 -0.27576688 0.95832306 2 0.03983965 -0.03151098 0.69048989 2
2 0.14673908 -0.27491131 0.95837718 2 0.04119541 -0.01514250 0.68793851 2
2 0.14646241 -0.27203807 0.95884633 2 0.04336065 -0.00032318 0.68498272 2
2 0.14591329 -0.26928976 0.95918751 2 0.04451194 0.01726267 0.68402922 2
2 0.14596373 -0.26632342 0.95986784 2 0.04575281 0.03322336 0.68217045 2
2 0.14617701 -0.26438659 0.95987856 2 0.04667525 0.04526627 0.68262166 2
2 0.14693829 -0.26102942 0.95848709 2 0.04799964 0.05676856 0.68048573 2
1 0.14912786 -0.25939661 0.95795888 2 0.04977616 0.06354268 0.67983663 2
1 0.15081081 -0.25790033 0.95753467 2 0.05104008 0.07021682 0.68021166 2
1 0.15199600 -0.25676540 0.95717764 2 0.05211398 0.07569936 0.67991835 2
1 0.16828953 -0.23207106 0.95042735 2 0.05313549 0.07906891 0.67961580 2
1 0.17258510 -0.22405335 0.94829774 2 0.05343487 0.08250336 0.68159497 2
1 0.17261291 -0.22400634 0.94830066 2 0.05444302 0.08367584 0.68127012 2
1 0.17272532 -0.22396277 0.94831753 2 0.05449856 0.08411322 0.68055534 2
1 0.17291410 -0.22415516 0.94839048 2 0.05518104 0.08307189 0.67968887 2
1 0.17313001 -0.22451408 0.94847536 2 0.05632567 0.08055859 0.67775512 2
1 0.17377071 -0.22614889 0.94967681 2 0.05791155 0.07748405 0.67814124 2
1 0.16728961 -0.23863141 0.95260823 2 0.06103515 0.07315091 0.67664033 2
2 0.16305733 -0.23791796 0.95298225 2 0.06534368 0.06538607 0.67250872 2
1 0.16071719 -0.24033995 0.95382309 2 0.07131797 0.05716690 0.67526531 2
2 0.16019940 -0.24046406 0.95329946 2 0.07757382 0.04641109 0.67620665 2
1 0.15852931 -0.24290924 0.95397985 2 0.08585711 0.03734247 0.67842466 2
1 0.15752918 -0.24594697 0.95446223 2 0.09525105 0.02244936 0.67837596 2
1 0.15765516 -0.24801181 0.95471805 2 0.10645805 0.00966723 0.68160731 2
1 0.15793988 -0.24828592 0.95502388 2 0.11788218 -0.00129297 0.68353796 2
1 0.15718275 -0.25023514 0.95584130 2 0.13123448 -0.01232512 0.68702245 2
2 0.15662305 -0.25268963 0.95696223 2 0.14515868 -0.02943399 0.68746430 2
2 0.15531102 -0.25279999 0.96036994 2 0.15959777 -0.04835819 0.68922126 2
2 0.15422958 -0.25243336 0.96338427 2 0.17434700 -0.07092141 0.69234592 2
2 0.15469874 -0.25313970 0.96510494 2 0.19034457 -0.08668583 0.69492626 2
2 0.15579437 -0.25400504 0.96654117 2 0.20377171 -0.10682990 0.69990879 2
2 0.15629916 -0.25460285 0.96829766 2 0.21675120 -0.12275110 0.70525926 2
2 0.15610234 -0.25467661 0.97036046 2 0.22819021 -0.13960457 0.71043509 2
2 0.15560204 -0.25479922 0.97217470 2 0.23706764 -0.15467969 0.71588385 2
2 0.15516716 -0.25518113 0.97325200 2 0.24571264 -0.16672589 0.71993870 2
2 0.15481555 -0.25572568 0.97431886 2 0.25278366 -0.17717016 0.72512430 0
2 0.15460174 -0.25873289 0.98109156 2 0.25850463 -0.18586345 0.72827196 0
2 0.15437032 -0.26029536 0.98474902 2 0.26349324 -0.18536213 0.73212755 2
2 0.15432556 -0.26089928 0.98625600 2 0.26490882 -0.18755110 0.73112822 2
2 0.15419216 -0.26141122 0.98709810 2 0.26593241 -0.19523066 0.73236090 2
2 0.15414293 -0.26177922 0.98830557 2 0.26714733 -0.19882762 0.73577017 2
2 0.15413284 -0.26189962 0.98843813 2 0.26549742 -0.19723931 0.73133016 2
2 0.15408432 -0.26203978 0.98863947 2 0.26648843 -0.19714157 0.73154646 2
2 0.15404385 -0.26217645 0.98893678 2 0.28370699 -0.13870198 0.70193201 0
2 0.15401186 -0.26226199 0.98914176 2 0.26719457 -0.19238573 0.73122191 0
2 0.15392609 -0.26238683 0.98936683 2 0.26709875 -0.19115338 0.73184413 2
2 0.15388808 -0.26247472 0.98957396 2 0.26494318 -0.19426407 0.73325688 2
2 0.15356381 -0.26238379 0.98983097 2 0.26366249 -0.19604935 0.73420084 2
2 0.15350151 -0.26246130 0.99003589 2 0.26320398 -0.19607873 0.73756844 2
2 0.15349801 -0.26245627 0.99001181 2 0.26197171 -0.18293189 0.73094845 2
2 0.15351854 -0.26244825 0.99005443 2 0.26167619 -0.17068297 0.73277515 2
2 0.15313372 -0.26192808 0.99045640 2 0.25975171 -0.16161035 0.73204106 2
2 0.15314384 -0.26184869 0.99044341 2 0.25873786 -0.14846367 0.72923601 2
2 0.15316890 -0.26151925 0.99054652 2 0.25874868 -0.12998925 0.72801542 2
2 0.15349236 -0.26099849 0.99065089 2 0.25764665 -0.11308430 0.72579563 2
2 0.15395731 -0.26087877 0.99040490 2 0.25483653 -0.09309689 0.72358775 2
2 0.15426442 -0.26075158 0.98987234 2 0.25490126 -0.06764466 0.71737528 2
2 0.15459074 -0.26044732 0.98912227 2 0.25357670 -0.05051498 0.71438605 2
2 0.15457951 -0.25993025 0.98824334 2 0.25307739 -0.02858604 0.70725566 2
2 0.15434262 -0.25948966 0.98762083 2 0.25268027 -0.00759305 0.70347303 2
2 0.15391155 -0.25911215 0.98720610 2 0.25233027 0.00569856 0.70120955 2
2 0.15305044 -0.25867036 0.98651117 2 0.25173256 0.01866460 0.69458175 2
2 0.15250701 -0.25835547 0.98616171 2 0.25158846 0.02762270 0.69257373 2
2 0.15182692 -0.25800687 0.98572499 2 0.25007311 0.03286150 0.68889612 2
2 0.15144002 -0.25777739 0.98544824 2 0.24958180 0.03710102 0.68835515 2
2 0.15100087 -0.25751975 0.98509860 2 0.24779555 0.04107202 0.68707907 2
2 0.15064283 -0.25735933 0.98476052 2 0.24697906 0.04135494 0.68596500 2
2 0.15036473 -0.25721183 0.98453522 2 0.24654478 0.04260762 0.68437409 2
2 0.15011585 -0.25708461 0.98433882 2 0.24658766 0.04260791 0.68353945 2
2 0.14999613 -0.25703326 0.98428816 2 0.24735411 0.04170304 0.68537641 2
-999
