2 0.19577534 0.02816974 1.29274559 2 0.28461656 0.17451552 1.10839844 3
2 0.19607209 0.02807632 1.29259026 2 0.28522563 0.17419648 1.10944617 3
2 0.19633333 0.02803735 1.29260850 2 0.28536510 0.17285737 1.11148143 3
2 0.19655058 0.02805103 1.29239917 2 0.28392765 0.17198618 1.10801876 3
2 0.19679089 0.02814801 1.29193926 2 0.28326830 0.17232670 1.10721958 3
2 0.19699690 0.02819837 1.29157007 2 0.28344411 0.17280833 1.10687554 3
2 0.19726579 0.02820440 1.29144573 2 0.28485626 0.17421062 1.10793293 3
2 0.19745663 0.02820978 1.29126740 2 0.28584787 0.17439699 1.10598564 3
2 0.19767049 0.02821007 1.29124737 2 0.28698307 0.17456636 1.10666645 3
2 0.19784755 0.02825074 1.29123139 2 0.28775969 0.17582946 1.10955429 3
2 0.19800477 0.02825982 1.29116035 2 0.28766698 0.17552982 1.10732484 3
2 0.19828056 0.02824574 1.29107141 2 0.28823805 0.17542060 1.10741520 3
2 0.19851816 0.02821591 1.29099619 2 0.28789765 0.17608134 1.10862875 3
2 0.19876054 0.02820940 1.29074979 2 0.28782246 0.17440462 1.10588849 3
2 0.19896941 0.02821478 1.29076529 2 0.28772914 0.17398354 1.10737884 3
2 0.19931974 0.02808741 1.29003704 2 0.28631279 0.17383473 1.10390711 3
2 0.19948541 0.02807741 1.29009366 2 0.28810227 0.17478932 1.10975039 3
2 0.19965431 0.02806311 1.29003298 2 0.28746727 0.17448895 1.10758972 3
2 0.19986506 0.02815320 1.29003286 2 0.28737143 0.17521687 1.10788608 3
2 0.20008242 0.02811826 1.28966999 2 0.28693032 0.17480493 1.10521913 3
2 0.20026159 0.02812039 1.28963518 2 0.28812128 0.17519701 1.10791981 3
2 0.20046286 0.02816228 1.28980362 2 0.28850070 0.17584847 1.10957098 3
2 0.20063499 0.02818036 1.28994882 2 0.28918010 0.17523070 1.10857856 3
2 0.20087844 0.02817314 1.28971684 2 0.28866026 0.17483573 1.10561156 3
2 0.20101051 0.02815045 1.28973639 2 0.28935561 0.17479201 1.10833395 3
2 0.20118308 0.02818343 1.28988922 2 0.28952202 0.17499559 1.10910356 3
2 0.20138957 0.02817280 1.28967774 2 0.28874794 0.17395011 1.10630369 3
2 0.20150787 0.02816815 1.28969908 2 0.29066339 0.17354125 1.10856140 3
2 0.20176584 0.02822049 1.28998482 2 0.29199111 0.17300528 1.11104906 3
2 0.20191774 0.02822217 1.29011202 2 0.29284716 0.17264257 1.10884154 3
2 0.20231873 0.02815791 1.29067445 2 0.29360816 0.17326041 1.11196792 3
2 0.20243905 0.02813430 1.29064786 2 0.29262060 0.17301570 1.10812628 3
2 0.20254748 0.02812105 1.29071975 2 0.29291433 0.17351705 1.10961044 3
2 0.20267084 0.02814576 1.29069090 2 0.29348832 0.17360789 1.10920823 3
2 0.20286006 0.02811537 1.29050648 2 0.29282925 0.17327522 1.10677648 3
2 0.20300446 0.02809783 1.29042995 2 0.29315552 0.17343265 1.10790563 3
2 0.20317465 0.02811200 1.29053187 2 0.29404080 0.17366050 1.11050785 3
2 0.20328340 0.02807327 1.29046226 2 0.29363623 0.17369404 1.10790586 3
2 0.20347671 0.02804271 1.29019654 2 0.29297495 0.17372105 1.10623717 3
2 0.20358463 0.02804200 1.29008555 2 0.29334208 0.17391868 1.10660756 3
2 0.20382464 0.02798780 1.28994298 2 0.29313040 0.17442131 1.10607278 3
2 0.20408599 0.02784405 1.28923821 2 0.29233924 0.17446718 1.10401595 3
2 0.20422387 0.02768530 1.28796053 2 0.29109594 0.17420395 1.10221469 3
2 0.20425379 0.02769790 1.28794396 2 0.29308128 0.17521350 1.10785484 3
2 0.20431544 0.02769704 1.28778899 2 0.29251695 0.17482772 1.10506797 3
2 0.20439176 0.02763346 1.28667331 2 0.29138660 0.17404297 1.10054433 3
2 0.20441821 0.02763255 1.28663063 2 0.29229128 0.17490862 1.10497391 3
2 0.20445311 0.02762606 1.28625619 2 0.29183283 0.17522302 1.10300076 3
2 0.20445244 0.02762074 1.28618026 2 0.29196560 0.17521726 1.10413969 3
2 0.19526313 0.02812804 1.28790665 2 0.29311296 0.17521800 1.10561037 3
2 0.19704464 0.02810068 1.28721035 2 0.29242110 0.17512037 1.10360909 3
2 0.19821140 0.02819404 1.28675592 2 0.29206771 0.17536576 1.10384488 3
2 0.19897327 0.02823670 1.28657484 2 0.29220665 0.17526370 1.10435712 3
2 0.19968711 0.02841410 1.28615975 2 0.29218230 0.17509444 1.10300815 3
2 0.19402094 0.02870752 1.28720605 2 0.29235986 0.17498423 1.10350704 3
2 0.19630523 0.02877186 1.28534126 2 0.29075488 0.17571014 1.09970260 3
2 0.19770175 0.02882214 1.28483641 2 0.29228169 0.17566252 1.10266101 3
2 0.19860007 0.02880390 1.28450108 2 0.29200459 0.17565833 1.10178697 3
2 0.19929211 0.02882509 1.28411722 2 0.29174480 0.17542744 1.10096109 3
2 0.19993350 0.02886267 1.28414130 2 0.29264224 0.17555279 1.10346162 3
2 0.19386995 0.02906047 1.28577507 2 0.29244626 0.17562805 1.10255134 3
2 0.19609222 0.02904880 1.28434324 2 0.29152805 0.17504266 1.09945190 3
2 0.19732089 0.02911051 1.28387642 2 0.29192448 0.17523202 1.10053885 3
2 0.19844674 0.02907382 1.28316700 2 0.29186457 0.17535454 1.09970307 3
2 0.19912964 0.02912619 1.28269780 2 0.29189560 0.17506039 1.09963632 3
2 0.19972220 0.02913299 1.28232193 2 0.29194665 0.17546318 1.09947264 3
2 0.20013839 0.02909727 1.28224254 2 0.29254875 0.17524388 1.10106611 3
2 0.20052959 0.02912012 1.28234482 2 0.29239291 0.17575574 1.10158110 3
2 0.20088467 0.02912525 1.28235185 2 0.29259154 0.17570196 1.10202920 3
2 0.19426075 0.02909252 1.28456485 2 0.29291648 0.17588797 1.10296094 3
2 0.19634928 0.02912079 1.28392327 2 0.29194152 0.17629611 1.10179913 3
2 0.19754155 0.02899392 1.28337240 2 0.29246581 0.17572989 1.10079372 3
2 0.19839732 0.02895831 1.28312111 2 0.29286221 0.17566212 1.10144770 3
2 0.19900434 0.02892958 1.28281951 2 0.29271197 0.17573053 1.10110235 3
2 0.19950551 0.02887843 1.28257787 2 0.29282257 0.17535469 1.10168123 3
2 0.20006973 0.02888057 1.28235197 2 0.29272750 0.17511564 1.10072422 3
2 0.20051871 0.02887000 1.28217292 2 0.29286921 0.17472354 1.10110343 3
2 0.20080686 0.02877609 1.28227258 2 0.29301849 0.17558123 1.10400581 3
2 0.20106608 0.02874448 1.28204834 2 0.29218191 0.17526639 1.10032439 3
2 0.20129547 0.02873415 1.28194165 2 0.29269928 0.17556168 1.10204554 3
2 0.20155929 0.02871311 1.28175032 2 0.29220086 0.17556354 1.10065079 3
2 0.20176722 0.02872740 1.28167033 2 0.29267210 0.17548959 1.10153353 3
2 0.20192091 0.02873356 1.28160632 2 0.29298952 0.17580928 1.10199785 3
2 0.19432294 0.02888435 1.28429890 2 0.29352972 0.17520063 1.10316229 3
2 0.19623367 0.02873296 1.28394425 2 0.29333508 0.17528129 1.10363388 3
2 0.19260037 0.02883771 1.28530991 2 0.29401642 0.17561044 1.10562122 3
2 0.19510901 0.02867878 1.28444767 2 0.29323357 0.17487171 1.10286093 3
2 0.19208293 0.02872030 1.28544080 2 0.29393297 0.17497279 1.10361159 3
2 0.19512926 0.02839677 1.28446031 2 0.29326287 0.17526078 1.10283732 3
2 0.19679624 0.02836910 1.28391778 2 0.29311743 0.17511591 1.10219610 3
2 0.19806790 0.02853303 1.28369093 2 0.29309073 0.17505641 1.10217702 3
2 0.19872460 0.02848667 1.28343856 2 0.29357091 0.17483377 1.10225379 3
2 0.19925809 0.02846696 1.28334343 2 0.29298392 0.17532989 1.10256839 3
2 0.19974393 0.02837190 1.28326166 2 0.29323530 0.17521013 1.10326922 3
2 0.20018488 0.02836718 1.28286588 2 0.29223877 0.17501603 1.10083461 3
2 0.20055863 0.02836094 1.28283632 2 0.29340985 0.17497855 1.10262823 3
2 0.20081773 0.02832687 1.28281462 2 0.29351690 0.17493644 1.10316277 3
2 0.20104298 0.02831828 1.28286099 2 0.29341888 0.17516111 1.10358679 3
2 0.20142438 0.02831312 1.28300405 2 0.29379699 0.17544904 1.10535562 3
2 0.20163602 0.02833741 1.28303695 2 0.29372740 0.17543802 1.10538566 3
2 0.20180668 0.02835783 1.28306520 2 0.29346654 0.17550273 1.10422695 3
2 0.20190085 0.02838567 1.28308630 2 0.29332176 0.17590174 1.10454369 3
2 0.19434467 0.02866689 1.28519142 2 0.29340482 0.17537752 1.10447788 3
2 0.19151223 0.02886315 1.28598201 2 0.29353127 0.17566518 1.10504520 3
2 0.19481760 0.02887371 1.28396761 2 0.29223883 0.17562480 1.10139763 3
2 0.19642119 0.02890021 1.28388703 2 0.29353118 0.17511235 1.10452497 3
2 0.19753151 0.02882264 1.28368807 2 0.29304901 0.17539816 1.10368204 3
2 0.19272205 0.02894790 1.28551698 2 0.29374591 0.17504075 1.10523558 3
2 0.19523594 0.02890859 1.28507364 2 0.29300815 0.17484726 1.10378635 3
2 0.19632579 0.02872110 1.28453529 2 0.29242399 0.17517698 1.10288167 3
2 0.19230068 0.02886285 1.28611088 2 0.29378435 0.17565382 1.10751927 3
2 0.19027993 0.02888382 1.28669739 2 0.29390866 0.17509077 1.10517454 3
2 0.18901530 0.02899059 1.28732479 2 0.29430085 0.17528725 1.10645127 3
2 0.18813813 0.02902880 1.28761852 2 0.29430443 0.17487748 1.10562551 3
2 0.18742236 0.02908585 1.28778827 2 0.29333887 0.17457141 1.10412359 3
2 0.18689832 0.02910423 1.28814375 2 0.29465532 0.17443308 1.10735142 3
2 0.18647543 0.02907548 1.28827298 2 0.29333737 0.17482267 1.10598767 3
2 0.18606204 0.02903455 1.28838921 2 0.29321182 0.17445306 1.10634017 3
2 0.18574721 0.02906241 1.28861713 2 0.29390565 0.17509925 1.10712802 3
2 0.18550140 0.02907778 1.28871953 2 0.29307550 0.17516470 1.10690022 3
2 0.19183786 0.02871875 1.28613257 2 0.29160646 0.17470273 1.10317028 3
2 0.18989076 0.02876983 1.28681183 2 0.29245403 0.17524795 1.10621464 3
2 0.18852392 0.02881728 1.28726780 2 0.29283890 0.17466989 1.10481453 3
2 0.19290054 0.02862228 1.28556454 2 0.29150924 0.17546898 1.10501182 3
2 0.19051959 0.02865638 1.28644490 2 0.29231676 0.17577453 1.10788774 3
2 0.18899719 0.02869418 1.28690338 2 0.29173738 0.17534730 1.10560477 3
2 0.18796757 0.02880243 1.28729069 2 0.29290518 0.17481925 1.10622287 3
2 0.18719418 0.02880039 1.28745079 2 0.29170492 0.17527826 1.10539973 3
2 0.18654004 0.02883734 1.28769672 2 0.29207739 0.17539011 1.10678685 3
2 0.18608803 0.02886309 1.28787863 2 0.29216063 0.17497745 1.10487115 3
2 0.18571140 0.02885992 1.28794086 2 0.29193461 0.17509574 1.10571492 3
2 0.18540333 0.02889854 1.28811765 2 0.29238018 0.17551491 1.10649681 3
2 0.19157936 0.02888885 1.28420985 2 0.29053396 0.17428388 1.09994996 3
2 0.18951790 0.02880783 1.28490758 2 0.29123601 0.17532295 1.10348558 3
2 0.19293135 0.02887548 1.28351462 2 0.29096764 0.17485771 1.10137916 3
2 0.19448334 0.02892246 1.28300977 2 0.29125404 0.17453139 1.10207224 3
2 0.19554104 0.02879352 1.28266656 2 0.29199669 0.17454879 1.10250807 3
2 0.19164339 0.02870123 1.28421378 2 0.29185811 0.17511705 1.10451317 3
2 0.18960771 0.02872840 1.28490841 2 0.29187506 0.17481388 1.10312247 3
2 0.18841071 0.02868789 1.28533435 2 0.29180947 0.17487866 1.10380840 3
2 0.19250415 0.02866254 1.28369009 2 0.29120412 0.17469707 1.10094321 3
2 0.19459350 0.02856510 1.28307188 2 0.29155514 0.17527527 1.10196698 3
2 0.19137302 0.02858542 1.28437757 2 0.29256558 0.17495905 1.10319185 3
2 0.19440338 0.02873807 1.28203499 2 0.29066679 0.17448303 1.09818900 3
2 0.19583707 0.02857919 1.28180742 2 0.29314995 0.17377482 1.10140669 3
2 0.19179747 0.02862624 1.28381479 2 0.29315647 0.17466235 1.10393131 3
2 0.19404598 0.02827614 1.28269005 2 0.29255530 0.17375454 1.10023975 3
2 0.19575000 0.02826856 1.28213537 2 0.29364309 0.17367016 1.10107803 3
2 0.19698024 0.02813558 1.28206170 2 0.29316646 0.17411743 1.10131383 3
2 0.19774632 0.02812590 1.28162789 2 0.29239193 0.17437737 1.09995615 3
2 0.19847330 0.02818549 1.28139496 2 0.29289979 0.17488179 1.10112023 3
2 0.19912957 0.02822158 1.28094232 2 0.29315186 0.17404233 1.09917772 3
2 0.19958340 0.02823171 1.28091884 2 0.29383856 0.17485313 1.10237646 3
2 0.20005298 0.02820366 1.28108859 2 0.29404587 0.17449497 1.10332239 3
2 0.20054360 0.02828313 1.28020179 2 0.29218322 0.17387004 1.09690905 3
2 0.20085020 0.02832869 1.28016436 2 0.29335675 0.17446825 1.10061455 3
2 0.20116590 0.02845754 1.28004563 2 0.29310936 0.17414716 1.09970415 3
2 0.20132713 0.02850468 1.28002775 2 0.29365882 0.17437856 1.10132730 3
2 0.20158581 0.02858577 1.28007662 2 0.29375035 0.17504182 1.10269928 3
2 0.20178303 0.02859759 1.28011584 2 0.29427081 0.17418842 1.10128152 3
2 0.20196511 0.02864795 1.27995229 2 0.29353607 0.17418945 1.09949636 3
2 0.20223151 0.02869801 1.27967763 2 0.29336843 0.17462404 1.09928739 3
2 0.20245036 0.02872694 1.27932930 2 0.29380023 0.17380132 1.09802389 3
2 0.20263185 0.02877406 1.27922964 2 0.29351854 0.17441206 1.09964550 3
2 0.20277196 0.02882211 1.27907121 2 0.29332903 0.17425863 1.09861887 3
2 0.20290183 0.02886273 1.27910566 2 0.29396009 0.17436031 1.10069191 3
2 0.20299613 0.02887976 1.27904356 2 0.29384705 0.17361309 1.09924555 3
2 0.20312728 0.02895994 1.27902794 2 0.29347667 0.17363635 1.09840095 3
2 0.20322253 0.02897979 1.27896976 2 0.29332358 0.17430632 1.09989345 3
2 0.20330480 0.02899081 1.27896178 2 0.29373348 0.17367801 1.09901953 3
2 0.20336272 0.02897658 1.27903879 2 0.29514048 0.17341499 1.10141659 3
2 0.20342410 0.02895379 1.27911317 2 0.29440129 0.17445144 1.10207582 3
2 0.20348120 0.02897932 1.27899444 2 0.29345706 0.17349358 1.09760725 3
2 0.20355208 0.02894350 1.27878189 2 0.29219899 0.17402571 1.09698331 3
2 0.20363206 0.02893942 1.27846420 2 0.29306638 0.17312896 1.09625423 3
2 0.20365484 0.02892301 1.27856946 2 0.29341888 0.17394030 1.10031557 3
2 0.20365410 0.02891012 1.27860022 2 0.29349405 0.17311157 1.09951472 3
2 0.19442537 0.02903542 1.28283286 2 0.29406798 0.17408817 1.10114300 3
2 0.19637656 0.02887359 1.28221893 2 0.29373685 0.17343366 1.09909952 3
2 0.19760427 0.02886322 1.28228903 2 0.29383749 0.17383641 1.10028994 3
2 0.19832176 0.02881865 1.28210270 2 0.29333258 0.17429350 1.10013747 3
2 0.19878791 0.02872153 1.28196943 2 0.29298857 0.17474714 1.10084128 3
2 0.19929905 0.02868544 1.28184485 2 0.29337001 0.17389065 1.10019934 3
2 0.19336855 0.02878475 1.28387594 2 0.29278684 0.17475516 1.10125160 3
2 0.19514441 0.02868957 1.28327990 2 0.29232568 0.17436704 1.10042500 3
2 0.19642395 0.02862428 1.28287089 2 0.29268503 0.17358476 1.09904325 3
2 0.19716898 0.02864109 1.28260851 2 0.29188338 0.17415471 1.10026312 3
2 0.19764946 0.02866714 1.28218222 2 0.29108635 0.17393796 1.09832346 3
2 0.19237962 0.02868604 1.28450954 2 0.29295287 0.17382956 1.10159659 3
2 0.19005942 0.02877003 1.28554070 2 0.29330093 0.17408793 1.10287750 3
2 0.18863055 0.02885310 1.28617144 2 0.29308429 0.17404737 1.10305703 3
2 0.18758334 0.02886672 1.28639281 2 0.29195386 0.17403477 1.10114217 3
2 0.19203928 0.02887357 1.28435957 2 0.29114842 0.17397283 1.09936583 3
2 0.18971980 0.02888452 1.28519666 2 0.29210117 0.17443848 1.10257423 3
2 0.18830575 0.02893275 1.28562152 2 0.29217425 0.17400296 1.10101879 3
2 0.18731076 0.02889564 1.28591835 2 0.29238343 0.17395376 1.10140049 3
2 0.18651175 0.02893795 1.28621233 2 0.29262087 0.17383322 1.10093451 3
2 0.19134179 0.02879108 1.28416896 2 0.29107791 0.17431368 1.10032034 3
2 0.18924135 0.02886773 1.28560805 2 0.29374465 0.17397389 1.10554385 3
2 0.19230463 0.02879363 1.28464758 2 0.29177529 0.17394726 1.10097170 3
2 0.19000688 0.02880974 1.28530681 2 0.29214203 0.17421603 1.10160768 3
2 0.18858820 0.02882640 1.28571439 2 0.29240498 0.17430064 1.10109699 3
2 0.19242458 0.02872682 1.28403080 2 0.29217833 0.17424200 1.10032046 3
2 0.19007808 0.02867220 1.28495252 2 0.29295325 0.17431028 1.10161293 3
2 0.18871152 0.02863965 1.28550243 2 0.29311717 0.17441691 1.10285306 3
2 0.18775485 0.02866989 1.28612328 2 0.29375166 0.17455117 1.10435414 3
2 0.19264552 0.02823641 1.28442979 2 0.29328182 0.17380154 1.10101867 3
2 0.19032498 0.02826482 1.28514314 2 0.29305422 0.17441255 1.10180235 3
2 0.18891849 0.02836038 1.28575683 2 0.29383162 0.17419443 1.10249043 3
2 0.19290587 0.02820292 1.28371692 2 0.29254726 0.17417938 1.09919083 3
2 0.19508794 0.02820325 1.28310144 2 0.29318616 0.17389992 1.10006618 3
2 0.19179659 0.02839905 1.28472352 2 0.29457122 0.17397673 1.10374737 3
2 0.18990751 0.02855721 1.28562379 2 0.29423150 0.17437699 1.10302055 3
2 0.19386716 0.02832985 1.28481472 2 0.29367223 0.17448273 1.10154450 3
2 0.19594337 0.02825644 1.28459132 2 0.29319412 0.17449580 1.10204458 3
2 0.19221558 0.02845316 1.28586125 2 0.29395279 0.17426041 1.10228467 3
2 0.19494872 0.02835742 1.28437531 2 0.29269460 0.17393041 1.09943330 3
2 0.19659127 0.02823852 1.28408003 2 0.29381499 0.17435548 1.10250223 3
2 0.19748558 0.02810699 1.28361881 2 0.29276431 0.17426029 1.10028720 3
2 0.19287302 0.02827103 1.28550112 2 0.29429576 0.17422028 1.10370207 3
2 0.19538330 0.02816251 1.28465521 2 0.29295173 0.17450573 1.10158753 3
2 0.19211729 0.02823346 1.28569925 2 0.29313275 0.17451273 1.10183823 3
2 0.19464117 0.02807146 1.28480482 2 0.29313371 0.17476711 1.10199928 3
2 0.19167989 0.02824742 1.28602099 2 0.29423648 0.17409830 1.10380685 3
2 0.18991306 0.02828343 1.28653002 2 0.29303020 0.17432940 1.10155010 3
2 0.18876657 0.02832720 1.28678739 2 0.29296926 0.17525585 1.10313523 3
2 0.18793756 0.02837893 1.28717577 2 0.29378632 0.17467347 1.10363388 3
2 0.18731259 0.02836279 1.28729415 2 0.29323727 0.17475094 1.10327828 3
2 0.18684211 0.02838315 1.28738582 2 0.29352120 0.17509602 1.10356104 3
2 0.19226038 0.02817388 1.28517258 2 0.29262638 0.17441402 1.10056889 3
2 0.19455697 0.02794002 1.28421271 2 0.29308981 0.17409340 1.10031855 3
2 0.19620359 0.02785697 1.28358245 2 0.29247347 0.17487699 1.10069716 3
2 0.19236198 0.02799601 1.28503072 2 0.29414010 0.17453399 1.10268354 3
2 0.19502452 0.02787008 1.28403974 2 0.29303375 0.17399545 1.09986222 3
2 0.19646098 0.02787025 1.28348124 2 0.29288337 0.17438543 1.10055530 3
2 0.19235019 0.02795888 1.28485847 2 0.29324791 0.17489526 1.10245168 3
2 0.19492319 0.02796530 1.28314984 2 0.29205808 0.17408840 1.09760976 3
2 0.19155777 0.02813998 1.28436089 2 0.29374853 0.17425151 1.10026097 3
2 0.19455300 0.02801823 1.28323436 2 0.29236743 0.17428893 1.09985149 3
2 0.19618753 0.02798198 1.28241014 2 0.29218289 0.17446972 1.09930766 3
2 0.19728297 0.02792965 1.28149104 2 0.29200652 0.17411323 1.09709752 3
2 0.19790904 0.02789290 1.28130507 2 0.29271993 0.17489611 1.10031235 3
2 0.19856846 0.02789431 1.28101611 2 0.29320630 0.17425489 1.09939098 3
2 0.19905846 0.02789554 1.28067923 2 0.29213592 0.17472419 1.09831762 3
2 0.19940825 0.02789088 1.28052282 2 0.29318723 0.17425036 1.09882581 3
2 0.19348541 0.02817988 1.28307760 2 0.29357311 0.17491019 1.10214627 3
2 0.19573388 0.02822356 1.28216386 2 0.29300389 0.17503750 1.09956586 3
2 0.19692899 0.02821839 1.28126895 2 0.29236659 0.17421593 1.09726858 3
2 0.19784987 0.02827143 1.28093731 2 0.29317978 0.17411545 1.09890223 3
2 0.19852649 0.02825982 1.28056383 2 0.29312345 0.17460020 1.09981763 3
2 0.19912647 0.02826901 1.28012419 2 0.29260322 0.17406639 1.09728563 3
2 0.19961333 0.02827112 1.27977765 2 0.29298612 0.17394990 1.09770465 3
2 0.20002966 0.02829583 1.27921033 2 0.29238462 0.17347908 1.09450221 3
2 0.20034522 0.02838449 1.27890360 2 0.29297370 0.17358287 1.09690821 3
2 0.20063387 0.02839163 1.27882612 2 0.29312199 0.17409599 1.09825587 3
2 0.20084789 0.02840879 1.27876449 2 0.29331860 0.17427094 1.09888411 3
2 0.20103732 0.02844471 1.27871013 2 0.29353890 0.17406133 1.09875536 3
2 0.20118465 0.02840357 1.27884352 2 0.29366079 0.17438565 1.10043883 3
2 0.20138581 0.02846525 1.27878118 2 0.29286331 0.17462090 1.09922385 3
2 0.20156704 0.02842161 1.27829170 2 0.29234448 0.17325912 1.09430933 3
2 0.20167173 0.02842844 1.27837050 2 0.29331499 0.17445044 1.09993637 3
2 0.20174929 0.02843666 1.27839053 2 0.29307887 0.17440782 1.09936774 3
2 0.20182174 0.02844798 1.27837181 2 0.29305536 0.17366572 1.09771097 3
2 0.20199794 0.02847202 1.27864861 2 0.29411137 0.17389940 1.09968019 3
2 0.20211259 0.02853858 1.27871251 2 0.29306677 0.17445864 1.10016358 3
2 0.20216747 0.02855941 1.27881503 2 0.29379097 0.17422391 1.10044324 3
2 0.20221554 0.02850942 1.27851164 2 0.29192695 0.17332056 1.09454060 3
2 0.20223933 0.02854852 1.27856052 2 0.29341832 0.17356153 1.09860182 3
2 0.20225295 0.02856622 1.27856779 2 0.29302371 0.17383492 1.09797716 3
2 0.20229818 0.02856455 1.27857733 2 0.29272345 0.17384334 1.09814632 3
2 0.20232302 0.02855682 1.27858448 2 0.29340714 0.17358895 1.09863949 3
2 0.20233367 0.02856375 1.27857220 2 0.29265097 0.17402892 1.09826875 3
2 0.20237561 0.02853207 1.27830791 2 0.29203123 0.17335132 1.09525466 3
2 0.20239314 0.02853728 1.27830052 2 0.29215917 0.17388771 1.09785974 3
2 0.20242098 0.02854212 1.27831519 2 0.29277635 0.17324980 1.09642088 3
2 0.20246615 0.02854684 1.27826452 2 0.29202491 0.17354636 1.09606504 3
2 0.20247731 0.02854077 1.27825892 2 0.29273510 0.17343518 1.09681451 3
2 0.20248452 0.02854399 1.27825463 2 0.29266572 0.17360991 1.09687126 3
2 0.20248584 0.02854268 1.27825236 2 0.29193822 0.17404981 1.09781599 3
2 0.20249052 0.02853013 1.27824700 2 0.29233751 0.17369607 1.09702563 3
2 0.20253550 0.02855679 1.27802706 2 0.29138240 0.17381692 1.09508812 3
2 0.19372071 0.02860322 1.28226948 2 0.29259533 0.17497019 1.10110199 3
2 0.19079024 0.02857731 1.28338861 2 0.29339764 0.17397204 1.09927809 3
2 0.19431281 0.02897278 1.28159988 2 0.29198137 0.17382219 1.09697378 3
2 0.19606733 0.02874577 1.27995098 2 0.29170421 0.17315191 1.09391379 3
2 0.19710597 0.02865224 1.27965569 2 0.29228532 0.17406626 1.09769869 3
2 0.19780567 0.02867876 1.27902186 2 0.29143238 0.17386472 1.09613132 3
2 0.19833879 0.02871045 1.27890766 2 0.29254994 0.17359030 1.09739757 3
2 0.19881475 0.02869581 1.27881086 2 0.29229268 0.17405874 1.09800744 3
2 0.19932722 0.02867472 1.27902079 2 0.29358691 0.17363320 1.09819257 3
2 0.19966790 0.02869912 1.27884042 2 0.29254746 0.17377405 1.09690690 3
2 0.19994970 0.02876427 1.27876997 2 0.29269856 0.17385209 1.09777927 3
2 0.20036846 0.02878365 1.27802289 2 0.29115310 0.17366131 1.09409428 3
2 0.20054851 0.02875954 1.27814317 2 0.29315820 0.17387988 1.09874189 3
2 0.20072126 0.02877694 1.27799833 2 0.29247203 0.17363611 1.09544766 3
2 0.19343764 0.02891283 1.28191519 2 0.29401541 0.17405935 1.10069025 3
2 0.19554406 0.02880898 1.28107810 2 0.29314548 0.17343487 1.09690964 3
2 0.19682369 0.02887193 1.28056145 2 0.29287857 0.17363131 1.09735310 3
2 0.19768186 0.02887428 1.28059733 2 0.29411936 0.17377166 1.09871578 3
2 0.19840501 0.02889038 1.28026462 2 0.29245561 0.17390686 1.09757507 3
2 0.19911693 0.02892279 1.27951324 2 0.29159969 0.17328337 1.09450614 3
2 0.19949067 0.02895404 1.27927423 2 0.29145202 0.17360434 1.09506261 3
2 0.19990921 0.02894847 1.27923942 2 0.29287821 0.17316581 1.09625828 3
2 0.20021901 0.02897862 1.27893806 2 0.29169407 0.17358699 1.09511518 3
2 0.20048317 0.02897823 1.27878416 2 0.29215574 0.17360476 1.09622025 3
2 0.20083475 0.02896175 1.27852333 2 0.29148829 0.17320982 1.09480143 3
2 0.20106688 0.02891396 1.27869987 2 0.29292041 0.17390944 1.09903622 3
2 0.20124947 0.02889078 1.27884543 2 0.29270086 0.17390527 1.09877527 3
2 0.20136161 0.02891170 1.27884781 2 0.29294768 0.17330043 1.09676874 3
2 0.20150888 0.02892642 1.27890444 2 0.29275778 0.17343763 1.09701347 3
2 0.20161101 0.02894955 1.27879858 2 0.29169750 0.17356968 1.09532797 3
2 0.20171964 0.02894688 1.27875686 2 0.29141590 0.17404085 1.09714484 3
2 0.20182683 0.02893570 1.27887416 2 0.29337674 0.17382848 1.09888923 3
2 0.20195228 0.02894076 1.27892518 2 0.29245993 0.17349167 1.09699166 3
2 0.20203890 0.02897037 1.27888072 2 0.29153582 0.17342402 1.09560013 3
2 0.20210037 0.02901545 1.27888155 2 0.29139876 0.17372340 1.09583986 3
2 0.20217207 0.02900792 1.27888227 2 0.29183605 0.17370652 1.09574544 3
2 0.20223823 0.02901060 1.27888286 2 0.29140475 0.17420319 1.09650934 3
2 0.20226492 0.02898771 1.27888370 2 0.29138032 0.17394902 1.09648585 3
2 0.20230852 0.02897500 1.27897084 2 0.29193762 0.17373456 1.09669077 3
2 0.20234250 0.02899129 1.27893841 2 0.29120666 0.17394949 1.09560597 3
2 0.20236608 0.02897981 1.27893782 2 0.29116648 0.17383744 1.09599304 3
2 0.20242117 0.02893094 1.27903068 2 0.29157135 0.17392246 1.09694123 3
2 0.20243979 0.02892747 1.27902865 2 0.29091388 0.17416462 1.09635007 3
2 0.20249119 0.02894537 1.27893078 2 0.29041192 0.17369302 1.09449947 3
2 0.20255831 0.02892056 1.27902329 2 0.29121879 0.17426442 1.09697914 3
2 0.20261101 0.02893388 1.27910364 2 0.29131398 0.17440374 1.09737766 3
2 0.20263928 0.02891840 1.27906752 2 0.29097548 0.17404045 1.09621119 3
2 0.20265463 0.02890366 1.27906442 2 0.29122224 0.17354350 1.09564376 3
2 0.19406956 0.02871098 1.28278148 2 0.29198647 0.17361459 1.09792960 3
2 0.19603236 0.02846770 1.28199637 2 0.29146555 0.17372419 1.09648407 3
2 0.19745967 0.02855645 1.28108120 2 0.29043522 0.17377667 1.09468234 3
2 0.19262466 0.02850150 1.28340626 2 0.29199737 0.17390317 1.09893906 3
2 0.19497116 0.02832289 1.28263748 2 0.29164669 0.17309250 1.09672070 3
2 0.19648656 0.02826655 1.28215551 2 0.29115683 0.17353290 1.09678638 3
2 0.19738537 0.02819831 1.28184831 2 0.29199070 0.17287400 1.09629726 3
2 0.19826861 0.02815081 1.28158629 2 0.29152420 0.17329325 1.09683037 3
2 0.19885294 0.02812628 1.28150904 2 0.29235247 0.17313857 1.09791434 3
2 0.19943570 0.02817935 1.28108513 2 0.29025039 0.17320237 1.09515548 3
2 0.19982520 0.02817135 1.28077495 2 0.29016587 0.17305690 1.09463930 3
2 0.20012599 0.02821492 1.28052664 2 0.29078880 0.17299703 1.09483409 3
2 0.20031770 0.02824659 1.28054750 2 0.29133826 0.17258504 1.09582102 3
2 0.20054117 0.02827501 1.28043306 2 0.29006493 0.17311548 1.09431756 3
2 0.20069952 0.02826861 1.28040278 2 0.29112351 0.17272188 1.09496653 3
2 0.20081204 0.02825405 1.28032625 2 0.29037258 0.17315218 1.09496176 3
2 0.20092437 0.02827284 1.28025413 2 0.29034668 0.17317724 1.09547400 3
2 0.20105840 0.02827971 1.28018129 2 0.29009894 0.17293702 1.09486258 3
2 0.20125560 0.02828305 1.27992427 2 0.28979817 0.17309843 1.09438396 3
2 0.20133436 0.02826698 1.27992308 2 0.29070050 0.17316499 1.09594631 3
2 0.20148471 0.02825171 1.27980077 2 0.29015422 0.17306493 1.09400487 3
2 0.20168643 0.02822804 1.27910984 2 0.28904009 0.17276120 1.09158719 3
2 0.20173852 0.02824477 1.27900672 2 0.28978539 0.17301112 1.09386778 3
2 0.20179267 0.02823203 1.27891135 2 0.28994396 0.17284700 1.09341574 3
2 0.20182760 0.02823019 1.27891159 2 0.29043803 0.17326242 1.09467769 3
2 0.20187497 0.02823531 1.27891183 2 0.29116246 0.17238517 1.09409940 3
2 0.20197120 0.02827767 1.27880657 2 0.29013029 0.17295304 1.09344673 3
2 0.20200774 0.02828298 1.27884102 2 0.29063246 0.17313607 1.09569871 3
2 0.20208944 0.02825466 1.27853692 2 0.28945962 0.17323852 1.09229946 3
2 0.20216297 0.02822893 1.27859628 2 0.29098544 0.17307590 1.09503937 3
2 0.20219472 0.02822065 1.27853632 2 0.29034537 0.17376699 1.09421563 3
2 0.19361646 0.02838562 1.28227711 2 0.29153743 0.17351674 1.09710205 3
2 0.19560853 0.02822240 1.28065276 2 0.28994480 0.17354994 1.09230614 3
2 0.19690286 0.02821504 1.27985227 2 0.29030031 0.17357129 1.09262431 3
2 0.19788545 0.02832130 1.27890086 2 0.28981024 0.17321348 1.09126306 3
2 0.19855756 0.02826893 1.27840507 2 0.29045734 0.17308336 1.09217739 3
2 0.19901879 0.02825837 1.27816248 2 0.29056320 0.17347318 1.09315217 3
2 0.19957805 0.02828787 1.27749562 2 0.28961933 0.17332223 1.09027314 3
2 0.19993928 0.02824333 1.27726912 2 0.29023421 0.17308924 1.09220207 3
2 0.20018822 0.02823885 1.27724791 2 0.29169074 0.17280683 1.09372222 3
2 0.20045123 0.02816453 1.27729845 2 0.29111892 0.17337565 1.09463406 3
2 0.20068254 0.02815346 1.27720749 2 0.29040802 0.17300631 1.09240627 3
2 0.20089374 0.02813003 1.27695131 2 0.29003584 0.17303526 1.09091008 3
2 0.20109056 0.02812913 1.27681983 2 0.29064038 0.17325349 1.09220731 3
2 0.20126531 0.02813022 1.27677047 2 0.29055306 0.17266223 1.09133589 3
2 0.20138469 0.02815717 1.27673149 2 0.29119578 0.17282327 1.09168458 3
2 0.20162293 0.02819108 1.27689624 2 0.29152238 0.17321436 1.09491301 3
2 0.20188510 0.02816641 1.27638054 2 0.28981054 0.17286849 1.08968544 3
2 0.20196743 0.02818044 1.27636468 2 0.29108205 0.17340121 1.09254968 3
2 0.20206480 0.02818049 1.27623224 2 0.29110327 0.17255250 1.09037483 3
2 0.20215607 0.02818114 1.27631676 2 0.29226235 0.17268914 1.09331381 3
2 0.20229471 0.02827060 1.27641606 2 0.29134929 0.17341508 1.09415197 3
2 0.20239602 0.02831243 1.27634537 2 0.29146552 0.17282365 1.09201670 3
2 0.20248988 0.02829610 1.27621531 2 0.29099026 0.17259765 1.09085250 3
2 0.20258299 0.02829790 1.27620554 2 0.29156655 0.17265385 1.09231448 3
2 0.20269078 0.02830994 1.27619541 2 0.29110366 0.17347108 1.09313583 3
2 0.20278132 0.02832063 1.27614164 2 0.29122451 0.17274500 1.09223700 3
2 0.20293039 0.02829143 1.27561522 2 0.29015562 0.17257629 1.08872092 3
2 0.20304935 0.02825003 1.27585924 2 0.29293948 0.17286457 1.09471560 3
2 0.20310469 0.02825912 1.27589989 2 0.29189587 0.17288305 1.09306931 3
2 0.20318949 0.02827073 1.27590334 2 0.29166955 0.17310423 1.09268785 3
2 0.20330787 0.02823609 1.27571273 2 0.29132757 0.17278169 1.09129703 3
2 0.20343377 0.02825066 1.27577817 2 0.29237744 0.17295687 1.09389913 3
2 0.20350283 0.02824806 1.27578568 2 0.29148126 0.17310812 1.09275758 3
2 0.20370458 0.02828562 1.27616596 2 0.29253867 0.17383063 1.09698105 3
2 0.20380661 0.02826232 1.27611017 2 0.29211956 0.17328596 1.09380853 3
2 0.20384032 0.02826296 1.27601886 2 0.29224110 0.17230177 1.09204197 3
2 0.20387258 0.02827873 1.27601814 2 0.29202062 0.17334796 1.09386516 3
2 0.20394062 0.02820920 1.27620614 2 0.29317039 0.17310306 1.09632003 3
2 0.20397390 0.02821598 1.27627325 2 0.29231060 0.17340438 1.09481418 3
2 0.20400803 0.02822610 1.27629268 2 0.29190731 0.17309693 1.09340084 3
2 0.20409209 0.02822133 1.27671981 2 0.29320964 0.17335233 1.09654200 3
2 0.20411609 0.02820140 1.27672613 2 0.29240602 0.17300470 1.09388173 3
2 0.20412770 0.02821231 1.27675903 2 0.29220188 0.17378469 1.09587729 3
2 0.20413826 0.02822742 1.27676308 2 0.29167759 0.17364527 1.09443617 3
2 0.20416540 0.02822924 1.27679801 2 0.29278868 0.17311971 1.09475982 3
2 0.20420797 0.02826654 1.27690017 2 0.29270250 0.17319557 1.09509122 3
2 0.20423715 0.02828244 1.27693141 2 0.29211432 0.17322159 1.09474576 3
2 0.20425931 0.02827059 1.27695882 2 0.29208204 0.17353253 1.09514225 3
2 0.20429896 0.02825431 1.27713633 2 0.29235893 0.17363147 1.09629285 3
2 0.20430209 0.02825461 1.27713537 2 0.29169932 0.17343514 1.09419096 3
2 0.20429699 0.02826039 1.27719963 2 0.29249710 0.17337908 1.09635305 3
2 0.20431398 0.02823430 1.27721977 2 0.29245967 0.17333730 1.09593844 3
2 0.20432037 0.02821012 1.27748823 2 0.29258683 0.17381494 1.09821844 3
2 0.20431945 0.02821374 1.27752972 2 0.29240620 0.17352617 1.09638846 3
2 0.20432584 0.02820539 1.27757001 2 0.29210827 0.17301124 1.09406054 3
2 0.20432958 0.02820730 1.27757430 2 0.29266772 0.17304538 1.09415555 3
2 0.20433359 0.02816570 1.27751434 2 0.29170033 0.17319556 1.09385121 3
2 0.20433725 0.02813657 1.27763152 2 0.29266790 0.17322078 1.09578300 3
2 0.20432310 0.02812492 1.27757549 2 0.29147860 0.17309192 1.09282041 3
2 0.20435420 0.02816599 1.27779913 2 0.29259712 0.17380492 1.09719670 3
2 0.20435865 0.02816408 1.27780080 2 0.29204178 0.17327362 1.09526360 3
2 0.20435613 0.02816228 1.27780223 2 0.29247269 0.17293169 1.09469724 3
2 0.19449952 0.02844455 1.28265154 2 0.29397514 0.17331809 1.09868753 3
2 0.19701594 0.02832833 1.28076649 2 0.29124188 0.17348941 1.09342504 3
2 0.19807869 0.02820193 1.28034818 2 0.29192874 0.17287146 1.09400225 3
2 0.19910344 0.02817543 1.27948928 2 0.29248297 0.17301296 1.09314537 3
2 0.19988512 0.02805603 1.27886403 2 0.29175785 0.17297444 1.09317803 3
2 0.20027171 0.02805993 1.27869368 2 0.29187143 0.17349786 1.09462821 3
2 0.20071766 0.02801999 1.27814698 2 0.29135001 0.17319888 1.09278905 3
2 0.20095991 0.02801551 1.27806497 2 0.29244015 0.17316772 1.09435058 3
2 0.20131570 0.02801853 1.27832711 2 0.29284361 0.17378938 1.09754968 3
2 0.20153393 0.02802992 1.27830279 2 0.29241130 0.17365156 1.09534824 3
2 0.20176883 0.02806820 1.27802539 2 0.29160389 0.17314838 1.09327102 3
2 0.20205922 0.02801242 1.27776122 2 0.29164520 0.17284280 1.09209847 3
2 0.20240662 0.02808583 1.27760816 2 0.29192448 0.17335637 1.09426880 3
2 0.20259455 0.02807548 1.27750432 2 0.29217887 0.17329220 1.09371936 3
2 0.20286617 0.02814131 1.27719009 2 0.29174027 0.17304410 1.09255254 3
2 0.20301351 0.02817688 1.27705312 2 0.29200107 0.17300209 1.09334314 3
2 0.20318161 0.02822067 1.27698982 2 0.29172075 0.17336266 1.09352446 3
2 0.20332667 0.02823496 1.27693534 2 0.29169846 0.17339076 1.09372663 3
2 0.20343442 0.02825743 1.27689028 2 0.29185811 0.17306237 1.09382069 3
2 0.20352049 0.02826565 1.27685213 2 0.29137945 0.17337631 1.09313095 3
2 0.20359309 0.02827917 1.27685678 2 0.29204214 0.17291455 1.09324777 3
2 0.20374708 0.02831264 1.27708149 2 0.29260832 0.17357202 1.09674132 3
2 0.20394057 0.02830475 1.27729356 2 0.29375634 0.17280261 1.09537876 3
2 0.20403226 0.02828099 1.27716684 2 0.29210678 0.17265750 1.09261131 3
2 0.20412479 0.02831883 1.27720213 2 0.29208890 0.17341794 1.09521890 3
2 0.20419762 0.02829963 1.27728260 2 0.29251137 0.17310552 1.09515619 3
2 0.20423755 0.02831552 1.27727389 2 0.29168627 0.17291202 1.09284091 3
2 0.20430990 0.02830381 1.27722025 2 0.29147169 0.17280465 1.09308088 3
2 0.20443371 0.02839051 1.27667606 2 0.29077542 0.17268996 1.09047616 3
2 0.20449336 0.02843268 1.27652383 2 0.29126400 0.17235014 1.09089518 3
2 0.20451774 0.02844966 1.27647245 2 0.29139361 0.17274700 1.09231210 3
2 0.20454003 0.02846054 1.27642548 2 0.29137176 0.17288893 1.09254086 3
2 0.20455702 0.02848758 1.27644002 2 0.29178315 0.17296727 1.09339452 3
2 0.20455168 0.02851803 1.27632201 2 0.29126289 0.17236131 1.09077001 3
2 0.20455669 0.02855851 1.27627730 2 0.29142734 0.17270042 1.09197259 3
2 0.20457025 0.02857636 1.27627158 2 0.29177281 0.17256445 1.09137976 3
2 0.20453338 0.02855558 1.27573824 2 0.29016259 0.17222711 1.08857298 3
2 0.20455615 0.02856748 1.27572083 2 0.29143199 0.17307594 1.09267199 3
2 0.20457956 0.02856734 1.27566099 2 0.29093131 0.17259197 1.09034038 3
2 0.20456645 0.02857549 1.27552593 2 0.29128283 0.17226927 1.08994091 3
2 0.20463300 0.02865345 1.27566898 2 0.29183656 0.17342141 1.09398878 3
2 0.20463774 0.02865332 1.27567267 2 0.29119432 0.17256482 1.09161830 3
2 0.20467076 0.02868842 1.27560794 2 0.29115561 0.17270352 1.09159565 3
2 0.20474228 0.02873078 1.27584147 2 0.29251009 0.17292067 1.09516585 3
2 0.20477045 0.02872766 1.27587497 2 0.29203135 0.17310984 1.09378338 3
2 0.20478036 0.02872341 1.27587688 2 0.29191336 0.17223476 1.09111941 3
2 0.20481263 0.02872070 1.27571654 2 0.29101020 0.17259537 1.09146845 3
2 0.20482171 0.02872363 1.27572060 2 0.29154503 0.17288765 1.09271646 3
2 0.20482387 0.02873095 1.27570927 2 0.29194936 0.17219040 1.09150994 3
2 0.20483787 0.02874232 1.27574527 2 0.29211605 0.17269498 1.09378123 3
2 0.20487015 0.02873192 1.27575183 2 0.29197440 0.17214565 1.09293818 3
2 0.20489228 0.02871388 1.27568853 2 0.29130310 0.17261176 1.09204555 3
2 0.20491832 0.02869513 1.27573013 2 0.29332972 0.17215845 1.09425902 3
2 0.20493299 0.02868835 1.27567172 2 0.29135948 0.17213482 1.09202266 3
2 0.20495704 0.02866818 1.27561259 2 0.29143193 0.17212309 1.09125841 3
2 0.20497118 0.02866769 1.27560174 2 0.29173639 0.17178525 1.09247816 3
2 0.20501643 0.02866161 1.27561378 2 0.29258263 0.17147924 1.09171045 3
2 0.20508111 0.02861706 1.27574122 2 0.29225719 0.17241612 1.09497416 3
2 0.20509556 0.02859819 1.27577746 2 0.29236096 0.17183855 1.09285808 3
2 0.20513804 0.02860164 1.27562571 2 0.29112428 0.17170772 1.09009969 3
2 0.20515716 0.02857115 1.27567172 2 0.29214546 0.17196287 1.09276116 3
2 0.20518488 0.02850048 1.27589560 2 0.29344985 0.17180531 1.09516442 3
2 0.20519523 0.02848177 1.27592444 2 0.29255652 0.17160742 1.09261870 3
2 0.20522551 0.02846207 1.27592635 2 0.29221553 0.17183098 1.09303236 3
2 0.20525205 0.02843707 1.27595890 2 0.29243287 0.17175309 1.09346664 3
2 0.20527044 0.02842494 1.27598572 2 0.29229233 0.17181078 1.09349906 3
2 0.20530540 0.02840459 1.27607107 2 0.29255059 0.17127763 1.09311116 3
2 0.20530552 0.02828816 1.27626133 2 0.29240519 0.17179824 1.09504664 3
2 0.20534411 0.02824381 1.27633405 2 0.29261729 0.17132963 1.09451306 3
2 0.20535511 0.02822548 1.27629554 2 0.29171562 0.17089619 1.09110510 3
2 0.20540470 0.02816265 1.27645087 2 0.29284903 0.17145419 1.09506881 3
2 0.20543028 0.02815345 1.27646375 2 0.29179353 0.17203394 1.09346759 3
2 0.20550333 0.02812989 1.27671170 2 0.29274654 0.17314851 1.09487677 3
2 0.20552903 0.02811108 1.27656674 2 0.28956950 0.17757420 1.09181321 3
2 0.20558348 0.02809552 1.27668941 2 0.28853068 0.19093481 1.09936392 3
2 0.20554774 0.02784730 1.27664185 2 0.29242867 0.20143241 1.09842825 2
-999
