2 0.16422032 -0.29339880 0.97455746 2 0.24913454 0.02473983 0.72193658 3
2 0.16285776 -0.29376629 0.97484154 2 0.25898343 0.00381015 0.72643352 3
2 0.16191134 -0.29406053 0.97520715 2 0.26177996 0.00377990 0.72778606 3
2 0.16051659 -0.29356197 0.97550714 2 0.26329836 0.00428958 0.72547340 3
2 0.16021211 -0.29370427 0.97548825 2 0.26206240 0.01538090 0.72267723 3
2 0.15971729 -0.29388297 0.97547525 2 0.26505247 0.01590807 0.72343898 3
2 0.15976168 -0.29384407 0.97553974 2 0.26776490 0.01654977 0.72415161 3
2 0.15903929 -0.29367447 0.97563863 2 0.27139473 0.01728536 0.72538149 3
2 0.15869208 -0.29374382 0.97559619 2 0.27461821 0.01820799 0.72418416 3
2 0.15874746 -0.29373726 0.97568643 2 0.27970362 0.02011702 0.72539937 3
2 0.15836795 -0.29374802 0.97574079 2 0.28645501 0.01946007 0.72481638 3
2 0.15794455 -0.29365480 0.97577167 2 0.29250908 0.02250680 0.72220278 3
2 0.15758964 -0.29347509 0.97568756 2 0.29852995 0.02797261 0.71960825 3
2 0.15855195 -0.29295963 0.97626156 2 0.30887544 0.03088223 0.72146976 3
2 0.15922633 -0.29000586 0.97793633 2 0.31943840 0.02999055 0.71966612 3
2 0.16056441 -0.28901425 0.97856700 2 0.33052740 0.02429205 0.71851540 3
2 0.16189487 -0.28853053 0.97902042 2 0.34101632 0.01750855 0.71808487 3
2 0.16252956 -0.28830510 0.97922790 2 0.34917423 0.00733775 0.71800053 3
2 0.16493095 -0.29090649 0.97755104 2 0.35292107 -0.00420644 0.71444428 3
2 0.16655804 -0.29247302 0.97662044 2 0.35517496 -0.02825778 0.71719551 3
2 0.16760960 -0.29361022 0.97607011 2 0.35216287 -0.04526098 0.71639770 3
2 0.16833577 -0.29464057 0.97550452 2 0.34546778 -0.06357824 0.71298099 3
2 0.16889450 -0.29542068 0.97519767 2 0.33389229 -0.07485759 0.71171081 3
2 0.16936058 -0.29602367 0.97506195 2 0.32670516 -0.09853243 0.71201247 3
2 0.16969635 -0.29661769 0.97495633 2 0.31745917 -0.10980656 0.70831865 3
2 0.17036805 -0.29596022 0.97633517 2 0.30802172 -0.12282005 0.70635140 3
2 0.17060548 -0.29587200 0.97681665 2 0.29343206 -0.12955178 0.70459265 3
2 0.17003889 -0.29600167 0.97695786 2 0.27705488 -0.12586507 0.69862312 3
2 0.16942826 -0.29654676 0.97673100 2 0.26148662 -0.12408914 0.69521391 3
2 0.16833870 -0.29744902 0.97618032 2 0.24963774 -0.12250959 0.69463342 3
2 0.16763695 -0.29797852 0.97573543 2 0.23577324 -0.11549488 0.69202286 3
2 0.16675067 -0.29837996 0.97534233 2 0.22211134 -0.10474177 0.68915659 3
2 0.16527745 -0.29848930 0.97523791 2 0.21101958 -0.09431186 0.69119745 3
2 0.16422039 -0.29841954 0.97512263 2 0.20398191 -0.08577542 0.69239026 3
2 0.16311535 -0.29833966 0.97472024 2 0.19778949 -0.07291001 0.69257760 3
2 0.16205163 -0.29821467 0.97422600 2 0.19558023 -0.06305555 0.69424057 3
2 0.16153713 -0.29810578 0.97349346 2 0.19422461 -0.05031698 0.69665372 3
2 0.16108522 -0.29825231 0.97237080 2 0.19352932 -0.03779339 0.69789994 3
2 0.16086474 -0.29870778 0.97144431 2 0.18721385 -0.00892948 0.69880652 3
2 0.16084947 -0.29874742 0.97066838 2 0.19312799 -0.00360206 0.70053923 3
2 0.16110371 -0.29827216 0.97018456 2 0.19621815 0.01470986 0.70320201 3
2 0.16180626 -0.29695669 0.96920866 2 0.19668008 0.04093861 0.69919223 3
2 0.17579171 -0.28310025 0.95054412 2 0.20864445 0.05098389 0.69793534 3
2 0.17935993 -0.27754563 0.94109356 2 0.22223449 0.06044440 0.69863695 3
1 0.17958535 -0.27720654 0.94064844 2 0.23498000 0.06605545 0.69800526 3
2 0.16958559 -0.28656662 0.94798571 2 0.24521503 0.06883319 0.70133513 3
2 0.16013137 -0.29386517 0.95300567 2 0.24830379 0.06779948 0.69875801 3
2 0.15802173 -0.29562390 0.95474333 2 0.24902873 0.06673474 0.70115381 3
2 0.15628769 -0.29679054 0.95602757 2 0.24767567 0.06372681 0.69922531 3
2 0.15572360 -0.29744437 0.95673460 2 0.24619107 0.06279173 0.70028186 3
2 0.15520473 -0.29814267 0.95749187 2 0.24577361 0.06163070 0.70085990 3
2 0.15492064 -0.29835725 0.95777237 2 0.24408327 0.06128197 0.69984829 3
2 0.15447325 -0.29860443 0.95819241 2 0.24375476 0.06383907 0.70129919 3
2 0.15400085 -0.29909694 0.95859486 2 0.24309434 0.07504492 0.70193851 2
-999
