2 0.17181827 0.07773651 1.41291881 2 0.19195296 -0.45267576 1.34126484 1
2 0.17341392 0.07701021 1.41700494 2 0.21201804 -0.44897485 1.32623482 1
2 0.17418276 0.07638769 1.41986263 2 0.23792714 -0.44096938 1.30199754 1
2 0.17484377 0.07584970 1.42423368 2 0.26213387 -0.42782545 1.28001750 1
2 0.17452069 0.07625578 1.42948461 2 0.28660986 -0.39688340 1.26113534 0
2 0.17413165 0.07721530 1.43588221 2 0.31889319 -0.37427494 1.24054813 0
2 0.17372046 0.07744746 1.44059873 2 0.35229692 -0.34270224 1.21988261 2
2 0.17350093 0.07734823 1.44428754 2 0.38817838 -0.29889697 1.19597936 2
2 0.17290972 0.07725457 1.44814634 2 0.41435236 -0.23210365 1.18286276 2
2 0.17210193 0.07727301 1.45156944 2 0.43948278 -0.15911606 1.15617657 2
2 0.17130548 0.07765044 1.45527124 2 0.45108932 -0.07762259 1.14441967 2
2 0.17109008 0.07822136 1.45959568 2 0.45634165 0.00114257 1.14515412 2
2 0.17133678 0.07895923 1.46185529 2 0.45835409 0.07379772 1.14061463 2
2 0.17097935 0.08102820 1.46443367 2 0.45800689 0.13748087 1.14208782 2
2 0.17050579 0.08404245 1.46709943 2 0.45269042 0.19102244 1.14971685 2
2 0.17023787 0.08687298 1.46855450 2 0.44822890 0.23598102 1.15340185 2
2 0.17053668 0.08977739 1.46963239 2 0.44039822 0.26902571 1.15662074 2
2 0.17054678 0.09286001 1.46996629 2 0.43540910 0.29647362 1.15273952 2
2 0.17018078 0.09599541 1.46949697 2 0.43060821 0.31526494 1.14767551 2
2 0.16920069 0.09934796 1.46963763 2 0.42960003 0.33262193 1.14461482 2
2 0.16810593 0.10228995 1.46925676 2 0.42668101 0.34230599 1.13945568 2
2 0.16679901 0.10497507 1.46849871 2 0.42357618 0.35235754 1.13525963 2
2 0.16525695 0.10723332 1.46841156 2 0.41983843 0.35844329 1.13499236 2
2 0.16382101 0.10867320 1.46775937 2 0.41575822 0.36342576 1.13065231 2
2 0.16236648 0.10974029 1.46707857 2 0.41084069 0.36565658 1.12767446 2
2 0.16079915 0.11037086 1.46615136 2 0.40570742 0.36632800 1.12487316 2
2 0.15943331 0.11079772 1.46547639 2 0.40210375 0.36690250 1.12306583 2
2 0.15782721 0.11111300 1.46448708 2 0.39757437 0.36699751 1.12006700 2
2 0.15671590 0.11134977 1.46415949 2 0.39340475 0.36807030 1.12022913 2
2 0.15544608 0.11118671 1.46333826 2 0.38690972 0.36919522 1.11845911 2
2 0.15433711 0.11095168 1.46271372 2 0.37843668 0.37107524 1.11903965 2
2 0.15328942 0.11080609 1.46237361 2 0.36889514 0.37501827 1.11976433 2
2 0.15185046 0.11030769 1.46146083 2 0.35467428 0.37727696 1.11784565 2
2 0.15042529 0.10965795 1.46052563 2 0.33864072 0.38447899 1.11947751 2
2 0.14840703 0.10863853 1.45890641 2 0.31992799 0.38863733 1.11844623 2
2 0.14668088 0.10792492 1.45781696 2 0.30112925 0.39495152 1.12004316 2
2 0.14462799 0.10718521 1.45691884 2 0.28064346 0.40066940 1.12403107 2
2 0.14244889 0.10596319 1.45640874 2 0.25882417 0.40533653 1.12495923 2
2 0.13919172 0.10342614 1.45562851 2 0.23627156 0.40950465 1.12650597 2
2 0.13626017 0.10204878 1.45514059 2 0.21380286 0.41175172 1.12626064 2
2 0.13330713 0.10097399 1.45478654 2 0.19209076 0.41355634 1.12778008 2
2 0.13771413 0.09614298 1.45455980 2 0.16995127 0.41463491 1.12410808 2
2 0.12843648 0.09645553 1.45379782 2 0.14723627 0.41455781 1.12738669 2
2 0.12499483 0.09645206 1.45301890 2 0.12487967 0.41695267 1.12762690 2
2 0.12550557 0.09581356 1.45301270 2 0.10218132 0.41622666 1.12779248 2
2 0.12616232 0.09551050 1.45288610 2 0.07895663 0.42284095 1.12876189 2
1 0.13045216 0.09450376 1.45307612 2 0.05574858 0.42394349 1.13228464 2
2 0.12109861 0.12472733 1.45120239 2 0.03594055 0.42456225 1.13291192 2
2 0.12100680 0.12565154 1.45106602 2 0.01589516 0.41994944 1.13701308 2
2 0.12072182 0.12583764 1.45090950 2 -0.00279707 0.41398919 1.14160991 2
2 0.12005202 0.12576833 1.45077419 2 -0.02175094 0.41137484 1.14740503 2
2 0.11848267 0.12532546 1.45076632 2 -0.03736866 0.40825522 1.15310204 2
2 0.11708892 0.12480143 1.45101094 2 -0.04876337 0.40309995 1.16206372 2
2 0.11596460 0.12420762 1.45073545 2 -0.05887913 0.40068045 1.16022861 2
2 0.11524913 0.12355624 1.45073640 2 -0.06579915 0.40213275 1.16700482 2
2 0.11483720 0.12306245 1.45073700 2 -0.06910784 0.40408567 1.16919029 2
2 0.11433555 0.12265762 1.45079231 2 -0.07094810 0.40564761 1.17138648 2
2 0.11406922 0.12241586 1.45078778 2 -0.07028665 0.40631336 1.16790986 2
2 0.11385716 0.12234357 1.45068240 2 -0.06577528 0.40697819 1.16431928 2
2 0.11366681 0.12223177 1.45075130 2 -0.05911075 0.40862137 1.16335380 2
2 0.11344520 0.12224185 1.45085073 2 -0.04840801 0.40242246 1.15864766 2
2 0.11332593 0.12228335 1.45086908 2 -0.03899224 0.40331984 1.15510917 2
2 0.11337236 0.12267837 1.45108342 2 -0.02888511 0.40992233 1.15322769 2
2 0.11388063 0.12340800 1.45116091 2 -0.01441230 0.41132376 1.14948499 2
2 0.11482415 0.12463415 1.45141780 2 0.00012841 0.41513011 1.14822090 2
2 0.11657430 0.12640764 1.45201194 2 0.01505917 0.42323977 1.14743149 2
1 0.11733116 0.12774049 1.45207453 2 0.03212230 0.42908719 1.14155698 2
1 0.11739281 0.12831013 1.45206904 2 0.05064058 0.43684423 1.13916206 2
2 0.11688821 0.12598036 1.45273852 2 0.07275606 0.44158873 1.13702381 2
2 0.11664144 0.12447524 1.45306885 2 0.09485691 0.44249189 1.13375127 2
2 0.11667083 0.12418368 1.45319116 2 0.11875878 0.44718206 1.13241196 2
2 0.11725269 0.11986983 1.45511854 2 0.14447379 0.44858518 1.13104415 2
2 0.11792012 0.11714100 1.45523834 2 0.16818829 0.45065913 1.12855721 2
2 0.11860823 0.11314660 1.45589304 2 0.19333939 0.45447814 1.13050938 2
2 0.11914980 0.11156598 1.45548177 2 0.21721077 0.45249751 1.12721539 2
2 0.12058949 0.11039279 1.45649183 2 0.24140328 0.45094156 1.13173783 2
2 0.12193135 0.10964238 1.45702064 2 0.26288521 0.44628471 1.13171577 2
2 0.12331445 0.10935033 1.45780027 2 0.28475785 0.44154727 1.13530445 2
2 0.12544459 0.10893046 1.45856190 2 0.30264252 0.43558758 1.13686728 2
2 0.12731178 0.10852794 1.45932448 2 0.31848741 0.42943779 1.13949764 2
2 0.12890573 0.10847528 1.46006882 2 0.32962748 0.42309061 1.14073777 2
2 0.13085237 0.10869644 1.46140468 2 0.33850503 0.42160335 1.14292169 2
2 0.13048516 0.11168514 1.46068215 2 0.34396026 0.41856602 1.14119279 2
2 0.13035953 0.11335646 1.46063077 2 0.34758782 0.41651943 1.14387441 2
2 0.13034214 0.11432810 1.46039438 2 0.34981832 0.41520593 1.14243531 2
2 0.13036688 0.11505907 1.46027720 2 0.35129622 0.41450819 1.14350319 2
2 0.13048704 0.11551634 1.46024096 2 0.35400057 0.41341606 1.14491439 2
2 0.13573474 0.11202396 1.46316755 2 0.35686061 0.41207829 1.14439559 2
2 0.13828345 0.11081725 1.46439660 2 0.36226216 0.41123682 1.14559233 2
2 0.13955623 0.11001097 1.46471548 2 0.36995679 0.40718442 1.14581490 2
2 0.14064267 0.10953717 1.46510434 2 0.37935168 0.40254584 1.14630246 2
2 0.14167939 0.10915310 1.46557570 2 0.38982639 0.39692673 1.14607859 2
2 0.14247444 0.10903585 1.46606159 2 0.40240002 0.38808560 1.14524281 2
2 0.14316928 0.10880340 1.46645677 2 0.41333440 0.37774566 1.14316404 2
2 0.14376242 0.10832784 1.46643007 2 0.42404965 0.36507875 1.13887370 2
2 0.14421260 0.10782231 1.46652055 2 0.43374065 0.35479957 1.13862550 2
2 0.14505149 0.10712419 1.46725857 2 0.44076800 0.34748843 1.13950503 2
2 0.14563188 0.10648391 1.46751070 2 0.44407991 0.34076524 1.13728738 2
2 0.14618506 0.10586960 1.46785831 2 0.44658566 0.33630568 1.13714111 2
2 0.14681587 0.10508128 1.46818614 2 0.44861928 0.33418462 1.13740480 2
2 0.14743811 0.10445160 1.46844757 2 0.45047092 0.33280057 1.13751113 2
2 0.14796141 0.10389229 1.46853495 2 0.45147905 0.33186510 1.13781965 2
2 0.14852951 0.10347324 1.46872532 2 0.45234904 0.33118832 1.13779724 2
2 0.14900883 0.10311991 1.46877170 2 0.45292866 0.32994768 1.13829494 2
2 0.14942960 0.10286544 1.46890676 2 0.45111391 0.32968509 1.13791609 2
2 0.14994863 0.10253385 1.46904194 2 0.44879609 0.32636887 1.13907766 2
2 0.15033619 0.10228456 1.46914613 2 0.44539753 0.32367086 1.13854408 2
2 0.15079619 0.10211489 1.46924222 2 0.44081575 0.31880912 1.13823938 2
2 0.15124215 0.10187029 1.46943343 2 0.43501464 0.31389782 1.13520217 0
2 0.15151128 0.10169908 1.46937215 2 0.42954567 0.30628431 1.13228059 0
2 0.15184134 0.10147986 1.46952963 2 0.42880738 0.30371812 1.13670588 3
2 0.15221308 0.10120784 1.46949351 2 0.42649388 0.29991058 1.13401628 3
2 0.15263641 0.10082476 1.46966636 2 0.42622486 0.29805371 1.13439047 3
2 0.15306948 0.10044228 1.46993482 2 0.42722279 0.29497513 1.13586640 3
2 0.15351199 0.10004823 1.47044158 2 0.42951354 0.29156744 1.13660169 3
2 0.15382187 0.09957292 1.47061765 2 0.43059471 0.28718066 1.13464594 3
2 0.15421300 0.09905667 1.47090387 2 0.43229198 0.28400269 1.13456929 3
2 0.15455964 0.09873614 1.47112000 2 0.43295059 0.28043720 1.13409865 3
2 0.15489310 0.09831004 1.47121918 2 0.43354800 0.27741435 1.13342965 3
2 0.15514529 0.09802077 1.47129405 2 0.43480036 0.27669898 1.13371670 3
2 0.15543719 0.09778760 1.47136092 2 0.43446586 0.27484801 1.13401091 3
2 0.15573102 0.09748751 1.47142589 2 0.43568665 0.27428266 1.13483548 3
2 0.15624951 0.09699874 1.47174668 2 0.43681312 0.27262264 1.13674915 3
2 0.15679793 0.09651534 1.47202778 2 0.43630272 0.27066359 1.13515866 3
2 0.15717375 0.09607623 1.47192883 2 0.43564954 0.26863489 1.13290417 3
2 0.15777688 0.09556526 1.47266018 2 0.43752027 0.26771387 1.13679683 3
2 0.15818515 0.09515522 1.47292030 2 0.43776119 0.26553836 1.13667107 3
2 0.15848985 0.09482682 1.47293234 2 0.43640426 0.26230201 1.13347852 3
2 0.15875126 0.09443901 1.47303796 2 0.43607828 0.25990102 1.13468480 3
2 0.15903206 0.09393862 1.47325265 2 0.43433312 0.25677529 1.13461816 3
2 0.15923618 0.09353678 1.47332585 2 0.43083635 0.25441179 1.13380897 3
2 0.15957364 0.09277348 1.47399318 2 0.42890772 0.25383005 1.13751960 3
2 0.15980898 0.09204453 1.47452641 2 0.42485654 0.25101191 1.13719428 3
2 0.15988939 0.09140443 1.47509789 2 0.42071661 0.24962255 1.13687301 3
2 0.15995906 0.09093830 1.47539508 2 0.41590759 0.24772502 1.13801324 3
2 0.15971705 0.09110231 1.47520256 2 0.41219756 0.24491076 1.13553154 3
2 0.15982860 0.09045023 1.47583175 2 0.40930462 0.24418339 1.13806593 3
2 0.15980686 0.08971801 1.47637641 2 0.40636006 0.24300955 1.13842475 3
2 0.15985999 0.08894464 1.47719252 2 0.40398344 0.24227169 1.13764501 3
2 0.15956582 0.08929837 1.47697735 2 0.40212545 0.24152163 1.13718140 3
2 0.15970676 0.08847747 1.47812021 2 0.40186751 0.24188901 1.13972938 3
2 0.15969081 0.08811396 1.47837913 2 0.40089732 0.24087121 1.13762736 3
2 0.15963417 0.08790456 1.47867644 2 0.40098834 0.24067815 1.13623977 3
2 0.15960234 0.08776119 1.47869098 2 0.40087575 0.24044263 1.13656056 3
2 0.15951137 0.08741713 1.47879553 2 0.40152267 0.24241115 1.13693118 3
2 0.15944307 0.08728094 1.47874999 2 0.40070277 0.24326776 1.13633609 3
2 0.15935308 0.08706261 1.47883201 2 0.40082550 0.24349673 1.13701940 3
2 0.15931092 0.08696927 1.47883749 2 0.39988363 0.24620962 1.13829112 3
2 0.15916963 0.08679053 1.47861421 2 0.39860386 0.24591529 1.13590348 3
2 0.15911722 0.08671860 1.47867441 2 0.39849976 0.24876463 1.13811588 3
2 0.15904707 0.08664712 1.47873425 2 0.39779505 0.24873701 1.14044070 3
2 0.15897903 0.08656555 1.47879243 2 0.39690399 0.25051486 1.13970828 3
2 0.15887693 0.08649229 1.47885168 2 0.39678141 0.25165895 1.14099896 3
2 0.15869978 0.08635681 1.47872043 2 0.39589173 0.25437018 1.14036763 3
2 0.15859966 0.08628551 1.47885001 2 0.39732537 0.26060086 1.14507329 3
2 0.15848908 0.08619228 1.47885609 2 0.39820087 0.26437846 1.14642954 3
2 0.15836252 0.08604839 1.47899616 2 0.39878106 0.26969212 1.14977586 2
2 0.15825659 0.08593468 1.47920263 2 0.39932120 0.27472994 1.15061188 2
2 0.15818964 0.08589178 1.47936225 2 0.39773089 0.27904963 1.15148497 2
2 0.15808319 0.08576469 1.47997618 2 0.39697111 0.28239018 1.15369999 2
2 0.15805592 0.08571596 1.48015058 2 0.39603892 0.28321648 1.15324247 2
2 0.15803905 0.08566804 1.48058844 2 0.39669895 0.28504357 1.15459597 2
2 0.15801404 0.08561895 1.48161411 2 0.39819387 0.28484964 1.15513527 2
2 0.15801503 0.08561740 1.48161662 2 0.40121949 0.28336197 1.14906180 2
2 0.15801507 0.08561531 1.48161924 2 0.40665618 0.28227881 1.14686596 2
2 0.15804192 0.08560874 1.48165739 2 0.41496685 0.28042975 1.14404953 2
2 0.15805219 0.08559885 1.48166168 2 0.42334977 0.27761662 1.14192700 2
2 0.15809159 0.08558349 1.48159266 2 0.43106031 0.27659813 1.14116037 2
2 0.15816474 0.08561178 1.48156512 2 0.43744928 0.27683115 1.14321876 2
2 0.15827854 0.08563786 1.48147798 2 0.44238895 0.27628663 1.14326227 2
2 0.15842594 0.08566487 1.48138738 2 0.44825155 0.27547365 1.14377511 2
2 0.15881255 0.08588383 1.48114455 2 0.45437029 0.27429801 1.14360726 2
2 0.15925685 0.08594502 1.48112071 2 0.46291798 0.27335873 1.14455664 2
2 0.15995194 0.08594155 1.47938049 2 0.46889785 0.26875693 1.14026070 2
2 0.16049747 0.08595250 1.47911978 2 0.47573033 0.26305565 1.14325511 2
2 0.16099265 0.08595493 1.47900331 2 0.48284456 0.25617582 1.14423513 2
2 0.16143750 0.08581110 1.47890198 2 0.48734874 0.24674004 1.14235842 2
2 0.16172661 0.08581859 1.47897768 2 0.49394944 0.23660868 1.14239311 2
2 0.16201590 0.08570051 1.47913444 2 0.49589363 0.22066763 1.14226186 2
2 0.16216916 0.08550452 1.47912014 2 0.49862158 0.20143256 1.13863385 2
2 0.16220483 0.08535998 1.47910988 2 0.49934146 0.18176068 1.13613045 2
2 0.16206151 0.08506260 1.47917545 2 0.50089294 0.15861966 1.13479257 2
2 0.16178641 0.08469277 1.47924685 2 0.50309241 0.13751747 1.13155830 2
2 0.16071606 0.08568591 1.47839439 2 0.50606501 0.11652049 1.12746036 2
2 0.16008335 0.08509684 1.47873247 2 0.50613070 0.09308785 1.12794316 2
2 0.15914577 0.08433817 1.47891951 2 0.50510472 0.07135232 1.12502146 2
2 0.15838867 0.08373661 1.47919953 2 0.50379908 0.04968706 1.12506866 2
2 0.15727894 0.08277757 1.47899842 2 0.50203872 0.02642316 1.12134504 2
2 0.15655002 0.08212855 1.47941637 2 0.50068599 0.00340429 1.12488198 2
2 0.15560581 0.08139680 1.47870135 2 0.49464715 -0.01830629 1.11913514 2
2 0.15467438 0.08069369 1.47774136 2 0.49394578 -0.03916439 1.11714864 2
2 0.15393963 0.07978051 1.47716248 2 0.49345070 -0.05724722 1.11945415 2
2 0.15327959 0.07874688 1.47667491 2 0.49255928 -0.07186154 1.12046802 2
2 0.15258230 0.07777538 1.47610843 2 0.49187216 -0.08487585 1.12067759 2
2 0.15189143 0.07663404 1.47502661 2 0.49016714 -0.09713423 1.11990130 2
2 0.15145516 0.07589170 1.47431409 2 0.48915529 -0.10561923 1.11924648 2
2 0.15114735 0.07549668 1.47383571 2 0.48947060 -0.11255837 1.11883044 2
2 0.15072782 0.07479272 1.47276664 2 0.48790002 -0.11886871 1.11581886 2
2 0.15047632 0.07442300 1.47224104 2 0.48056906 -0.12177379 1.11708510 2
2 0.15026602 0.07408378 1.47165310 2 0.47024399 -0.12211398 1.11640358 2
2 0.15015067 0.07384656 1.47146058 2 0.46303189 -0.11938379 1.11633193 3
2 0.14992882 0.07355583 1.47101581 2 0.45504662 -0.11585689 1.11756635 3
2 0.14974783 0.07323775 1.47048438 2 0.45148203 -0.11469717 1.11804068 3
2 0.14961231 0.07308205 1.47022653 2 0.44769973 -0.11417933 1.11694336 3
2 0.14955437 0.07298311 1.47011745 2 0.44496915 -0.11376683 1.11636794 3
2 0.14945894 0.07283935 1.47006655 2 0.44308317 -0.11328991 1.11604083 3
2 0.14939055 0.07270575 1.47007549 2 0.44205323 -0.11354995 1.11567700 3
2 0.14924268 0.07257844 1.46995533 2 0.43942130 -0.11350891 1.11391270 3
2 0.14911215 0.07245016 1.46976328 2 0.43839237 -0.11386953 1.11343253 3
2 0.14892219 0.07229707 1.46957135 2 0.43777680 -0.11340056 1.11216688 3
2 0.14886202 0.07223928 1.46955884 2 0.43726274 -0.11337964 1.11290193 3
2 0.14869836 0.07218557 1.46940756 2 0.43546683 -0.11313567 1.11174691 3
2 0.14860676 0.07214881 1.46944535 2 0.43510535 -0.11253893 1.11150599 3
2 0.14841363 0.07202628 1.46936619 2 0.43313000 -0.11113011 1.11056709 3
2 0.14828397 0.07194219 1.46936083 2 0.43168002 -0.10820308 1.11039197 3
2 0.14809318 0.07189406 1.46929288 2 0.42582846 -0.10225267 1.10726786 3
2 0.14794055 0.07189675 1.46929169 2 0.42277721 -0.09570786 1.10572195 3
2 0.14764234 0.07191956 1.46929038 2 0.41773248 -0.08629078 1.10129273 3
2 0.14727056 0.07193772 1.46928906 2 0.41174319 -0.07635795 1.09726381 3
2 0.14685513 0.07203741 1.46919811 2 0.40498486 -0.06387016 1.09270477 3
2 0.14633422 0.07230566 1.46910167 2 0.39788741 -0.04917475 1.08686686 3
2 0.14572451 0.07255100 1.46877205 2 0.38796964 -0.03326314 1.08249128 3
2 0.14509833 0.07272020 1.46860790 2 0.37952188 -0.01643770 1.07716823 3
2 0.14571477 0.07723642 1.46893775 2 0.37114161 0.00332620 1.07142222 3
2 0.14587247 0.07942215 1.46889818 2 0.35758683 0.02124535 1.06977391 3
2 0.14584740 0.08089675 1.46879041 2 0.34479544 0.04123402 1.06796169 3
2 0.14351736 0.08032707 1.46826100 2 0.33798420 0.06789239 1.05515552 3
2 0.14199275 0.07998942 1.46755767 2 0.32512015 0.09144757 1.04940701 3
2 0.14066105 0.07981587 1.46736526 2 0.31237173 0.11863239 1.04682493 3
2 0.13907778 0.07994512 1.46596611 2 0.29799843 0.14130883 1.04446399 3
2 0.14009348 0.08325475 1.46605504 2 0.28437477 0.16659299 1.04631639 3
2 0.14036661 0.08452058 1.46633196 2 0.26992998 0.18904504 1.04721415 3
2 0.14039654 0.08535966 1.46639347 2 0.25606275 0.20952405 1.04983854 3
2 0.14035624 0.08610029 1.46650338 2 0.24259591 0.23026280 1.05226946 3
2 0.14012827 0.08686088 1.46648228 2 0.23002632 0.25071466 1.05426371 3
2 0.13978674 0.08828328 1.46603525 2 0.21598722 0.26859486 1.05797207 3
2 0.13935737 0.09005425 1.46581340 2 0.20274511 0.28695291 1.06260633 3
2 0.13878383 0.09130263 1.46557701 2 0.18881696 0.30478257 1.06694138 3
2 0.13832486 0.09232707 1.46561503 2 0.17661737 0.32071197 1.07288802 3
2 0.13786195 0.09302592 1.46558106 2 0.16264033 0.33551711 1.07853580 3
2 0.13742778 0.09344621 1.46566164 2 0.15017736 0.35115251 1.08594489 3
2 0.13680774 0.09402423 1.46555817 2 0.13895901 0.36370611 1.09267080 3
2 0.13627976 0.09440893 1.46542454 2 0.12835407 0.37401927 1.09962082 3
2 0.12102957 0.09601888 1.46382987 2 0.12014863 0.38505316 1.10715365 3
2 0.12277720 0.09676732 1.46402955 2 0.11306182 0.39300174 1.11147761 3
2 0.12363185 0.09731472 1.46421754 2 0.10750835 0.40012711 1.11474156 3
2 0.12409976 0.09794386 1.46435952 2 0.10309236 0.40587592 1.11512482 3
2 0.12166377 0.09938013 1.46414542 2 0.09911085 0.40911078 1.11688721 3
2 0.11306036 0.10272346 1.46261275 2 0.09649179 0.41144866 1.11704504 3
2 0.11310681 0.10278644 1.46256530 2 0.09393223 0.41260314 1.11556673 3
2 0.11311672 0.10283012 1.46252930 2 0.09189033 0.41384187 1.11472988 3
2 0.11311755 0.10286213 1.46251500 2 0.08997779 0.41486740 1.11498260 3
2 0.11311896 0.10301170 1.46263075 2 0.08972270 0.41696504 1.11752141 3
2 0.11310234 0.10307048 1.46268225 2 0.08815171 0.41571546 1.11477423 3
2 0.11307872 0.10310650 1.46269023 2 0.08770377 0.41552654 1.11416948 3
2 0.10823519 0.10481622 1.46355808 2 0.08711316 0.41676950 1.11718833 3
2 0.10852855 0.10479464 1.46354961 2 0.08603391 0.41495323 1.11287856 3
2 0.10880978 0.10474679 1.46354187 2 0.08561839 0.41715941 1.11438882 3
2 0.10561426 0.10556743 1.46377265 2 0.08608907 0.41830331 1.11706328 3
2 0.10622845 0.10551294 1.46373713 2 0.08617995 0.41851759 1.11516798 3
2 0.10681713 0.10553510 1.46342635 2 0.08553183 0.42099243 1.11207843 3
2 0.10727700 0.10560679 1.46328592 2 0.08536072 0.42746031 1.11304772 3
2 0.10384522 0.10722126 1.46280611 2 0.08674905 0.43275708 1.11513078 2
2 0.10487910 0.10717155 1.46296620 2 0.08813920 0.43372753 1.11299312 2
2 0.10580850 0.10704607 1.46303022 2 0.08338358 0.43395147 1.11140227 2
2 0.10384442 0.10811081 1.46353292 2 0.08696298 0.43342608 1.10959542 2
2 0.10244624 0.10876466 1.46386266 2 0.08613479 0.43400961 1.10708594 2
2 0.10168515 0.10938254 1.46380758 2 0.08599723 0.43363166 1.10553098 2
2 0.10121356 0.10977699 1.46376991 2 0.08742103 0.43337485 1.10379136 2
2 0.10107854 0.10974909 1.46369970 2 0.08797377 0.43414056 1.10177958 2
2 0.10073014 0.10995273 1.46396029 2 0.08847394 0.43500262 1.10370541 2
2 0.10053204 0.10994137 1.46399057 2 0.08921704 0.43379468 1.10015881 2
2 0.10042226 0.10992934 1.46406317 2 0.08940545 0.43517950 1.10258436 2
2 0.10355192 0.10873361 1.46390557 2 0.08992500 0.43419060 1.10056114 2
2 0.10505291 0.10821965 1.46382463 2 0.09023888 0.43425369 1.10040689 2
2 0.10632661 0.10780986 1.46384156 2 0.09073509 0.43520424 1.10242426 2
2 0.10495243 0.10784230 1.46345568 2 0.09085866 0.43440455 1.10171807 2
2 0.10635347 0.10720611 1.46336961 2 0.09159924 0.43454617 1.10144043 2
2 0.10508592 0.10694857 1.46307409 2 0.09182237 0.43449014 1.10137057 2
2 0.10632055 0.10648701 1.46313334 2 0.09191639 0.43495396 1.10284221 2
2 0.10735177 0.10611842 1.46324980 2 0.09318991 0.43629482 1.10419202 2
2 0.10823115 0.10586087 1.46327531 2 0.09303214 0.43600538 1.11024499 2
2 0.10927512 0.10562800 1.46336889 2 0.09110596 0.43694144 1.12208247 2
1 0.11155517 0.10367690 1.46279454 2 0.08487193 0.42723271 1.13954616 2
1 0.11645967 0.10488760 1.46298218 2 0.07670542 0.41193300 1.15580821 2
1 0.11804122 0.10182317 1.46367526 2 0.06880094 0.39651078 1.17653346 2
2 0.11824825 0.10182992 1.46369040 2 0.06302282 0.36924097 1.19440067 2
2 0.11847430 0.10166229 1.46367145 2 0.05757546 0.34313568 1.21281934 2
2 0.11851770 0.10143826 1.46368861 2 0.05149611 0.31449661 1.23250210 2
2 0.11277998 0.09415711 1.46108150 2 0.04218705 0.29477665 1.25228703 2
2 0.10718755 0.08462112 1.45950484 2 0.03348606 0.28062212 1.27431738 2
2 0.09773967 0.06299551 1.46095014 1 0.02018240 0.26319823 1.29293287 2
2 0.09665634 0.06002665 1.46088040 1 0.01134797 0.23640914 1.28776491 0
2 0.09429181 0.06170502 1.46012175 1 0.00388898 0.20640235 1.26294756 0
2 0.09123097 0.06536446 1.46013474 1 -0.02647476 0.14297536 1.29072249 0
2 0.09032913 0.06658436 1.45997179 2 -0.02512993 0.05758613 1.29142475 0
2 0.08458054 0.07469544 1.46244407 1 -0.04902465 0.02078448 1.27909338 0
2 0.08253760 0.07597511 1.46290541 2 -0.02839626 -0.05358783 1.26998329 0
2 0.07825509 0.07709429 1.46398079 2 -0.02051995 -0.10706411 1.26167834 3
2 0.07324991 0.07826616 1.46293116 2 -0.02922794 -0.15038839 1.23930943 3
2 0.07193407 0.07809976 1.46221125 2 -0.01286761 -0.19943994 1.23770487 0
2 0.06959614 0.07715765 1.45939660 2 0.00192221 -0.23868084 1.23490369 0
2 0.06735413 0.07733294 1.45580912 2 0.02794346 -0.28111905 1.22636497 0
2 0.06535067 0.07780092 1.44997692 2 0.05284688 -0.31737307 1.21550417 0
2 0.06428656 0.07852630 1.44364941 2 0.07719787 -0.33954358 1.21693921 2
2 0.06442809 0.07828758 1.43305373 2 0.09662087 -0.35250771 1.21617305 2
2 0.06631563 0.07763258 1.41827476 2 0.11365464 -0.36555707 1.20963943 0
2 0.06872381 0.07599400 1.40349627 2 0.12954684 -0.37182096 1.20211887 0
2 0.07285930 0.07365619 1.38743186 2 0.14658163 -0.37348643 1.18304574 0
2 0.07902783 0.07099753 1.36919606 2 0.17328316 -0.37835178 1.13768387 0
2 0.08669803 0.06840746 1.34549487 2 0.19138579 -0.37556282 1.09967291 0
2 0.09555456 0.06361691 1.32276857 2 0.20749134 -0.36847064 1.06333447 0
2 0.10589848 0.05945400 1.29630530 2 0.22258902 -0.36342049 1.01581657 0
2 0.11669807 0.05251933 1.26811755 2 0.23712611 -0.35566208 0.96206856 0
2 0.12817103 0.04606596 1.24090242 2 0.24865372 -0.34556645 0.91146928 0
2 0.14281189 0.03864413 1.20552862 2 0.25814450 -0.33981517 0.85108364 0
2 0.15455391 0.03224418 1.17688584 2 0.26440200 -0.33327368 0.80034423 0
2 0.16725938 0.02647356 1.14568412 2 0.27134928 -0.32816324 0.75303680 0
2 0.17879158 0.02140265 1.11176729 2 0.27471045 -0.32300484 0.70812434 0
2 0.19154637 0.01807911 1.07858455 2 0.27557305 -0.32148597 0.67030668 0
2 0.20194677 0.01167947 1.05099547 2 0.27869692 -0.31463370 0.65420705 0
2 0.20585312 0.00921407 1.03937101 2 0.28289565 -0.31286836 0.64621943 0
2 0.22455779 -0.00326298 0.98485732 2 0.28937012 -0.30314329 0.65110707 0
2 0.22838305 -0.00490461 0.97320986 2 0.29147622 -0.29981881 0.63910341 0
2 0.23544298 -0.01014020 0.95075053 2 0.29102254 -0.31591755 0.60087103 1
2 0.24013926 -0.01358644 0.93789876 2 0.29232296 -0.32056198 0.59407312 1
2 0.24324688 -0.01521092 0.93032455 2 0.29493254 -0.32692882 0.59334016 1
2 0.25228143 -0.01925507 0.91100323 1 0.28220755 -0.45969853 0.55705243 1
2 0.25692216 -0.02107058 0.89821446 1 0.27591798 -0.47618735 0.56368506 1
2 0.26134381 -0.02192465 0.88642049 1 0.27607778 -0.47811154 0.55353612 1
2 0.26363683 -0.02232747 0.88160747 1 0.28674933 -0.47802657 0.54767573 1
2 0.26835683 -0.02324999 0.87042075 2 0.32476452 -0.34295377 0.59790325 1
2 0.27158162 -0.02389886 0.86262923 1 0.33007950 -0.34622666 0.59668273 1
2 0.27444065 -0.02480370 0.85447526 1 0.31544039 -0.48848307 0.53431803 1
2 0.27675712 -0.02559344 0.84664834 1 0.31885612 -0.48801720 0.52590811 1
2 0.27888709 -0.02565057 0.84087259 1 0.32029945 -0.48976010 0.52334386 1
2 0.27815959 -0.02536725 0.84220070 1 0.31905621 -0.49568462 0.53299475 1
2 0.28189558 -0.02477477 0.83031046 1 0.32266042 -0.49209103 0.51894927 1
2 0.28373000 -0.02420484 0.82293421 1 0.32724181 -0.49590299 0.51813191 1
2 0.28561324 -0.02390045 0.81837517 1 0.32844821 -0.49949321 0.51927632 1
2 0.28715855 -0.02285508 0.81141531 1 0.32888365 -0.50399017 0.52113312 1
2 0.28821647 -0.02199066 0.80735409 1 0.32881880 -0.50429827 0.51953858 1
2 0.28923780 -0.02085896 0.80248874 1 0.35072830 -0.43377331 0.74938315 1
2 0.28965542 -0.02046372 0.80071211 1 0.34500927 -0.52316266 0.55181360 1
2 0.29052940 -0.01913915 0.79650640 1 0.34446219 -0.52338266 0.55119836 1
2 0.29106569 -0.01799325 0.79348224 1 0.34276515 -0.52497345 0.55410218 1
-999
