2 0.17401381 -0.27393189 1.05238247 2 0.36538172 0.07153442 0.83625084 3
2 0.32858014 -0.22338822 0.92411757 3
2 0.17395872 -0.27387488 1.05239677 2 0.37096304 0.07432939 0.83640254 3
2 0.32961661 -0.21569127 0.92370564 3
2 0.17393228 -0.27385658 1.05237544 2 0.37528151 0.07535107 0.83147383 3
2 0.32958484 -0.20995097 0.92301732 3
2 0.17390908 -0.27383080 1.05229032 2 0.37614223 0.07843456 0.82694197 3
2 0.32942554 -0.20541377 0.92218494 3
2 0.17396155 -0.27398926 1.05214286 2 0.37592953 0.07814270 0.82484126 3
2 0.32933065 -0.20210804 0.92116141 3
2 0.17397892 -0.27407107 1.05207217 2 0.37289873 0.07888152 0.82474715 3
2 0.32891420 -0.20090936 0.92060357 3
2 0.17386994 -0.27392077 1.05181122 2 0.36746895 0.07798050 0.82391077 3
2 0.32834128 -0.20023756 0.92015600 3
2 0.17391561 -0.27385288 1.05162048 2 0.36033347 0.07740259 0.82385975 3
2 0.32745600 -0.20041604 0.91992110 3
2 0.17405543 -0.27396819 1.05155313 2 0.35023388 0.07709268 0.82558870 3
2 0.32572764 -0.20193017 0.91980284 3
2 0.17407182 -0.27385703 1.05148959 2 0.33666742 0.07759152 0.82830030 3
2 0.31670317 -0.21834755 0.92337048 3
2 0.17413367 -0.27387333 1.05146408 2 0.31924847 0.07570651 0.83074588 3
2 0.31899792 -0.20649011 0.91700625 3
2 0.17422810 -0.27395278 1.05145252 2 0.30050522 0.07283051 0.83033288 3
2 0.31935126 -0.20385911 0.91529411 3
2 0.17434217 -0.27399749 1.05139351 2 0.27980572 0.06457766 0.83255637 3
2 0.31978843 -0.20143011 0.91259146 3
2 0.17433804 -0.27365053 1.05128527 2 0.25709745 0.05540985 0.83699417 3
2 0.31974515 -0.20128605 0.91164619 3
2 0.17454575 -0.27375102 1.05129516 2 0.23310456 0.04924917 0.83894855 3
2 0.33301094 -0.18776846 0.89634722 3
2 0.17593563 -0.27316132 1.05058706 2 0.21529570 0.03139012 0.83892137 3
2 0.33407933 -0.18920910 0.89515364 3
2 0.17762059 -0.27371550 1.05010211 2 0.20490843 0.00362244 0.83951026 3
2 0.32996470 -0.21168482 0.90020782 3
2 0.17791285 -0.27486166 1.05002034 2 0.19321777 -0.01786277 0.83970726 3
2 0.33191586 -0.20609748 0.89528406 3
1 0.17945394 -0.27590850 1.04979372 2 0.18470792 -0.04567281 0.83466852 3
2 0.31530353 -0.18390846 0.87924302 3
1 0.18052270 -0.27731973 1.05010808 2 0.17971379 -0.07261086 0.83298856 3
2 0.31262386 -0.18601964 0.87868547 3
2 0.18009405 -0.27514622 1.05240619 2 0.17699948 -0.09837909 0.82299078 3
2 0.31072602 -0.21082754 0.87945640 3
1 0.18065766 -0.27544087 1.05338180 2 0.18015236 -0.12524648 0.81988633 3
2 0.30519319 -0.23428960 0.88473040 3
1 0.18484791 -0.27515158 1.05397213 2 0.18526426 -0.15065311 0.81589121 3
2 0.29702261 -0.25905323 0.89671504 3
1 0.18905605 -0.27663127 1.05385911 2 0.19243565 -0.17274719 0.80759972 3
2 0.29237655 -0.28029996 0.90053183 3
2 0.18209861 -0.27503401 1.05518544 2 0.19875924 -0.19251415 0.80191201 3
2 0.30452555 -0.27578723 0.84803313 3
2 0.17944068 -0.27465683 1.05546641 2 0.21023037 -0.21112341 0.79153490 3
2 0.30533028 -0.28465924 0.85025024 3
2 0.17687230 -0.27345613 1.05524194 2 0.22474270 -0.22626211 0.78355473 3
2 0.30244699 -0.29115707 0.85060674 3
2 0.17580302 -0.27324441 1.05505860 2 0.24324566 -0.23839708 0.77404410 3
1 0.30148679 -0.29384232 0.85097003 3
1 0.14809974 -0.25633281 1.05479109 2 0.26888210 -0.25063747 0.76939666 3
2 0.28663710 -0.30307937 0.86424392 3
1 0.14799431 -0.25638586 1.05483162 2 0.29376236 -0.25817931 0.76222211 0
1 0.28188366 -0.32544926 0.86811179 0
1 0.14520359 -0.25474718 1.05481255 2 0.32313496 -0.26576218 0.76413834 0
1 0.28085363 -0.32617566 0.87036699 0
1 0.14308062 -0.25392437 1.05438852 2 0.34919161 -0.26763576 0.76113051 3
1 0.28208664 -0.32620248 0.87293208 3
1 0.14137577 -0.25342646 1.05349982 2 0.38108248 -0.26825976 0.76087421 3
2 0.25031444 -0.37669459 1.00564826 3
1 0.14000013 -0.25286189 1.05338359 2 0.41131788 -0.26829785 0.76551890 3
2 0.25274760 -0.37333846 1.00793910 3
1 0.13922021 -0.25294974 1.05346191 2 0.44409242 -0.26830027 0.77234507 3
2 0.25384682 -0.37194803 1.00910294 3
1 0.13971739 -0.25479251 1.05454814 2 0.45957148 -0.34511471 0.86445355 0
2 0.25539231 -0.37249359 1.00900412 0
1 0.13836227 -0.25465724 1.05446351 2 0.47497040 -0.34011358 0.87364942 0
2 0.25539646 -0.37136209 1.01007545 0
1 0.13740975 -0.25494459 1.05438733 2 0.48401141 -0.33834115 0.88623416 0
2 0.25572643 -0.37053257 1.01051319 0
1 0.13672967 -0.25507534 1.05455399 2 0.53811687 -0.26507410 0.85150874 0
2 0.25590789 -0.36999705 1.01097763 0
1 0.13632284 -0.25494698 1.05458105 2 0.50854135 -0.29331109 0.89731473 0
2 0.25700435 -0.36846581 1.01110649 0
1 0.13872255 -0.25786662 1.05727851 2 0.51216668 -0.28259772 0.90555769 0
2 0.26046023 -0.36935183 1.00999677 0
2 0.14068443 -0.25952795 1.05804932 2 0.51362383 -0.27029562 0.91260487 0
2 0.26231250 -0.37047097 1.00822592 0
2 0.14430535 -0.26129949 1.05965066 2 0.56157982 -0.21669035 0.89662683 0
2 0.31948105 -0.40414819 1.00917733 0
2 0.14295584 -0.25986657 1.05844676 2 0.56796002 -0.18803360 0.90153688 0
2 0.31335443 -0.38479078 1.00132370 0
2 0.14681308 -0.26378167 1.05653906 2 0.56866074 -0.16045892 0.90555942 0
2 0.37002912 -0.27046469 0.98299599 0
2 0.14830171 -0.26505679 1.05534017 2 0.57441390 -0.11135060 0.90466803 1
2 0.37149274 -0.26263174 0.98063397 1
2 0.15153304 -0.26614410 1.05618703 2 0.57280964 -0.07345480 0.90586764 1
2 0.37357688 -0.24483646 0.98065561 1
2 0.15171111 -0.26599666 1.05631065 2 0.56871623 -0.02438571 0.90321285 1
2 0.37322971 -0.23828232 0.98103780 1
2 0.15205167 -0.26545280 1.05637825 2 0.53541142 -0.03348536 0.91283107 1
2 0.37352231 -0.23833951 0.98069960 1
2 0.15232967 -0.26501119 1.05646765 2 0.53127062 0.04073309 0.90329355 0
2 0.36508444 -0.23598899 0.97889841 0
2 0.15294150 -0.26455435 1.05652297 2 0.50660956 0.06271875 0.90819043 0
2 0.36465272 -0.19792356 0.97437900 0
2 0.15385802 -0.26434189 1.05628657 2 0.48153785 0.07581858 0.91444016 3
2 0.36456713 -0.19515678 0.97347087 3
2 0.15537177 -0.26404160 1.05577230 2 0.45674795 0.09275910 0.91908711 3
2 0.35859525 -0.18532668 0.97354192 3
2 0.15717994 -0.26323664 1.05487514 2 0.42991838 0.10358606 0.92067164 3
2 0.34877393 -0.16961311 0.97067076 3
2 0.15926653 -0.26232338 1.05377686 2 0.40412736 0.12940352 0.92143428 3
2 0.34168521 -0.16106746 0.96915770 3
2 0.16794488 -0.26199999 1.05130577 2 0.38182211 0.13716523 0.92201459 3
2 0.33355319 -0.15714701 0.96847475 3
2 0.17111778 -0.26149985 1.05043232 2 0.35919693 0.12927528 0.92671478 3
2 0.32239524 -0.15417108 0.96784598 3
2 0.17242886 -0.26073316 1.04981661 2 0.33769915 0.13099010 0.92808622 3
2 0.31386143 -0.15514322 0.96778893 3
2 0.17365640 -0.26050738 1.04926264 2 0.31261846 0.14177999 0.92525285 3
2 0.31659406 -0.13426034 0.95958245 3
2 0.17447725 -0.26032913 1.04886055 2 0.28942993 0.14367691 0.92643225 3
2 0.31836438 -0.12836182 0.95581758 3
2 0.17725277 -0.26050514 1.04805624 2 0.26806477 0.12883544 0.92651278 3
2 0.30513784 -0.15452091 0.95776176 3
2 0.17788911 -0.26035616 1.04780841 2 0.24730119 0.11978440 0.92546713 3
2 0.30395263 -0.15941298 0.95763856 3
2 0.17799014 -0.26030579 1.04775965 2 0.22042941 0.11255543 0.92295629 3
2 0.31048045 -0.14706947 0.95074570 3
2 0.17782883 -0.26043501 1.04789758 2 0.19905412 0.10021068 0.92012984 3
2 0.31045800 -0.14683309 0.95041507 3
2 0.17754318 -0.26073050 1.04798889 2 0.17944959 0.08362002 0.91267449 3
2 0.30908579 -0.14650258 0.94838655 3
2 0.17660895 -0.26128191 1.04851401 2 0.16388209 0.06709815 0.90804231 3
2 0.30859682 -0.14723487 0.94621497 3
2 0.17684703 -0.26492476 1.04847741 2 0.15377253 0.04406583 0.90001965 3
2 0.30442029 -0.16400720 0.94152969 3
2 0.17583808 -0.26876134 1.04727244 2 0.14493585 0.02144306 0.88893354 3
2 0.30697688 -0.16328220 0.93126935 3
1 0.26795760 -0.24837631 0.98510414 2 0.13841382 -0.01572525 0.89777362 3
2 0.33695561 -0.10671715 0.89756745 3
1 0.26648542 -0.25052539 0.98607302 2 0.16419373 -0.04891359 0.88542360 3
2 0.32745576 -0.11380789 0.88420880 3
1 0.26681104 -0.24919501 0.98573679 2 0.13569961 -0.05189556 0.87001246 3
2 0.32273152 -0.12473576 0.86558360 3
1 0.26707438 -0.24872391 0.98573947 2 0.12228052 -0.07238777 0.86413568 3
1 0.32041910 -0.13597217 0.85292512 3
1 0.26711339 -0.24857700 0.98558921 2 0.12827434 -0.09347838 0.84439719 3
2 0.32780549 -0.18463509 0.82565558 3
2 0.23551488 -0.27021149 1.01854706 2 0.13818836 -0.12134071 0.83476800 3
2 0.31380057 -0.21983144 0.86188853 3
1 0.23039785 -0.27621311 1.02622843 2 0.14382698 -0.14140393 0.82148516 3
2 0.30556595 -0.24535537 0.86313570 3
1 0.22841434 -0.27851394 1.03000879 2 0.15548475 -0.15689345 0.81383204 0
2 0.30171317 -0.26138386 0.86418146 0
1 0.22635472 -0.28031847 1.03162539 2 0.16798699 -0.16623035 0.80642021 0
2 0.30032158 -0.27065238 0.86564422 0
2 0.18616496 -0.27125326 1.04818749 2 0.18495654 -0.17175642 0.79451406 0
2 0.28452426 -0.28089198 0.89472890 0
2 0.12632641 -0.25048795 1.05136168 2 0.20344058 -0.17607851 0.78509605 0
2 0.27989927 -0.26350865 0.86537427 0
2 0.12699263 -0.25095144 1.05226564 2 0.23029403 -0.18107481 0.77551091 3
2 0.28253865 -0.26559803 0.86829299 3
2 0.12922874 -0.25757423 1.05113566 2 0.25313744 -0.18145004 0.76528096 3
2 0.28640282 -0.26561987 0.86828685 3
2 0.12894782 -0.25840694 1.05090797 2 0.27821359 -0.17909652 0.75931376 0
2 0.31237078 -0.33704719 0.92077875 0
2 0.12849639 -0.25840062 1.05159211 2 0.30548954 -0.17522150 0.76094353 0
2 0.31476760 -0.33877200 0.92733645 0
2 0.12725860 -0.25805202 1.05261385 2 0.32974955 -0.16766912 0.76023650 3
2 0.31836492 -0.33488175 0.93414307 3
2 0.12575220 -0.25589803 1.05350673 2 0.35248649 -0.15552421 0.76110977 3
2 0.32107773 -0.34505737 0.95489609 3
2 0.12550774 -0.25637797 1.05382442 2 0.37408987 -0.14163657 0.76341742 3
2 0.32350349 -0.33919418 0.95475608 3
2 0.12522057 -0.25656807 1.05416012 2 0.39418614 -0.12466003 0.77025664 3
2 0.33320957 -0.29873118 0.94794595 3
2 0.12531325 -0.25680637 1.05443001 2 0.41001397 -0.10494361 0.77489603 3
2 0.33354694 -0.29748166 0.94799846 3
2 0.12515697 -0.25686401 1.05441844 2 0.42345074 -0.08787815 0.78342879 3
2 0.33345565 -0.29521626 0.94717956 3
2 0.12515096 -0.25686827 1.05443609 2 0.43443170 -0.06634194 0.79082263 3
2 0.33583400 -0.27508482 0.94593990 3
2 0.12575367 -0.25573719 1.05547440 2 0.44384864 -0.04731512 0.79759455 3
2 0.34272012 -0.25903898 0.96000504 3
2 0.13491486 -0.26083955 1.05487347 2 0.45014322 -0.02228073 0.80341142 0
2 0.35057792 -0.25211194 0.95627427 0
2 0.13524781 -0.26131463 1.05457294 2 0.45172670 0.00020450 0.80971491 0
2 0.34919745 -0.24867930 0.95206696 0
2 0.13533311 -0.26095149 1.05471230 2 0.44951037 0.01768909 0.81543612 3
2 0.34757745 -0.24391355 0.94875908 3
2 0.13943794 -0.26214331 1.05597627 2 0.44280547 0.03773822 0.82193190 3
2 0.34884953 -0.23852736 0.94506216 3
2 0.14212567 -0.26275313 1.05577266 2 0.43257090 0.05635843 0.83159733 3
2 0.34541032 -0.21438012 0.94040185 3
2 0.14162087 -0.26194307 1.05509412 2 0.41603681 0.07380313 0.83805418 3
2 0.34053132 -0.19974582 0.93815696 3
2 0.14197098 -0.26156646 1.05480552 2 0.40064162 0.09094510 0.85094535 3
2 0.33841246 -0.18856275 0.93985301 3
2 0.14321063 -0.26155391 1.05404985 2 0.38157943 0.10613834 0.85830754 3
2 0.33672026 -0.18012287 0.93960708 3
2 0.14392576 -0.26093379 1.05313385 2 0.36059076 0.11651362 0.86571872 3
2 0.32940757 -0.17683002 0.94136053 3
2 0.14508463 -0.26077175 1.05223131 2 0.33768836 0.12030014 0.87531787 3
1 0.32651290 -0.16874079 0.93947572 3
2 0.15189740 -0.26194814 1.05028141 2 0.31555185 0.12097584 0.88354594 3
2 0.31969672 -0.16781433 0.94087940 3
2 0.15477793 -0.26223409 1.04879284 2 0.29095614 0.11825909 0.88987386 3
2 0.31514230 -0.16929457 0.94131947 3
2 0.15781108 -0.26235256 1.04761398 2 0.26394802 0.11082397 0.89587802 3
2 0.32481816 -0.13828255 0.92758048 3
2 0.15921339 -0.26245213 1.04744804 2 0.23979451 0.09395810 0.90437543 3
2 0.30804828 -0.18284075 0.94125861 3
2 0.16011603 -0.26243612 1.04740977 2 0.20883837 0.08494655 0.90326864 3
2 0.31305146 -0.16683127 0.93461812 3
2 0.16038591 -0.26257911 1.04764795 2 0.18291858 0.06695563 0.90561819 3
2 0.31056288 -0.16857114 0.93508035 3
2 0.16083391 -0.26280853 1.04780078 2 0.16726659 0.03994260 0.90172273 3
2 0.30794221 -0.17256732 0.93368542 3
1 0.16238700 -0.25976357 1.04666448 2 0.16111816 0.01112093 0.89700305 3
2 0.30819201 -0.17375141 0.92941433 3
1 0.16341668 -0.25842687 1.04578185 2 0.17918146 -0.03911922 0.89288902 3
2 0.30461699 -0.17602941 0.91992605 3
1 0.16373815 -0.25743046 1.04545259 2 0.18240541 -0.06621903 0.88426214 3
2 0.29589429 -0.18749021 0.91422057 3
1 0.16421542 -0.25592515 1.04507661 1 0.13535377 -0.05263315 0.86887288 0
2 0.29022935 -0.19715318 0.90955132 0
1 0.16486204 -0.25388888 1.04537094 1 0.13173482 -0.08124136 0.86808133 0
2 0.29074615 -0.22071593 0.90469110 0
1 0.16491592 -0.25297654 1.04539418 1 0.13201687 -0.09711637 0.85725570 0
2 0.28804886 -0.22756325 0.89966875 0
1 0.16496487 -0.25294694 1.04534864 2 0.13581808 -0.11231631 0.84406257 0
2 0.28317350 -0.23798439 0.89420402 0
1 0.16584419 -0.25331855 1.04478776 1 0.14286289 -0.12831211 0.83076167 0
2 0.27485833 -0.25799599 0.89502054 0
1 0.16620223 -0.25366831 1.04475415 2 0.16699323 -0.16397385 0.81585354 0
2 0.27580789 -0.27183005 0.89127773 0
2 0.16428886 -0.25289246 1.04649198 2 0.18045892 -0.17569417 0.80559695 3
2 0.27883089 -0.28677398 0.89203590 3
2 0.15624475 -0.25550905 1.05787206 2 0.19952478 -0.18724935 0.79445457 3
2 0.29584470 -0.30643359 0.88408709 3
1 0.15369889 -0.25436768 1.05823636 2 0.22132343 -0.19630538 0.78153557 0
2 0.29013944 -0.29134876 0.86168045 0
1 0.14999735 -0.25387010 1.05774999 2 0.24570045 -0.20361593 0.77232027 0
2 0.29930380 -0.30926666 0.87621111 0
1 0.14583822 -0.25312215 1.05709982 2 0.27213508 -0.20417163 0.76511019 0
2 0.31202635 -0.36544803 0.92852449 0
1 0.14086966 -0.25137180 1.05563760 2 0.29838416 -0.20225912 0.76149809 0
2 0.28079951 -0.40085512 0.96396112 0
1 0.13781847 -0.25069258 1.05513036 2 0.32407823 -0.19809069 0.75893837 3
2 0.28190178 -0.40008169 0.96380156 3
1 0.13601419 -0.25027487 1.05483663 2 0.34877500 -0.19041264 0.75837344 3
2 0.28268683 -0.39904618 0.96390963 3
1 0.13397379 -0.25033361 1.05396628 2 0.37183926 -0.18060762 0.75790179 3
2 0.28605920 -0.39240411 0.96626699 3
1 0.13311616 -0.25064036 1.05364203 2 0.39421749 -0.17288016 0.76166528 3
2 0.24725722 -0.36495814 0.98856640 3
1 0.13168542 -0.25069278 1.05313087 2 0.41240072 -0.15440029 0.76539552 0
2 0.24667193 -0.36475143 0.98935586 0
1 0.13121198 -0.25058132 1.05308914 2 0.43310964 -0.14182678 0.77242088 0
2 0.26972562 -0.27912971 0.94339961 0
1 0.13103396 -0.25083572 1.05305743 2 0.44774422 -0.11809346 0.77996767 0
2 0.27261713 -0.27458957 0.94637501 0
1 0.13112293 -0.25097859 1.05302906 2 0.46096677 -0.10585388 0.79093695 0
1 0.28220880 -0.17907301 0.92462260 0
1 0.13218261 -0.25214881 1.05276453 2 0.46941063 -0.07406537 0.79026413 0
2 0.33874252 -0.30749071 0.94970000 0
1 0.13382004 -0.25288585 1.05289650 2 0.47379985 -0.05373411 0.79791594 0
2 0.34098724 -0.30530125 0.94944143 0
2 0.13540442 -0.25327784 1.05282521 2 0.47490755 -0.03175005 0.80540109 0
1 0.34320498 -0.29272431 0.94394475 0
2 0.14903837 -0.25533137 1.04924536 2 0.47148478 -0.00760726 0.81135494 0
2 0.36025563 -0.22608662 0.94237030 0
2 0.15174666 -0.25519961 1.04939854 2 0.46316707 0.01328030 0.81796896 0
2 0.35619444 -0.23814484 0.93610752 0
2 0.15364461 -0.25514123 1.04921520 2 0.45190063 0.03378920 0.82457000 0
2 0.35408258 -0.23758265 0.93552697 0
2 0.15524761 -0.25528082 1.04881227 2 0.43898156 0.05482120 0.83073568 3
2 0.35342988 -0.21680707 0.92906022 3
2 0.15609615 -0.25549775 1.04855502 2 0.42275387 0.07403255 0.84149981 3
2 0.34976524 -0.20026216 0.92998046 3
2 0.15812559 -0.25599453 1.04812217 2 0.40520304 0.09021306 0.84670711 3
2 0.34453446 -0.19095366 0.93012607 3
2 0.16011609 -0.25649840 1.04747319 2 0.38607895 0.10389007 0.85571498 3
2 0.33819577 -0.18352960 0.93089032 3
2 0.16149414 -0.25689206 1.04721773 2 0.36895838 0.11410587 0.86525100 3
2 0.33040687 -0.18222415 0.93433255 3
2 0.16377088 -0.25745356 1.04662001 2 0.34932229 0.11847950 0.87461370 3
2 0.32246944 -0.18082815 0.93762052 3
2 0.16540062 -0.25777215 1.04579329 2 0.32913217 0.12000547 0.87633616 3
2 0.31504229 -0.18165970 0.93869382 3
2 0.16689353 -0.25762907 1.04487300 2 0.30765441 0.12011663 0.87786245 3
2 0.31064367 -0.17596665 0.93616980 3
2 0.16777299 -0.25761071 1.04448605 2 0.28827760 0.11656485 0.88209009 3
2 0.30956954 -0.17604525 0.93586332 3
2 0.16913621 -0.25752714 1.04385662 2 0.26652622 0.10118537 0.88654637 3
2 0.30966163 -0.17573789 0.93491524 3
2 0.16917598 -0.25752637 1.04389739 2 0.23990221 0.09089174 0.88830131 3
2 0.30902737 -0.17767128 0.93378723 3
2 0.16935477 -0.25754687 1.04403293 2 0.21638338 0.07463361 0.88774818 3
2 0.31547594 -0.17309175 0.92551261 3
2 0.16935192 -0.25756559 1.04426229 2 0.19552216 0.05243341 0.88520038 3
2 0.31128713 -0.18154714 0.92430955 3
2 0.16974957 -0.25790438 1.04461169 2 0.18115103 0.02835386 0.88137597 3
2 0.31032354 -0.18870313 0.92237085 3
2 0.17365950 -0.26493326 1.04213130 2 0.16886887 0.00531989 0.87005132 3
2 0.31177846 -0.18931083 0.91325569 3
1 0.16227418 -0.26995766 1.04137969 2 0.16750473 -0.02437195 0.86312598 3
2 0.30829263 -0.18843329 0.90574026 3
1 0.16867106 -0.24135831 1.03047359 2 0.15804905 -0.04345331 0.85189521 3
2 0.30121580 -0.19110473 0.89703423 3
1 0.16067867 -0.25333571 1.03358626 2 0.14873286 -0.06103658 0.84671009 3
2 0.29639086 -0.19790789 0.89365864 3
1 0.15818453 -0.25825748 1.03489006 1 0.14473781 -0.07652381 0.83910513 0
2 0.29582742 -0.21547340 0.88961482 0
1 0.15643349 -0.26294056 1.03618097 1 0.14534643 -0.09643850 0.83345968 0
2 0.29273763 -0.22879946 0.88633835 0
1 0.15032423 -0.27577001 1.04081690 1 0.14754345 -0.11518463 0.83173805 0
2 0.28959236 -0.24435370 0.88680041 0
1 0.14844303 -0.27682820 1.04117143 2 0.17270488 -0.15286285 0.82128668 0
2 0.28503942 -0.26285151 0.89090461 0
1 0.15176156 -0.27470139 1.04073370 2 0.18166497 -0.16574970 0.81700242 3
2 0.28557089 -0.27373528 0.89179587 3
1 0.15179871 -0.27468175 1.04068995 2 0.19428073 -0.17599548 0.81019467 3
2 0.28603718 -0.27931499 0.89065826 3
2 0.15371245 -0.26247829 1.05116367 2 0.20925587 -0.18413997 0.80413693 3
2 0.29061538 -0.29290044 0.89039207 3
1 0.15298395 -0.26096532 1.05296385 2 0.22937632 -0.19131559 0.79545915 3
2 0.30953321 -0.29932380 0.87257260 3
1 0.15140662 -0.25877044 1.05381811 2 0.25742128 -0.19785506 0.78565979 3
2 0.30907848 -0.29847020 0.87475246 3
1 0.15016744 -0.25705540 1.05461633 2 0.28099981 -0.19968273 0.77872556 3
2 0.32059491 -0.36117405 0.92342824 3
1 0.15081510 -0.25839475 1.05550241 2 0.30522257 -0.19976303 0.77206510 3
2 0.32160699 -0.36127019 0.92375660 3
1 0.14416207 -0.25307542 1.05401158 2 0.32791668 -0.19952433 0.76687264 3
2 0.28682759 -0.39909723 0.96848267 3
1 0.14170207 -0.25115269 1.05373442 2 0.35024503 -0.19658238 0.76396936 3
1 0.28682292 -0.39909908 0.96851468 3
1 0.14080316 -0.25040635 1.05405736 2 0.37208688 -0.19365609 0.76219320 3
2 0.27521387 -0.34870118 1.00627124 3
1 0.14042284 -0.25031319 1.05413592 2 0.39075220 -0.18694620 0.76130676 3
2 0.24860409 -0.37084320 0.98872817 3
1 0.14011100 -0.25027478 1.05428100 2 0.40730315 -0.17874281 0.76171696 3
2 0.29100206 -0.32007483 0.99910575 3
1 0.13983163 -0.25029010 1.05440629 2 0.42420873 -0.16910841 0.76487440 0
1 0.29184541 -0.32075006 0.99873775 0
1 0.14070153 -0.25152445 1.05561781 2 0.43746170 -0.15226768 0.76601195 0
1 0.29244977 -0.32122084 0.99810457 0
1 0.14133590 -0.25208503 1.05619276 2 0.45054749 -0.13631022 0.76886308 0
1 0.29308015 -0.32146502 0.99744028 0
1 0.14131586 -0.25196111 1.05624294 2 0.46252471 -0.11246206 0.77008563 0
2 0.34258926 -0.32550097 0.95289242 0
1 0.14148709 -0.25193611 1.05617547 2 0.47110757 -0.09928191 0.77545643 0
2 0.34287190 -0.32465592 0.95236665 0
1 0.14637958 -0.25479856 1.05666041 2 0.47655362 -0.07916766 0.78027380 0
2 0.34882730 -0.31760201 0.94774073 0
2 0.14884062 -0.25883099 1.05412722 2 0.47792211 -0.05509281 0.78324956 0
1 0.30100524 -0.24317734 0.94529885 0
2 0.14996551 -0.26070160 1.05271423 2 0.47739270 -0.03593794 0.78991902 0
1 0.30198437 -0.23683563 0.94522655 0
2 0.15077023 -0.26118153 1.05231118 2 0.47395810 -0.01878334 0.79874200 0
1 0.29032475 -0.15194871 0.93695647 0
2 0.15143545 -0.26161397 1.05169320 2 0.46563485 0.00409309 0.80223018 0
2 0.35236984 -0.24426781 0.92169881 0
2 0.15197000 -0.26218498 1.05071461 2 0.45255703 0.02370638 0.80791348 0
2 0.35196277 -0.24270578 0.92098820 0
2 0.15298836 -0.26342764 1.04990792 2 0.43879187 0.04436234 0.81763190 0
2 0.35078210 -0.24017395 0.92108041 0
2 0.15366305 -0.26453891 1.04932392 2 0.42122993 0.05862540 0.82714319 3
2 0.34989741 -0.21638122 0.92036837 3
2 0.15451512 -0.26550609 1.04815626 2 0.39689246 0.07665464 0.82910544 3
2 0.34468955 -0.20406638 0.91827023 3
2 0.15508612 -0.26610661 1.04739749 2 0.37395468 0.09224195 0.84042609 3
2 0.33801731 -0.19905567 0.91930830 3
2 0.15559883 -0.26674786 1.04664469 2 0.35340571 0.09920719 0.84951544 3
2 0.33006957 -0.19440594 0.92105293 3
2 0.15604955 -0.26722175 1.04604304 2 0.33125949 0.10257255 0.85896212 3
2 0.32421094 -0.19105107 0.92266244 3
2 0.15813719 -0.26662290 1.04562306 2 0.30616692 0.10896076 0.86889225 3
2 0.31914440 -0.18603888 0.92317736 3
2 0.15963946 -0.26720527 1.04389095 2 0.28126919 0.10813937 0.87358069 3
2 0.31651860 -0.18450782 0.92302847 3
2 0.16090237 -0.26721457 1.04292202 2 0.25984994 0.09676432 0.88428336 3
2 0.31437299 -0.18320073 0.92337686 3
2 0.16122438 -0.26716715 1.04272175 2 0.23379754 0.09081843 0.89129162 3
2 0.31309050 -0.18299156 0.92356747 3
2 0.16293423 -0.26748097 1.04202247 2 0.20514297 0.08814520 0.89396006 3
2 0.31258014 -0.16446242 0.91790098 3
2 0.18042779 -0.23734434 1.04139662 2 0.18727277 0.07207277 0.89625311 3
2 0.30587497 -0.16800965 0.92165625 3
2 0.18170655 -0.23976469 1.04071128 2 0.17189908 0.05307552 0.89289343 3
2 0.30228645 -0.17253423 0.92216164 3
2 0.20530584 -0.30713040 1.02614689 2 0.16548315 0.02941566 0.88866007 3
2 0.30033711 -0.17121588 0.92056906 3
2 0.20658514 -0.32230380 1.02077746 1 0.15649131 0.01298405 0.88124764 3
2 0.30136260 -0.17297883 0.91816831 3
1 0.20494756 -0.33463770 1.01529372 2 0.14684759 -0.00435184 0.87051052 3
2 0.30288452 -0.17621680 0.91328931 3
1 0.20558953 -0.33443063 1.01745641 2 0.19569381 -0.07084711 0.87009156 3
2 0.29937756 -0.18229970 0.90965384 3
1 0.20761299 -0.23597984 1.03851676 2 0.12938057 -0.04606441 0.85045344 3
2 0.30231199 -0.18212380 0.89127314 3
1 0.20783280 -0.32454240 1.02681124 2 0.14522682 -0.08934011 0.84413606 3
2 0.29784966 -0.22224982 0.89794266 3
1 0.20544156 -0.32476130 1.02702975 2 0.13885689 -0.11183693 0.83465451 3
2 0.29591575 -0.23177703 0.89681345 3
1 0.20559953 -0.32483473 1.02686238 2 0.13949431 -0.13211495 0.82167703 3
2 0.29573721 -0.24377935 0.88942808 3
1 0.20640020 -0.32452855 1.02619886 2 0.14992996 -0.15320992 0.80973393 3
2 0.29488313 -0.26128691 0.87841898 3
1 0.20693581 -0.32481408 1.02642608 2 0.16114537 -0.17147467 0.79501480 3
2 0.29401273 -0.27468732 0.87276721 3
1 0.20690945 -0.32486257 1.02649558 2 0.17581202 -0.18970127 0.77973670 3
2 0.30744272 -0.31977016 0.87382233 3
2 0.18222617 -0.29050431 1.04028654 2 0.19564986 -0.20837262 0.76747471 3
2 0.30542028 -0.29764345 0.82942921 3
2 0.17434269 -0.28151780 1.04442120 2 0.21715340 -0.22272338 0.74908453 0
2 0.29796392 -0.29797047 0.83443242 0
2 0.17227435 -0.27935487 1.04573119 2 0.23873505 -0.23345050 0.73844647 0
1 0.29570159 -0.29810295 0.83587950 0
2 0.15816686 -0.26478052 1.05495739 2 0.24999411 -0.24917224 0.73379982 0
1 0.28314647 -0.29083341 0.84690666 0
1 0.15172799 -0.25736484 1.05459607 2 0.29168054 -0.25081590 0.72589856 0
1 0.28417951 -0.34171572 0.86902165 0
1 0.14909412 -0.25408021 1.05475807 2 0.31574014 -0.25330159 0.72411227 3
2 0.25522861 -0.37719333 0.98900849 3
1 0.14781013 -0.25270379 1.05484247 2 0.33807912 -0.25170872 0.72101074 3
2 0.26713258 -0.37099302 0.99199200 3
1 0.14741386 -0.25300673 1.05594492 2 0.36545548 -0.24849278 0.72030807 3
2 0.25972593 -0.37190044 0.99283803 3
1 0.14698623 -0.25272447 1.05597568 2 0.38630548 -0.23998369 0.71989357 3
2 0.25919110 -0.37174934 0.99265718 3
1 0.14614086 -0.25198174 1.05572307 2 0.40475112 -0.22834700 0.72196084 0
2 0.25840688 -0.37098393 0.99216574 0
1 0.14601302 -0.25180560 1.05581605 2 0.42719024 -0.21615353 0.72994351 0
2 0.25666228 -0.37158275 0.99062371 0
1 0.14576326 -0.25137699 1.05596268 2 0.44750208 -0.20587787 0.74290901 0
2 0.25644818 -0.37126428 0.99087584 0
1 0.14593218 -0.25141472 1.05611432 2 0.46292448 -0.19359396 0.75610995 0
2 0.25352803 -0.37308472 0.98843676 0
1 0.14599697 -0.25139517 1.05612838 2 0.47154567 -0.18529643 0.77066976 0
2 0.25478438 -0.37171102 0.98756301 0
1 0.14647834 -0.25136024 1.05612731 2 0.47583774 -0.15842769 0.77436113 0
2 0.28499725 -0.28535751 0.94538206 0
1 0.15119353 -0.25447255 1.05607581 2 0.48034251 -0.12402473 0.77259016 1
2 0.35389617 -0.31479087 0.94239253 1
1 0.15193708 -0.25422728 1.05539382 2 0.48150855 -0.11096798 0.78287995 1
2 0.35613316 -0.30505830 0.93921918 1
2 0.15761717 -0.25681525 1.05592215 2 0.48370937 -0.05295580 0.77876073 1
1 0.30510849 -0.24344015 0.94458908 1
2 0.15702192 -0.25301319 1.05680096 2 0.48059100 -0.03350431 0.78396863 1
1 0.30651182 -0.23300207 0.94432664 1
2 0.15882060 -0.25401834 1.05602753 2 0.47650290 -0.01398720 0.79235584 0
1 0.29705399 -0.14582042 0.93578333 0
2 0.15986349 -0.25464925 1.05602646 2 0.46949536 0.01019303 0.79906631 0
2 0.34884536 -0.24904941 0.93025434 0
2 0.16199316 -0.25573385 1.05411160 2 0.45764056 0.02645848 0.80445409 0
2 0.34824160 -0.24729811 0.92916334 0
2 0.16406585 -0.25702167 1.05321205 2 0.44760865 0.04720851 0.81590068 0
2 0.34735119 -0.24235246 0.92925018 0
2 0.16263929 -0.25692272 1.05270422 2 0.43236056 0.06075820 0.82252342 3
2 0.35064366 -0.20735885 0.92338443 3
2 0.16189589 -0.25678572 1.05252767 2 0.41743186 0.07461848 0.83351254 3
2 0.34997320 -0.20059071 0.92388588 3
2 0.16134743 -0.25668168 1.05234158 2 0.39751649 0.08749633 0.84141552 3
2 0.34669653 -0.19583879 0.92487723 3
2 0.16084006 -0.25662959 1.05197799 2 0.37713835 0.09433103 0.84863949 3
2 0.34134889 -0.19300894 0.92591804 3
2 0.16051589 -0.25662634 1.05188489 2 0.35751456 0.09444309 0.85891080 3
2 0.33703673 -0.19146207 0.92775536 3
2 0.16028465 -0.25669336 1.05195010 2 0.33600825 0.09439238 0.86706507 3
2 0.33531529 -0.19089012 0.92845899 3
2 0.16001233 -0.25674120 1.05201447 2 0.31081438 0.09173739 0.87112689 3
2 0.33414385 -0.19066268 0.92868328 3
2 0.15976031 -0.25674802 1.05203724 2 0.29229873 0.07206693 0.87597406 3
2 0.33266681 -0.18977635 0.92827868 3
2 0.15957314 -0.25673079 1.05205667 2 0.26302531 0.07272848 0.87494165 3
2 0.33138087 -0.19121303 0.92762196 3
2 0.15949847 -0.25672591 1.05207038 2 0.23828514 0.05973935 0.87713403 3
2 0.33008122 -0.19537568 0.92683107 3
2 0.16632493 -0.26103702 1.05089748 2 0.21657085 0.04370594 0.87504596 3
2 0.32868591 -0.19864057 0.92537844 3
2 0.16608794 -0.26062194 1.05089414 2 0.20234449 0.01845333 0.87446982 3
2 0.32729176 -0.20188111 0.92331851 3
2 0.16559926 -0.26046234 1.05056548 2 0.18894263 -0.00262287 0.86965758 3
2 0.32623258 -0.20212784 0.92106384 3
1 0.16446421 -0.26058772 1.05060685 2 0.17669187 -0.02951238 0.86463600 3
2 0.31632182 -0.18355568 0.90399587 3
1 0.16572143 -0.22248146 1.04423249 2 0.16770940 -0.05335578 0.85353339 3
2 0.31240550 -0.18675207 0.90178829 3
1 0.16538453 -0.22517049 1.04442358 2 0.16343823 -0.08031785 0.84161800 3
2 0.31191513 -0.20579582 0.90070516 3
1 0.16564536 -0.22466011 1.04386199 2 0.15803054 -0.10379282 0.83045191 3
2 0.30995595 -0.21740471 0.89870518 3
1 0.16710047 -0.22824316 1.04432893 2 0.16420232 -0.13223082 0.81474864 3
2 0.30745754 -0.24111851 0.89646792 3
1 0.16337325 -0.23315074 1.04791081 2 0.17484280 -0.15600932 0.80292451 3
2 0.30219436 -0.26453882 0.90212172 3
1 0.15694010 -0.24526326 1.04826939 2 0.18493041 -0.17364947 0.78583944 3
2 0.29744166 -0.28261632 0.90238720 3
1 0.15558426 -0.24668559 1.05158448 2 0.19998369 -0.18994413 0.77216607 3
2 0.34050712 -0.34983274 0.93652254 3
1 0.15449986 -0.24915564 1.05270648 2 0.21915556 -0.20406665 0.75587100 3
2 0.33940151 -0.35194388 0.93725187 3
1 0.15402694 -0.25206423 1.05437529 2 0.23937228 -0.21309434 0.74253935 0
2 0.33707097 -0.35897279 0.94102162 0
1 0.15250288 -0.25226805 1.05575466 2 0.26282039 -0.21999913 0.73544526 0
1 0.33135089 -0.35761824 0.94464844 0
1 0.15147729 -0.25222445 1.05612862 2 0.28627914 -0.22224319 0.72396469 0
1 0.33482623 -0.35911089 0.94380623 0
1 0.14638233 -0.24964549 1.05494940 2 0.31182843 -0.22279154 0.71765655 0
1 0.27554631 -0.34556425 0.97245729 0
1 0.14457951 -0.24908312 1.05488420 2 0.33568454 -0.22017434 0.71219593 3
1 0.27547956 -0.34555861 0.97246754 3
1 0.14172655 -0.24768819 1.05408120 2 0.35740715 -0.21241195 0.70730579 3
1 0.27529243 -0.34554628 0.97234321 3
1 0.14182325 -0.24850547 1.05488420 2 0.37910110 -0.20447081 0.70851707 0
1 0.27688280 -0.34786054 0.97382706 0
1 0.14120051 -0.24821033 1.05486023 2 0.40330094 -0.19438277 0.71037674 0
1 0.27685991 -0.34785941 0.97382581 0
1 0.14094324 -0.24816461 1.05476642 2 0.42340136 -0.18125504 0.71653062 0
2 0.30466074 -0.35916001 0.96500278 0
1 0.14099269 -0.24817091 1.05483806 2 0.43887982 -0.16172110 0.72279918 0
2 0.34119102 -0.33128881 0.94985998 0
1 0.14253169 -0.24940862 1.05534244 2 0.45212504 -0.14535490 0.73222619 1
2 0.34297982 -0.33068156 0.94925982 1
1 0.14278339 -0.24960081 1.05482149 2 0.46114096 -0.12892446 0.74620938 1
2 0.34635830 -0.32078430 0.94694632 1
1 0.14570132 -0.25119776 1.05572343 2 0.46727335 -0.10433426 0.75512582 1
2 0.35208204 -0.30596888 0.94268560 1
1 0.15014398 -0.25358748 1.05529058 2 0.46657872 -0.06914719 0.75746524 1
2 0.35624549 -0.30585530 0.94041061 1
2 0.15384679 -0.25497872 1.05474973 2 0.46263382 -0.06884392 0.77947330 0
2 0.35913944 -0.30529812 0.93730980 0
2 0.15350381 -0.25291210 1.05550933 2 0.45455286 -0.05693901 0.78991133 0
1 0.35756943 -0.30132049 0.93468392 0
2 0.15713249 -0.25495085 1.05401278 2 0.44737005 -0.00709285 0.78486800 0
2 0.35877040 -0.24899924 0.92248052 0
2 0.15793990 -0.25539860 1.05432439 2 0.43336135 0.01111770 0.79519355 0
2 0.35882491 -0.24720646 0.92221522 0
2 0.15835902 -0.25530922 1.05423784 2 0.41798416 0.02774025 0.80628538 3
2 0.35840973 -0.24331120 0.92163998 3
2 0.16039132 -0.25677833 1.05335844 2 0.39864406 0.04460172 0.81809193 3
2 0.35511571 -0.23897986 0.92329812 3
2 0.16191649 -0.25779068 1.05236161 2 0.37552050 0.06300820 0.82797480 3
2 0.34688655 -0.21943849 0.92335635 3
2 0.16141774 -0.25755149 1.05227923 2 0.35532245 0.07215666 0.84223765 3
2 0.33604562 -0.22527397 0.93123931 3
2 0.16100529 -0.25738385 1.05221641 2 0.33105597 0.08028100 0.85370964 3
2 0.33368525 -0.20553192 0.92829639 3
2 0.16065928 -0.25731310 1.05220890 2 0.30645192 0.08465150 0.86224490 3
2 0.33144754 -0.19854699 0.92785269 3
2 0.16026142 -0.25703874 1.05215371 2 0.28648838 0.07640681 0.87332129 3
2 0.32861650 -0.19265741 0.92761981 3
2 0.16737519 -0.25942314 1.04954159 2 0.26099986 0.07901885 0.87880826 3
2 0.32677802 -0.19110228 0.92818254 3
2 0.16558796 -0.25818393 1.05028081 2 0.23532908 0.07724322 0.88749599 3
2 0.32583228 -0.19106469 0.92868292 3
2 0.17251460 -0.25902042 1.04884148 2 0.21370879 0.06873851 0.89121097 3
2 0.32288226 -0.19116139 0.92977321 3
2 0.20106860 -0.29059631 1.03383851 2 0.19469035 0.05828512 0.89108056 3
2 0.31519783 -0.16813938 0.92578030 3
2 0.20219088 -0.29171076 1.03442967 2 0.18027580 0.04160080 0.89039636 3
2 0.31519106 -0.16816759 0.92562413 3
2 0.20155342 -0.29416633 1.03663170 2 0.17015301 0.02372738 0.88573444 3
2 0.31330657 -0.17800148 0.92702180 3
1 0.19848593 -0.29288089 1.03342152 1 0.16499937 0.00328088 0.87389195 3
2 0.31224069 -0.17905879 0.92561078 3
2 0.19951993 -0.31126839 1.02631390 2 0.17021464 -0.02511767 0.86949599 3
2 0.30735707 -0.17725903 0.92148191 3
1 0.20138609 -0.31546587 1.02603388 2 0.15709116 -0.04286245 0.85810775 3
2 0.30450937 -0.17914525 0.91820174 3
1 0.20114227 -0.31783894 1.02472317 1 0.12223113 -0.04132132 0.84023792 0
2 0.29326400 -0.18286420 0.90850884 0
2 0.20011121 -0.31638712 1.02599835 2 0.14014280 -0.08384121 0.83825165 0
2 0.30093083 -0.20656052 0.90750295 0
1 0.19883965 -0.31703827 1.02594304 2 0.13335310 -0.10452527 0.82416195 3
2 0.29936564 -0.21416602 0.90436411 3
1 0.18423294 -0.33039603 1.02077591 2 0.12883227 -0.12524967 0.81194580 3
2 0.29879978 -0.22812608 0.89972401 3
1 0.18674086 -0.31604460 1.00696182 2 0.13183606 -0.14574653 0.79927766 3
2 0.30667818 -0.24142776 0.88912308 3
1 0.18825713 -0.31648931 1.00626087 2 0.14234754 -0.16518071 0.78518677 3
2 0.30984282 -0.25787047 0.88121486 3
1 0.19184107 -0.31889665 1.01154816 2 0.15165235 -0.18031399 0.77154988 3
2 0.31295490 -0.28134066 0.87822503 3
1 0.19270280 -0.31990066 1.01405191 2 0.16893026 -0.19656433 0.75662929 3
2 0.31548190 -0.30073690 0.87865371 3
2 0.17821167 -0.29207307 1.03456056 2 0.18702890 -0.20995560 0.74260974 3
2 0.32820210 -0.35202697 0.92673093 3
2 0.16986506 -0.28088182 1.04126513 2 0.20664437 -0.22072867 0.72808856 3
2 0.32587421 -0.35674274 0.93089074 3
2 0.16876514 -0.27890545 1.04291499 2 0.22619569 -0.22741896 0.71433008 0
1 0.32539937 -0.35902876 0.93310273 0
2 0.16764922 -0.27772179 1.04385090 2 0.24940217 -0.23256910 0.70455170 0
1 0.32468808 -0.36042696 0.93429613 0
2 0.15522626 -0.26356590 1.05599082 1 0.26516321 -0.23033461 0.70573014 0
2 0.27320197 -0.38806245 0.97266942 0
1 0.14863151 -0.25579756 1.05495369 2 0.29756507 -0.23260912 0.69199723 0
2 0.26011670 -0.37159297 0.97820354 0
1 0.14866091 -0.25568917 1.05509734 2 0.31980932 -0.22671062 0.68823183 3
2 0.25701851 -0.37396267 0.97760296 3
1 0.14654325 -0.25412843 1.05406487 2 0.34389591 -0.21741095 0.68423504 3
2 0.25552899 -0.37278202 0.97834527 3
1 0.14632262 -0.25391960 1.05451143 2 0.36773580 -0.20746636 0.68845659 0
2 0.25519121 -0.37287545 0.97927541 0
1 0.14621632 -0.25382343 1.05485356 2 0.38945535 -0.19237681 0.69149804 0
2 0.25520861 -0.37283167 0.97992432 0
1 0.14627157 -0.25361326 1.05517614 2 0.40868732 -0.17785913 0.69842881 0
2 0.30614609 -0.35920301 0.95477349 0
1 0.14652534 -0.25371489 1.05528355 2 0.42609468 -0.16325010 0.70832920 0
2 0.30583173 -0.35844851 0.95435798 0
1 0.14643551 -0.25330436 1.05475616 2 0.43646452 -0.17831261 0.75010586 0
2 0.30672738 -0.35509863 0.95501465 0
1 0.14648968 -0.25315037 1.05462217 2 0.44708484 -0.12112553 0.72945637 0
2 0.35113159 -0.31457135 0.94068623 0
1 0.14864779 -0.25370970 1.05460334 2 0.44971523 -0.09227565 0.73786992 0
2 0.35373449 -0.30686226 0.93671817 0
1 0.15036106 -0.25432381 1.05458462 2 0.44931856 -0.07057097 0.75096607 0
2 0.31037718 -0.32810941 0.95527756 0
2 0.15197244 -0.25475582 1.05474520 2 0.44489741 -0.05431006 0.76889580 0
1 0.28709599 -0.15927348 0.91700649 0
2 0.15285328 -0.25466549 1.05484688 2 0.43635610 -0.03094792 0.78012878 0
2 0.36530438 -0.25390708 0.93657207 0
2 0.15406157 -0.25449684 1.05479908 2 0.42633247 -0.00738443 0.79381382 3
2 0.36433417 -0.25442848 0.93224901 3
2 0.16199069 -0.25902551 1.05252421 2 0.41620201 0.00810889 0.80608827 3
2 0.36859536 -0.25044519 0.92570513 3
2 0.16264494 -0.25875208 1.05362189 2 0.40609065 0.02857998 0.82285988 3
2 0.36549667 -0.24710268 0.92655492 3
2 0.16340533 -0.25896129 1.05347943 2 0.39182809 0.04654450 0.83399785 3
2 0.35913411 -0.24060182 0.92828083 3
2 0.16449356 -0.25923797 1.05285668 2 0.37687445 0.06209793 0.84360927 3
2 0.35060591 -0.23629402 0.93086195 3
2 0.16512360 -0.25964859 1.05269217 2 0.36228272 0.07606836 0.85617507 3
2 0.34268621 -0.23323444 0.93552285 3
2 0.16584368 -0.25995281 1.05254745 2 0.34591994 0.08302776 0.86473751 3
2 0.33614245 -0.20327555 0.93658459 3
2 0.16329376 -0.25905645 1.05245304 2 0.32584813 0.09009271 0.87304878 3
2 0.33435971 -0.19978890 0.93696266 3
2 0.16234976 -0.25860789 1.05247903 2 0.30655816 0.09340578 0.87982064 3
2 0.33233693 -0.19289078 0.93753791 3
2 0.16196403 -0.25826839 1.05234456 2 0.28342897 0.08687676 0.88477230 3
2 0.33053654 -0.18987706 0.93741333 3
2 0.16166250 -0.25795135 1.05223298 2 0.25765520 0.07924670 0.88593942 3
2 0.33001211 -0.18952270 0.93720120 3
2 0.16130686 -0.25757191 1.05247951 2 0.23370224 0.06578896 0.89099699 3
2 0.32999682 -0.19083177 0.93755633 3
2 0.16115333 -0.25744185 1.05251765 2 0.20930648 0.04984991 0.88902789 3
2 0.32869032 -0.19252935 0.93794155 3
2 0.16124699 -0.25718477 1.05259573 2 0.19361871 0.02549054 0.88531619 3
2 0.32746348 -0.19405574 0.93794620 3
2 0.20931034 -0.32429081 1.02896047 2 0.18931924 -0.00744492 0.88067961 3
2 0.32601339 -0.19362906 0.93682641 3
2 0.20977615 -0.32792532 1.02719700 2 0.17362881 -0.03256387 0.87061763 3
2 0.30968758 -0.17722282 0.92112964 3
1 0.21020487 -0.32834649 1.02740836 2 0.16053627 -0.05537402 0.86163694 3
2 0.30545357 -0.17943278 0.91800696 3
1 0.21054474 -0.32801473 1.02744901 2 0.15198338 -0.08434008 0.85296136 3
2 0.31131321 -0.21452020 0.91662377 3
1 0.20826496 -0.32767773 1.02749109 2 0.14584818 -0.10851113 0.84462565 3
2 0.30854699 -0.21991873 0.91583323 3
1 0.20841594 -0.32761601 1.02748024 2 0.14463542 -0.13452549 0.83322608 3
2 0.30907542 -0.22728319 0.90914398 3
1 0.21156231 -0.32439020 1.02077162 2 0.14950496 -0.15818849 0.82184643 3
2 0.32733959 -0.25190881 0.89647740 3
2 0.20935929 -0.31996280 1.02527773 2 0.15605780 -0.17733616 0.81057930 3
2 0.32347292 -0.26157066 0.89194047 3
2 0.19197401 -0.31572410 1.02303720 2 0.16870165 -0.19302720 0.79609817 3
2 0.31646565 -0.28158650 0.89118361 3
2 0.18092489 -0.29273528 1.03592622 2 0.18305382 -0.20531653 0.77850008 3
2 0.30453184 -0.30522317 0.90005153 3
1 0.14532281 -0.24883345 1.06060159 2 0.19927792 -0.21790202 0.76852632 0
2 0.30219579 -0.28409278 0.87346900 0
1 0.14676666 -0.25092712 1.06101954 2 0.21873315 -0.22797115 0.75276393 0
2 0.29000235 -0.28143668 0.86195534 0
1 0.14821438 -0.25261080 1.06174290 2 0.15510866 -0.20082362 0.63317788 0
2 0.25637335 -0.26752248 0.83938396 0
1 0.14845379 -0.25310108 1.06203902 2 0.26121905 -0.23954460 0.72547412 0
2 0.28727829 -0.30334038 0.86404598 0
1 0.14902586 -0.25406936 1.06225252 2 0.27928749 -0.23924094 0.71708316 0
1 0.27806258 -0.32771233 0.86515170 0
1 0.14889890 -0.25374529 1.06202137 2 0.30053696 -0.23613493 0.71300775 0
1 0.27740559 -0.32606679 0.86403179 0
1 0.14714500 -0.25195229 1.05926061 2 0.32103989 -0.22775626 0.70524323 3
1 0.27474672 -0.32276183 0.86004353 3
1 0.14753082 -0.25193530 1.05948007 2 0.34365496 -0.21790677 0.70549804 3
1 0.27509388 -0.32260948 0.86018676 3
1 0.14790502 -0.25244540 1.05984914 2 0.36256042 -0.20457298 0.70203733 3
1 0.27536634 -0.32288134 0.86040229 3
1 0.14840527 -0.25316745 1.06053209 2 0.38349065 -0.18755764 0.70526952 3
2 0.30983424 -0.36257333 0.95998961 3
1 0.14912938 -0.25400618 1.06068265 2 0.39765140 -0.17149529 0.70932573 0
2 0.30969733 -0.36212397 0.95988017 0
1 0.14899532 -0.25331056 1.06000161 2 0.41562563 -0.15611695 0.72304440 0
2 0.30844182 -0.36072484 0.96002507 0
1 0.15246485 -0.25547871 1.06013608 2 0.42253625 -0.12879765 0.73364717 0
2 0.30754727 -0.35867923 0.96020615 0
2 0.15517154 -0.25696734 1.05974448 2 0.42451680 -0.09617422 0.73684096 0
2 0.35879180 -0.30085933 0.93300056 0
2 0.15727192 -0.25774527 1.05927944 2 0.42663938 -0.07146390 0.74779588 0
2 0.36747056 -0.27487916 0.93682814 0
2 0.15905893 -0.25805217 1.05931795 2 0.42410436 -0.04411851 0.76065546 0
2 0.36894143 -0.27110705 0.93562979 0
2 0.16069028 -0.25864476 1.05934572 2 0.42048758 -0.02125854 0.77569205 3
2 0.36705354 -0.26810449 0.92861199 3
2 0.16227520 -0.25919569 1.05863512 2 0.41129866 0.00333089 0.78610915 3
2 0.36516106 -0.25859585 0.92415988 3
2 0.16429940 -0.25948074 1.05779564 2 0.40031952 0.02242905 0.79832947 3
2 0.36064169 -0.25046876 0.92272538 3
2 0.16907917 -0.26095027 1.05507922 2 0.38662133 0.04294108 0.81212240 3
2 0.35294083 -0.24421395 0.92476821 3
2 0.17036347 -0.26156741 1.05428696 2 0.36847830 0.05889027 0.82610083 3
2 0.34457231 -0.22825018 0.92580563 3
2 0.17160723 -0.26238132 1.05298781 2 0.35012004 0.07046603 0.83693588 3
2 0.33363631 -0.23191017 0.93130988 3
2 0.16949503 -0.26110733 1.05238128 2 0.32861966 0.08138711 0.84520030 3
2 0.32988757 -0.20690051 0.92809075 3
2 0.16789609 -0.26004884 1.05225670 2 0.30836740 0.08531027 0.85542488 3
2 0.32809374 -0.20076321 0.92815787 3
2 0.16670625 -0.25898224 1.05181789 2 0.29098117 0.07857858 0.86390126 3
2 0.32494563 -0.19548482 0.92720371 3
2 0.16683447 -0.25794393 1.05080652 2 0.26535359 0.08204288 0.86889625 3
2 0.32275781 -0.19331051 0.92737210 3
2 0.17163676 -0.25935522 1.04949892 2 0.23879266 0.07703651 0.87488514 3
2 0.32198310 -0.19273713 0.92702609 3
2 0.17096499 -0.25837842 1.04954445 2 0.21505718 0.06707942 0.88088757 3
2 0.32089606 -0.19272624 0.92708051 3
2 0.17033625 -0.25747001 1.04972756 2 0.19300929 0.05252707 0.88313848 3
2 0.31652567 -0.18844253 0.92655307 3
2 0.17011212 -0.25737679 1.04980230 2 0.17848881 0.03142494 0.88246578 3
2 0.31290722 -0.18887120 0.92761230 3
2 0.17179407 -0.26535088 1.04710126 1 0.17065223 0.00814731 0.87817889 0
2 0.31244314 -0.18861225 0.92608732 0
1 0.17364608 -0.26750252 1.04492497 1 0.15779559 -0.00841026 0.86780000 0
2 0.31178665 -0.18561721 0.91985983 0
1 0.18091156 -0.27099559 1.03922558 2 0.16894753 -0.04097832 0.86407721 1
2 0.30930072 -0.18512784 0.91515756 1
1 0.18091592 -0.27096158 1.03911757 2 0.13378780 -0.04213893 0.84662205 1
2 0.30359378 -0.19028062 0.91070634 1
1 0.17914844 -0.26852912 1.04018509 2 0.14246741 -0.08208270 0.83551747 1
2 0.29620346 -0.20069891 0.90544128 1
1 0.17829354 -0.26880586 1.04038978 2 0.13703690 -0.10643141 0.82420838 1
2 0.29949117 -0.22630803 0.90246552 1
1 0.17843045 -0.24916354 1.04227245 2 0.14127827 -0.12915356 0.81072283 1
2 0.29979810 -0.23890048 0.89883399 1
1 0.17850332 -0.25008085 1.04206109 2 0.15244232 -0.15159871 0.79736203 1
2 0.29739949 -0.25952542 0.89648670 1
1 0.17909490 -0.25284827 1.04351664 2 0.16309190 -0.16626130 0.78260672 3
2 0.29291770 -0.27330470 0.89470500 3
1 0.17396638 -0.27863592 1.05018187 2 0.17898159 -0.18125439 0.77021426 3
2 0.29107642 -0.28757155 0.89354575 3
2 0.15766969 -0.25882486 1.05557334 2 0.19507143 -0.19091259 0.75571460 0
2 0.30041599 -0.29920787 0.88551337 0
2 0.15751007 -0.25895151 1.05595148 2 0.21791650 -0.19977129 0.74044204 0
1 0.30545872 -0.30691731 0.88374460 0
2 0.15737733 -0.25906810 1.05626833 2 0.23940663 -0.20377591 0.72775424 3
1 0.30713111 -0.30950469 0.88316131 3
1 0.15666394 -0.25906101 1.05749595 2 0.26250201 -0.20623422 0.71890354 3
1 0.30746499 -0.31045860 0.88347894 3
1 0.15557455 -0.25870419 1.05938816 2 0.28629172 -0.20518574 0.71194953 0
2 0.33224905 -0.33124298 0.95575047 0
1 0.15076993 -0.25516671 1.05888772 2 0.30959797 -0.20071207 0.70540971 0
1 0.32916489 -0.32843569 0.95302224 0
1 0.15056314 -0.25487933 1.05915070 2 0.32922503 -0.19313194 0.70221031 3
1 0.32918125 -0.32828251 0.95288801 3
1 0.14976501 -0.25376010 1.06038928 2 0.35320091 -0.18394516 0.69999987 3
2 0.34178582 -0.34301278 0.93885428 3
1 0.14825761 -0.25257105 1.05970609 2 0.37265551 -0.17102595 0.69956386 0
2 0.30398375 -0.36402604 0.95791030 0
1 0.14835259 -0.25254610 1.05991471 2 0.39113006 -0.15741491 0.70588601 0
2 0.30356494 -0.36229572 0.95746762 0
1 0.14875075 -0.25281343 1.06009328 2 0.40774623 -0.13847324 0.71240437 0
2 0.34513533 -0.33178011 0.93797040 0
1 0.14948730 -0.25329292 1.06059277 2 0.42485434 -0.12330741 0.72442925 0
2 0.34698170 -0.32784006 0.93727714 0
1 0.15061989 -0.25399211 1.06044972 2 0.43531588 -0.10800419 0.73104948 0
2 0.34959152 -0.32151416 0.93512499 0
1 0.15332010 -0.25709152 1.06132758 2 0.44178975 -0.08049199 0.73541206 0
2 0.35633227 -0.29142338 0.92772156 0
2 0.15305902 -0.25664699 1.06059623 2 0.44593325 -0.05657013 0.73995203 0
2 0.35529748 -0.27130401 0.92134708 0
2 0.15515591 -0.25831044 1.06127357 2 0.44912919 -0.03355568 0.74907446 0
2 0.35527679 -0.24508040 0.91801357 0
2 0.15496925 -0.25807261 1.06039476 2 0.44950408 -0.01847952 0.75920832 0
2 0.35509109 -0.24765962 0.91678411 0
2 0.15913795 -0.25920030 1.05743456 2 0.44367281 0.00132515 0.76517159 0
2 0.35859385 -0.24482495 0.91315901 0
2 0.16092667 -0.25961450 1.05635726 2 0.43604150 0.01722226 0.77622688 0
2 0.35730869 -0.24185197 0.91252935 0
2 0.16313957 -0.26055869 1.05433583 2 0.42405346 0.03102265 0.78414249 0
2 0.35452613 -0.23791742 0.91198039 0
2 0.16433734 -0.26129434 1.05350327 2 0.41183728 0.04485968 0.79981345 3
2 0.35204127 -0.22394465 0.91267234 3
2 0.16529036 -0.26172999 1.05242610 2 0.39173549 0.05952350 0.81026846 3
2 0.34723800 -0.21464151 0.91480583 3
2 0.16608758 -0.26205763 1.05173683 2 0.37023866 0.07016470 0.82502913 3
2 0.34256247 -0.20890321 0.91716510 3
2 0.16658548 -0.26223096 1.05133986 2 0.34707662 0.07644410 0.83836919 3
2 0.33747274 -0.20693447 0.91962194 3
2 0.16694126 -0.26231354 1.05104828 2 0.32390758 0.07950207 0.85016847 3
2 0.33380529 -0.20330331 0.92118257 3
2 0.16717018 -0.26240867 1.05092084 2 0.30267173 0.07748161 0.86008209 3
2 0.33093008 -0.19803342 0.92181659 3
2 0.16737372 -0.26247963 1.05084884 2 0.28434366 0.06768203 0.87135911 3
2 0.32901436 -0.19563685 0.92236596 3
2 0.16761440 -0.26258501 1.05068505 2 0.25715661 0.07106309 0.87626624 3
2 0.32841718 -0.19533789 0.92274600 3
2 0.16779433 -0.26267627 1.05050933 2 0.23264264 0.06538208 0.88403904 3
2 0.32753959 -0.19582826 0.92313933 3
2 0.16831800 -0.26286903 1.05032539 2 0.21273965 0.05642283 0.88993937 3
2 0.32601646 -0.19578440 0.92383713 3
2 0.16878270 -0.26307940 1.05020916 2 0.19459847 0.04538166 0.89085948 3
2 0.32229710 -0.19420657 0.92447102 3
2 0.16920900 -0.26304460 1.05016780 2 0.18343879 0.03134773 0.88957602 3
2 0.31906179 -0.19230725 0.92439300 3
2 0.17028764 -0.26365933 1.04968870 2 0.17384773 0.01284424 0.88783193 3
2 0.31866226 -0.19251935 0.92373592 3
2 0.17986245 -0.28172782 1.03937244 2 0.16501172 -0.00168671 0.88154930 3
2 0.31637752 -0.18694995 0.91818929 3
1 0.18117043 -0.28437802 1.03812301 2 0.15219826 -0.01666314 0.87780625 3
2 0.31363270 -0.18479767 0.91490871 3
1 0.18295313 -0.28233844 1.03664267 2 0.16622080 -0.04878912 0.86986119 3
2 0.30798465 -0.18538356 0.91001481 3
1 0.18382204 -0.28116271 1.03576374 1 0.13618739 -0.04442740 0.85885251 0
2 0.30285382 -0.18924111 0.90538615 0
1 0.18459311 -0.28022900 1.03494060 1 0.13077816 -0.06932273 0.85261989 0
2 0.30273917 -0.21012107 0.90288353 0
1 0.18586217 -0.27955139 1.03368962 2 0.14680950 -0.10285046 0.84083909 3
2 0.30143598 -0.22069639 0.89946067 3
1 0.18693234 -0.27803579 1.03291368 2 0.14464240 -0.12211980 0.82714564 3
2 0.29919252 -0.23311649 0.89042360 3
1 0.18789114 -0.27763596 1.03243113 2 0.14765212 -0.14261109 0.81282961 3
2 0.29764596 -0.25213194 0.88323712 3
1 0.18826735 -0.27764922 1.03254807 2 0.15553349 -0.16234897 0.80009305 3
2 0.29368958 -0.27015734 0.87824059 3
2 0.16080528 -0.24803932 1.04038930 2 0.16248539 -0.17647314 0.78513277 3
2 0.27788225 -0.28350899 0.88904613 3
2 0.15060540 -0.23925309 1.04766738 2 0.17417933 -0.18896165 0.77043456 3
2 0.27210543 -0.29716232 0.88839614 3
1 0.14740111 -0.24613070 1.05447233 2 0.18598789 -0.19882756 0.75618160 3
2 0.28331017 -0.28133833 0.84808099 3
1 0.14669743 -0.24945723 1.05564618 2 0.20301904 -0.20661311 0.74010843 3
2 0.27865005 -0.28054631 0.84593952 3
1 0.14581111 -0.24955602 1.05826712 2 0.21963231 -0.21254958 0.72972506 0
2 0.27052790 -0.27509433 0.84330624 0
1 0.14681987 -0.25443408 1.05905247 2 0.23844296 -0.21553916 0.71734667 0
2 0.25475165 -0.25978425 0.83363324 0
1 0.14577536 -0.25436005 1.05860591 1 0.23739125 -0.19523847 0.70090693 0
2 0.24781492 -0.25309682 0.83035231 0
1 0.14599130 -0.25594783 1.06068432 2 0.28164166 -0.21317683 0.70276201 0
2 0.31422964 -0.34634814 0.90390980 0
1 0.14590816 -0.25594056 1.06073689 2 0.30068919 -0.20589018 0.69915086 0
1 0.33312353 -0.32726198 0.91702610 0
1 0.14437145 -0.25506642 1.06096423 2 0.31995773 -0.19584928 0.70283276 0
2 0.32602242 -0.36405736 0.93787122 0
1 0.14161749 -0.25418985 1.06051064 2 0.33872986 -0.18365774 0.70562434 3
2 0.32464263 -0.36312759 0.93962181 3
1 0.14240342 -0.25503585 1.06056845 2 0.35173228 -0.16315196 0.70479327 3
2 0.32790446 -0.35780632 0.93765324 3
1 0.14211611 -0.25460777 1.06002641 2 0.36198413 -0.14450446 0.71086121 3
2 0.33139202 -0.34532505 0.93266177 3
1 0.14209726 -0.25420150 1.05924666 2 0.36955392 -0.12241010 0.71793890 3
2 0.33456740 -0.31407541 0.91699696 3
1 0.14463603 -0.25584531 1.05916190 2 0.37324715 -0.10103250 0.72608036 3
2 0.33781281 -0.30584148 0.91367906 3
1 0.14529532 -0.25408676 1.06012273 2 0.37279579 -0.08023813 0.73330826 3
2 0.33496740 -0.30606937 0.91044831 3
1 0.14726683 -0.25505146 1.05966842 2 0.37093642 -0.05909079 0.74347311 3
2 0.33733296 -0.29165027 0.90542102 3
2 0.14853293 -0.25534305 1.05923438 2 0.36801490 -0.03967672 0.75506002 3
2 0.33895057 -0.28365794 0.90345252 3
2 0.14958364 -0.25552624 1.05890620 2 0.36334586 -0.02385731 0.76450425 3
2 0.34016588 -0.26790661 0.90085799 3
2 0.14964074 -0.25510287 1.05814838 2 0.35585687 -0.00628021 0.77376139 3
2 0.34375426 -0.24899700 0.91420227 3
2 0.15329278 -0.25770497 1.05777371 2 0.34697166 0.00772929 0.77994627 3
2 0.34273365 -0.24221495 0.91583717 3
2 0.15417615 -0.25775021 1.05724764 2 0.33714539 0.02006765 0.78867346 3
2 0.34069678 -0.24202380 0.91022027 3
2 0.15585800 -0.25864646 1.05717909 2 0.32525837 0.03214001 0.79486471 3
2 0.33834189 -0.24141139 0.90902770 3
2 0.15722016 -0.25940469 1.05678499 2 0.31557846 0.03898416 0.80211806 3
2 0.33689773 -0.24068643 0.90885067 3
2 0.15807252 -0.25823170 1.05383790 2 0.30503389 0.04099756 0.80386668 3
2 0.33447066 -0.23912318 0.90741676 3
2 0.15841737 -0.25758114 1.05278230 2 0.29844511 0.04294990 0.81124049 3
2 0.33209065 -0.22014309 0.90178859 3
2 0.15859729 -0.25719854 1.05225337 2 0.29507622 0.04368438 0.81451851 3
2 0.33142266 -0.21645123 0.90086514 3
2 0.15927947 -0.25824517 1.05268359 2 0.29108071 0.04436574 0.81849098 3
2 0.33108237 -0.21395263 0.90009046 3
2 0.15943116 -0.25787592 1.05199802 2 0.28597271 0.04585553 0.82390553 3
2 0.33110249 -0.21237232 0.89942628 3
2 0.15952887 -0.25750086 1.05160928 2 0.27996486 0.05876038 0.83084351 3
2 0.33227536 -0.18046606 0.88932276 3
2 0.15990354 -0.25826126 1.05192316 2 0.27782547 0.07649395 0.82843745 2
2 0.33338499 -0.21256045 0.89502072 2
-999
