2 0.07902135 -0.19202803 0.91537291 2 0.14683217 0.01731468 0.56796187 3
2 0.08699340 -0.21490525 0.91117007 2 0.14763883 0.01404403 0.56793112 3
2 0.08772245 -0.21762453 0.91024250 2 0.14733171 0.01463876 0.56566566 3
2 0.08832672 -0.21945818 0.90950298 2 0.14583927 0.01646185 0.56383419 3
2 0.08846960 -0.21980089 0.90939558 2 0.14435674 0.01843517 0.56435651 3
2 0.09132294 -0.22193243 0.90855819 2 0.14107688 0.02083222 0.55991161 3
2 0.09931581 -0.22984205 0.90685368 2 0.13976318 0.02476895 0.56145537 3
2 0.10144651 -0.23181309 0.90559262 2 0.13706857 0.02971641 0.55935818 3
2 0.10242656 -0.23216039 0.90509701 2 0.13602726 0.03472927 0.55732703 3
2 0.10312299 -0.23200442 0.90480709 2 0.13565370 0.04041232 0.55657262 3
2 0.10313054 -0.23159581 0.90473193 2 0.13630763 0.04601194 0.55586118 3
2 0.10306534 -0.23115057 0.90458965 2 0.13781184 0.05164149 0.55479670 3
2 0.10306419 -0.23060971 0.90442342 2 0.14032806 0.05679178 0.55347574 3
2 0.10315722 -0.22999373 0.90420985 2 0.14199990 0.06186204 0.55225515 3
2 0.10327289 -0.22936410 0.90393126 2 0.14412653 0.06679633 0.55113673 3
2 0.10337451 -0.22864327 0.90360779 2 0.14511383 0.07148082 0.54996717 3
2 0.10340749 -0.22803690 0.90346950 2 0.14813875 0.07699344 0.54908615 3
2 0.10333963 -0.22727855 0.90303582 2 0.15028872 0.08141711 0.54756415 3
2 0.10314258 -0.22666654 0.90304351 2 0.15339749 0.08603734 0.55048078 3
2 0.09909931 -0.22317854 0.90174556 2 0.15629376 0.08983241 0.55083472 3
2 0.09695192 -0.22141051 0.90093672 2 0.16065431 0.09316468 0.55107576 3
2 0.07259643 -0.19963193 0.89623660 2 0.16608360 0.09543280 0.55075455 3
2 0.07444902 -0.20181489 0.89706028 2 0.17308205 0.09821420 0.55279481 3
2 0.07414762 -0.20160048 0.89698303 2 0.18030113 0.10109901 0.55460626 3
2 0.07413313 -0.20156270 0.89698660 2 0.18996377 0.10267881 0.55613321 3
2 0.07405908 -0.20134318 0.89699644 2 0.19923572 0.10503688 0.55741185 3
2 0.07414334 -0.20117699 0.89695972 2 0.20690668 0.10773189 0.55785280 3
2 0.07413547 -0.20114155 0.89697051 2 0.21764316 0.10929891 0.55952227 3
2 0.07448205 -0.20099361 0.89678442 2 0.22659840 0.11029562 0.55928987 3
2 0.07479373 -0.20098940 0.89666504 2 0.23634876 0.10931508 0.56158048 3
2 0.07513599 -0.20104305 0.89665854 2 0.24491958 0.10855717 0.56619585 3
2 0.07563582 -0.20123979 0.89659244 2 0.25140134 0.10501159 0.56662995 3
2 0.07574748 -0.20084369 0.89613855 2 0.25746232 0.10124853 0.56793821 3
2 0.07627990 -0.20062959 0.89589339 2 0.26051533 0.09535556 0.56852788 3
2 0.07577178 -0.20012192 0.89578050 2 0.26337391 0.08820530 0.56953973 3
2 0.07609113 -0.20048007 0.89587760 2 0.26366255 0.07801927 0.56995511 3
2 0.07643006 -0.20075198 0.89596123 2 0.26408958 0.06881728 0.56745350 3
2 0.08114043 -0.20542291 0.89839017 2 0.26204228 0.05874533 0.56758159 3
2 0.08047447 -0.20457076 0.90108645 2 0.26012903 0.04875562 0.56482720 3
2 0.08271970 -0.20710783 0.90157980 2 0.25822654 0.03936714 0.56337762 3
2 0.08397121 -0.20868897 0.90216446 2 0.25714058 0.02801882 0.56295860 3
2 0.08279435 -0.20830537 0.90087789 2 0.25220346 0.01627524 0.56056988 3
2 0.08382720 -0.20942941 0.90120643 2 0.24819188 0.00615503 0.55853081 3
2 0.08450492 -0.21040636 0.90156186 2 0.24214070 -0.00237767 0.55769241 3
2 0.08690217 -0.21301170 0.90172756 2 0.23366123 -0.00932628 0.55726999 3
2 0.08925007 -0.21567169 0.90158224 2 0.22999720 -0.01671737 0.55467439 3
2 0.09098145 -0.21790782 0.90130931 2 0.21979995 -0.02037307 0.55330110 3
2 0.09300572 -0.22076912 0.90062350 2 0.20983966 -0.02392208 0.55388618 3
2 0.10162926 -0.22942592 0.89846325 2 0.19971862 -0.02582927 0.55158871 3
2 0.10364242 -0.23165235 0.89767587 2 0.18954164 -0.02614969 0.55098915 3
2 0.10513288 -0.23335458 0.89688969 2 0.18014979 -0.02570697 0.54902613 3
2 0.10550220 -0.23425232 0.89648521 2 0.17172466 -0.02371871 0.54695648 3
2 0.10542603 -0.23482095 0.89617634 2 0.16300915 -0.02145171 0.54488027 3
2 0.10485297 -0.23565720 0.89603847 2 0.15563865 -0.01823832 0.54556930 3
2 0.10399333 -0.23626032 0.89613408 2 0.14879157 -0.01311263 0.54456007 3
2 0.10356089 -0.23697323 0.89623564 2 0.14298689 -0.00669538 0.54514140 3
2 0.10333423 -0.23813865 0.89615136 2 0.13855226 -0.00014627 0.54535133 3
2 0.10581632 -0.24242359 0.89432806 2 0.13448650 0.00710352 0.54494518 3
2 0.11086628 -0.25006247 0.89085877 2 0.13227552 0.01559368 0.54422194 3
2 0.11226614 -0.25170788 0.88971937 2 0.13128020 0.02438149 0.54431379 3
2 0.11309811 -0.25181660 0.88902098 2 0.13144688 0.03382367 0.54377866 3
2 0.11293167 -0.24970877 0.88876748 2 0.13379079 0.04126151 0.54400128 3
2 0.11237914 -0.24753134 0.88912845 2 0.13492998 0.05027407 0.54436892 3
2 0.11207256 -0.24566709 0.88930607 2 0.13890019 0.05782090 0.54310262 3
2 0.11170815 -0.24398454 0.88939667 2 0.14373642 0.06436948 0.54237157 3
2 0.11144422 -0.24254152 0.88930243 2 0.14799756 0.07063663 0.54104006 3
2 0.11143479 -0.24156806 0.88943881 2 0.15296009 0.07727082 0.54258913 3
2 0.11081223 -0.24033397 0.88946497 2 0.15708283 0.07955951 0.54103208 3
2 0.10524955 -0.23647359 0.89323521 2 0.16455384 0.08396157 0.54373389 3
2 0.09763847 -0.22834024 0.89763647 2 0.17054701 0.08584653 0.54336518 3
2 0.09634416 -0.22618736 0.89867240 2 0.17645992 0.08699225 0.54388803 3
2 0.09573015 -0.22505265 0.89903736 2 0.17943263 0.08751553 0.54203641 3
2 0.08923708 -0.21836625 0.89599973 2 0.18498817 0.08894139 0.54313195 3
2 0.08288644 -0.21073797 0.89316231 2 0.18973514 0.08859750 0.54234403 3
2 0.08050396 -0.20831084 0.89197594 2 0.19341187 0.08766030 0.54157913 3
2 0.07858976 -0.20632300 0.89114237 2 0.19633237 0.08733448 0.54203081 3
2 0.07750004 -0.20510367 0.89087915 2 0.19845273 0.08796316 0.54363173 3
2 0.07736634 -0.20446336 0.89061993 2 0.19777778 0.08721437 0.54252011 3
2 0.07702762 -0.20417705 0.89045453 2 0.19648485 0.08929633 0.54277927 3
2 0.07669653 -0.20394112 0.89038157 2 0.19710252 0.08953085 0.54481077 2
-999
