2 0.08986442 -0.21624219 0.95023149 2 0.13832119 -0.06969818 0.64661068 2
2 0.08984203 -0.21621382 0.95019829 2 0.14038995 -0.06745344 0.64960521 2
2 0.08983503 -0.21614565 0.95012593 2 0.14332820 -0.06668860 0.65038556 2
2 0.08982711 -0.21611099 0.95004314 2 0.14666876 -0.06567329 0.65059215 2
2 0.08984537 -0.21601979 0.95007402 2 0.15046644 -0.06514253 0.64972991 2
2 0.08988101 -0.21591064 0.95007175 2 0.15236324 -0.06429656 0.64569336 2
2 0.09003212 -0.21564700 0.95024914 2 0.15596616 -0.06385451 0.64689052 2
2 0.09037755 -0.21504343 0.95097041 2 0.15939195 -0.06270567 0.64609152 2
2 0.09067641 -0.21454547 0.95121843 2 0.16123223 -0.06323801 0.64263380 2
2 0.09090183 -0.21403036 0.95143497 2 0.16334568 -0.06361737 0.63853544 2
2 0.09153576 -0.21241985 0.95225489 2 0.16671446 -0.06524687 0.63714957 2
2 0.09192251 -0.21081564 0.95289600 2 0.16991292 -0.06759770 0.63332558 2
2 0.09222283 -0.20201798 0.95823741 2 0.17452368 -0.07042943 0.63071859 2
2 0.09225033 -0.20200825 0.95820653 2 0.17847571 -0.07336480 0.62837160 2
2 0.09222762 -0.20199810 0.95816493 2 0.18401344 -0.07563768 0.62511367 2
2 0.09213454 -0.20209119 0.95804048 2 0.18821314 -0.07841074 0.61821759 2
2 0.08956540 -0.20069945 0.96018535 2 0.19437596 -0.08254506 0.61527896 2
2 0.08960856 -0.20118533 0.95969188 2 0.19798811 -0.08663704 0.60935038 2
2 0.08968367 -0.20184162 0.95928949 2 0.20286152 -0.09022503 0.60684937 2
2 0.08970463 -0.20230928 0.95866489 2 0.20494163 -0.09543522 0.59918767 2
2 0.08979742 -0.20291251 0.95811200 2 0.20981476 -0.10129390 0.59652084 2
2 0.08917576 -0.20264250 0.95836383 2 0.21336597 -0.11893824 0.59172106 2
2 0.08935485 -0.20329769 0.95784104 2 0.21920255 -0.11510606 0.58752662 2
2 0.08884950 -0.20341246 0.95757473 2 0.21978822 -0.12715045 0.58017093 2
2 0.08859788 -0.20341556 0.95758891 2 0.22423875 -0.13220565 0.57725304 2
2 0.08831991 -0.20359388 0.95787537 2 0.22819251 -0.14383084 0.57837152 2
2 0.08774358 -0.20391355 0.95719457 2 0.22998701 -0.14735006 0.57104719 2
2 0.08741999 -0.20421755 0.95710939 2 0.23295665 -0.14931528 0.57032627 2
2 0.08722159 -0.20444551 0.95704538 2 0.23400280 -0.14910075 0.56880641 2
2 0.08767597 -0.20522775 0.95620126 2 0.23425362 -0.14783333 0.56578135 2
2 0.08793002 -0.20559412 0.95590776 2 0.23347096 -0.14821906 0.56805110 2
2 0.08813331 -0.20580857 0.95568907 2 0.23197094 -0.14706616 0.56963313 2
2 0.08830095 -0.20589922 0.95556438 2 0.22897618 -0.13671649 0.56995583 2
2 0.08841421 -0.20599623 0.95540106 2 0.22375393 -0.12604731 0.57121521 2
2 0.08849440 -0.20607805 0.95524198 2 0.22116908 -0.12058722 0.57304031 2
2 0.08851057 -0.20607689 0.95522791 2 0.21329293 -0.10970819 0.57996643 2
2 0.08856571 -0.20601389 0.95514089 2 0.21119682 -0.08544681 0.58045584 2
2 0.08856874 -0.20585746 0.95504618 2 0.20395859 -0.07592400 0.58225101 2
2 0.08857516 -0.20579137 0.95501763 2 0.19439971 -0.06693153 0.58924186 2
2 0.08872093 -0.20540045 0.95493078 2 0.18408391 -0.05609075 0.59440172 2
2 0.08872665 -0.20537414 0.95492119 2 0.17266668 -0.04647005 0.60307306 2
2 0.08894456 -0.20597132 0.95447654 2 0.16250341 -0.03788954 0.60988134 2
2 0.08756702 -0.20722094 0.95395905 2 0.15295634 -0.02925731 0.61954880 2
2 0.08784197 -0.20795709 0.95311081 2 0.14275561 -0.02328255 0.62548417 2
2 0.08892696 -0.21017757 0.95062810 2 0.13142662 -0.01589783 0.63472235 2
2 0.08952369 -0.21016222 0.95030326 2 0.12196419 -0.00869105 0.64557022 2
2 0.09002110 -0.20794934 0.94911134 2 0.11199801 -0.00451300 0.65119922 2
2 0.08985467 -0.20626253 0.94879246 2 0.10412042 0.00105287 0.66039139 2
2 0.08946023 -0.20421959 0.94842398 2 0.09550259 0.00545692 0.67016494 2
1 0.10835671 -0.14062634 0.93168265 2 0.09029878 0.00662011 0.67849934 2
2 0.10143559 -0.15354444 0.93724990 2 0.08672712 0.01231768 0.68376076 2
2 0.09464537 -0.16634275 0.94165039 2 0.08387724 0.00680958 0.68850064 2
2 0.09292168 -0.16852093 0.94273305 2 0.08273832 0.00531021 0.68916065 2
2 0.09268361 -0.17111133 0.94277793 2 0.08268961 0.00395205 0.69235104 2
2 0.09189531 -0.17231257 0.94318229 2 0.08324232 0.00340876 0.69154483 2
2 0.09150811 -0.17313138 0.94355524 2 0.08480772 0.00344582 0.68985713 2
2 0.09083319 -0.17349634 0.94419217 2 0.08739929 0.00231583 0.68713635 2
2 0.09049137 -0.17414084 0.94430757 2 0.09113108 0.00152427 0.68034577 2
2 0.09084675 -0.17522350 0.94395101 2 0.09407433 -0.00009524 0.67407292 2
2 0.09085771 -0.17585726 0.94391954 2 0.09897377 -0.00236678 0.66652155 2
2 0.09098426 -0.17617962 0.94383860 2 0.10738757 -0.00692215 0.65307540 2
2 0.09137125 -0.17637104 0.94384533 2 0.11381147 -0.01129486 0.64528126 2
2 0.09150973 -0.17627043 0.94446635 2 0.11935731 -0.01531680 0.64052027 2
2 0.09154949 -0.17625694 0.94470006 2 0.12496502 -0.02044972 0.62937617 2
2 0.09175097 -0.17598695 0.94534278 2 0.13366602 -0.02828288 0.62347996 2
2 0.09027600 -0.17864570 0.94971460 2 0.13845389 -0.03315145 0.61719066 2
2 0.09056596 -0.17816785 0.94968545 2 0.14904150 -0.03795416 0.60789138 2
2 0.09102733 -0.17752503 0.94981956 2 0.15645352 -0.04713523 0.60334629 2
2 0.09137807 -0.17622305 0.95042706 2 0.16399814 -0.05325648 0.59655046 2
2 0.09155359 -0.17580619 0.95070672 2 0.17305861 -0.05752673 0.58854461 2
2 0.09164380 -0.17525734 0.95153242 2 0.18453020 -0.06442229 0.58338302 2
2 0.09166254 -0.17507935 0.95159256 2 0.19033457 -0.07152250 0.57440233 2
2 0.09164891 -0.17496186 0.95165062 2 0.19780639 -0.07714999 0.56840199 2
2 0.09155592 -0.17479962 0.95175409 2 0.20423990 -0.08339820 0.56608677 2
2 0.09148012 -0.17473853 0.95177186 2 0.20923966 -0.08904887 0.56443483 2
2 0.09144709 -0.17472179 0.95177758 2 0.21347840 -0.09405431 0.56240141 2
2 0.09143303 -0.17471570 0.95183367 2 0.21627502 -0.09844451 0.56226176 2
2 0.09138907 -0.17468542 0.95182842 2 0.21684521 -0.10003550 0.56067693 2
2 0.09130460 -0.17458859 0.95205611 2 0.21885490 -0.10212402 0.56274962 2
2 0.09130221 -0.17459549 0.95204616 2 0.21868974 -0.10237349 0.55893391 2
2 0.09130245 -0.17458531 0.95205581 2 0.21967742 -0.10242119 0.56006628 2
2 0.09129640 -0.17458692 0.95204628 2 0.21911320 -0.10159704 0.55945712 2
2 0.09126549 -0.17456655 0.95202434 2 0.21922913 -0.10205417 0.55987722 2
2 0.09122802 -0.17453951 0.95204115 2 0.21957502 -0.10084698 0.56100535 2
2 0.09122454 -0.17453681 0.95203716 2 0.21600129 -0.09855879 0.56277329 2
2 0.09121121 -0.17452677 0.95203036 2 0.21781513 -0.09969240 0.56159425 2
2 0.09119774 -0.17451334 0.95203340 2 0.21885058 -0.09853933 0.56144613 2
-999
