2 0.07125048 -0.24942438 1.03320158 2 0.18050948 0.02414713 0.72300208 3
2 0.07246585 -0.24975136 1.03345323 2 0.17997740 0.02064315 0.72358060 3
2 0.07376978 -0.25035161 1.03402829 2 0.17949353 0.01606558 0.72560781 3
2 0.07475415 -0.25061285 1.03407776 2 0.17883651 0.01142877 0.72365785 3
2 0.07552585 -0.25076738 1.03410125 2 0.17808475 0.00697835 0.72268140 3
2 0.07612235 -0.25085515 1.03407955 2 0.17748013 0.00234155 0.72343791 3
2 0.07668629 -0.25096342 1.03405368 2 0.17684166 -0.00182203 0.72372127 3
2 0.07722794 -0.25100452 1.03394985 2 0.17596933 -0.00581584 0.72305369 3
2 0.07769857 -0.25104263 1.03404653 2 0.17525436 -0.00968921 0.72482806 3
2 0.07807588 -0.25106543 1.03400660 2 0.17456061 -0.01280946 0.72356737 3
2 0.07826829 -0.25108823 1.03403902 2 0.17388648 -0.01357522 0.72232270 3
2 0.07843967 -0.25107977 1.03398561 2 0.17324020 -0.01314262 0.71997267 3
2 0.07957832 -0.25343871 1.03392756 2 0.17276710 -0.01257202 0.71866274 3
2 0.08015668 -0.25447205 1.03387249 2 0.17263810 -0.01193089 0.71678883 3
2 0.06513357 -0.23044594 1.02880788 2 0.17258006 -0.01111631 0.71140516 3
2 0.06461772 -0.22949609 1.03095484 2 0.17275855 -0.01004859 0.71265173 3
2 0.06369662 -0.22704521 1.02829337 2 0.17342927 -0.00855335 0.70868170 3
2 0.06323614 -0.22598702 1.02675343 2 0.17450164 -0.00651386 0.70621628 3
2 0.06298098 -0.22520795 1.02573335 2 0.17597926 -0.00370123 0.70654428 3
2 0.06276298 -0.22445117 1.02490163 2 0.17816126 0.00000952 0.70844728 3
2 0.06224791 -0.22328980 1.02384067 2 0.18091960 0.00470112 0.70922220 3
2 0.06216751 -0.22296990 1.02325845 2 0.18481682 0.01003396 0.71033895 3
2 0.06257594 -0.22391108 1.02258658 2 0.19002870 0.01601784 0.71155757 3
2 0.06221755 -0.22329868 1.02223539 2 0.19621956 0.02188737 0.71267921 3
2 0.06184703 -0.22287446 1.02208042 2 0.20339024 0.02750375 0.71413177 3
2 0.06149935 -0.22257748 1.02214611 2 0.21154208 0.03269262 0.71704167 3
2 0.06102050 -0.22238989 1.02211928 2 0.22032465 0.03721680 0.71670395 3
2 0.06050893 -0.22222140 1.02218103 2 0.22975601 0.04086743 0.71885633 0
2 0.06036093 -0.22228466 1.02282083 2 0.23954540 0.04225606 0.71629584 0
2 0.06031319 -0.22255138 1.02366066 2 0.24947983 0.04126132 0.71601188 0
2 0.06031200 -0.22278249 1.02446139 2 0.25836641 0.03852214 0.71456838 0
2 0.06031587 -0.22298709 1.02513933 2 0.26608339 0.03353070 0.71447021 0
2 0.06028666 -0.22314218 1.02571642 2 0.27275044 0.02640713 0.71129757 0
2 0.06023954 -0.22327535 1.02628481 2 0.27826959 0.01783514 0.70999140 3
2 0.06024481 -0.22500485 1.02723873 2 0.28255337 0.00751828 0.70844710 3
2 0.06012117 -0.22469971 1.02749050 2 0.28581339 -0.00421113 0.70438671 3
2 0.06008457 -0.22461036 1.02778184 2 0.28786376 -0.01750108 0.70299858 3
2 0.06010341 -0.22454117 1.02794957 2 0.28778359 -0.03066026 0.70091563 0
2 0.06015895 -0.22441821 1.02804661 2 0.28544259 -0.04330480 0.69901037 0
2 0.06138236 -0.22775815 1.02841032 2 0.28170153 -0.05565243 0.69702560 3
2 0.06152936 -0.22745585 1.02857745 2 0.27621087 -0.06646938 0.69646114 3
2 0.06066542 -0.21369922 1.02697754 2 0.26866084 -0.07521329 0.69596308 3
2 0.05963227 -0.20471483 1.02622950 2 0.25924832 -0.08250879 0.69615769 3
1 0.05872919 -0.18855986 1.02379465 2 0.24815178 -0.08805941 0.69244283 3
2 0.07008638 -0.25425223 1.05079150 2 0.23511451 -0.09206564 0.69347310 3
2 0.06506310 -0.25099581 1.05805147 2 0.22062090 -0.09384653 0.69203490 3
2 0.06399941 -0.24384105 1.05911326 2 0.20578609 -0.09391832 0.69136298 3
1 0.06411880 -0.24073431 1.05933011 2 0.19100855 -0.09212185 0.69086319 3
1 0.06309439 -0.23896040 1.06012154 2 0.17669131 -0.08873896 0.69056761 3
1 0.06304820 -0.23771858 1.06037414 2 0.16289847 -0.08433038 0.68965203 3
1 0.06316872 -0.23751585 1.06049764 2 0.15057318 -0.07901809 0.68817270 3
2 0.06455596 -0.23636337 1.05112898 2 0.14011042 -0.07256643 0.68537867 3
2 0.07184351 -0.25594747 1.02614808 2 0.13133165 -0.06518447 0.68305594 3
2 0.07033078 -0.23528723 1.01797521 2 0.12449359 -0.05668956 0.67896521 3
2 0.07075386 -0.23699075 1.01793694 2 0.11926754 -0.04754107 0.67881542 3
2 0.07090946 -0.23804723 1.01794803 2 0.11605842 -0.03785827 0.67608440 3
2 0.07111801 -0.23872533 1.01795602 2 0.11540015 -0.02817593 0.67774892 3
2 0.07138459 -0.23954783 1.01780319 2 0.11664422 -0.01873071 0.67691571 3
2 0.07147945 -0.24007823 1.01787472 2 0.11949174 -0.00985618 0.67801106 3
2 0.07157845 -0.24069674 1.01778066 2 0.12341370 -0.00164863 0.67722851 3
2 0.07161853 -0.24109858 1.01788938 2 0.12765367 0.00541957 0.67924023 3
2 0.07166836 -0.24132648 1.01796556 2 0.13197225 0.01155746 0.68043518 3
2 0.07174847 -0.24161148 1.01812851 2 0.13646862 0.01645054 0.68291676 3
2 0.07180754 -0.24174438 1.01816189 2 0.14098237 0.02002526 0.68172413 3
2 0.07184970 -0.24187146 1.01824975 2 0.14508951 0.02244346 0.68773353 3
2 0.07185221 -0.24196215 1.01839280 1 0.14816675 0.02375695 0.68255687 0
2 0.07179246 -0.24203104 1.01845539 2 0.15021917 0.02444869 0.67362422 0
2 0.07176010 -0.24212813 1.01856482 2 0.15163691 0.02468542 0.67535031 2
-999
