2 0.00000000 0.00000000 0.86102033 2 0.32968000 0.11742096 0.86102033 3
2 0.00000000 0.00000000 0.86241639 2 0.32301846 0.11376870 0.86241639 3
2 0.00000000 0.00000000 0.86199206 2 0.31343552 0.10953473 0.86199206 3
2 0.00000000 0.00000000 0.86323828 2 0.30163890 0.10550024 0.86323828 3
2 0.00000000 0.00000000 0.86158323 2 0.28277281 0.09495245 0.86158323 3
2 0.00000000 0.00000000 0.86361724 2 0.26005977 0.07920644 0.86361724 3
2 0.00000000 0.00000000 0.87065834 2 0.23117770 0.06944552 0.87065834 3
2 0.00000000 0.00000000 0.86271614 2 0.21322063 0.03857065 0.86271614 3
2 0.00000000 0.00000000 0.84971672 2 0.19112051 0.01438816 0.84971672 3
2 0.00000000 0.00000000 0.83768582 2 0.17888634 -0.01848218 0.83768582 3
2 0.00000000 0.00000000 0.82047236 2 0.17393838 -0.04931603 0.82047236 3
2 0.00000000 0.00000000 0.80412000 2 0.18240590 -0.07845543 0.80412000 3
2 0.00000000 0.00000000 0.78578407 2 0.19255479 -0.10255567 0.78578407 3
2 0.00000000 0.00000000 0.76840901 2 0.21583185 -0.12594479 0.76840901 3
2 0.00000000 0.00000000 0.74981636 2 0.24517158 -0.14182858 0.74981636 3
2 0.00000000 0.00000000 0.73443300 2 0.27011782 -0.14847136 0.73443300 3
2 0.00000000 0.00000000 0.72058600 2 0.29995474 -0.14491343 0.72058600 3
2 0.00000000 0.00000000 0.71008438 2 0.33074161 -0.13775603 0.71008438 0
2 0.00000000 0.00000000 0.71214974 2 0.36702555 -0.13408884 0.71214974 0
2 0.00000000 0.00000000 0.71563643 2 0.39661217 -0.12176073 0.71563643 0
2 0.00000000 0.00000000 0.72350281 2 0.42056042 -0.10018339 0.72350281 0
2 0.00000000 0.00000000 0.73836654 2 0.44031483 -0.07951541 0.73836654 0
2 0.00000000 0.00000000 0.75354630 2 0.45438454 -0.05763339 0.75354630 0
2 0.00000000 0.00000000 0.76565784 2 0.46217731 -0.03095352 0.76565784 0
2 0.00000000 0.00000000 0.77977306 2 0.46307790 -0.00502737 0.77977306 0
2 0.00000000 0.00000000 0.79320145 2 0.45956549 0.02037860 0.79320145 0
2 0.00000000 0.00000000 0.80597788 2 0.45038286 0.04197659 0.80597788 0
2 0.00000000 0.00000000 0.82195944 2 0.43686089 0.06065112 0.82195944 3
2 0.00000000 0.00000000 0.83152413 2 0.41344085 0.07832712 0.83152413 3
2 0.00000000 0.00000000 0.84085798 2 0.38622952 0.09176741 0.84085798 3
2 0.00000000 0.00000000 0.84962898 2 0.35389474 0.10610729 0.84962898 3
2 0.00000000 0.00000000 0.85740650 2 0.32269171 0.10945261 0.85740650 3
2 0.00000000 0.00000000 0.86149585 2 0.29656655 0.11115372 0.86149585 3
2 0.00000000 0.00000000 0.86669159 2 0.27323806 0.11322363 0.86669159 3
2 0.00000000 0.00000000 0.86937523 2 0.25845715 0.11274537 0.86937523 3
2 0.00000000 0.00000000 0.86909485 2 0.24996659 0.11269831 0.86909485 3
2 0.00000000 0.00000000 0.86906248 2 0.24498038 0.11295883 0.86906248 3
2 0.00000000 0.00000000 0.86909020 2 0.24529286 0.11215341 0.86909020 3
2 0.00000000 0.00000000 0.86789912 2 0.24406636 0.11300803 0.86789912 3
2 0.00000000 0.00000000 0.86706227 2 0.24349129 0.11410186 0.86706227 3
2 0.00000000 0.00000000 0.86812973 2 0.24394493 0.11498554 0.86812973 3
2 0.00000000 0.00000000 0.86898166 2 0.24400385 0.11657409 0.86898166 3
2 0.00000000 0.00000000 0.86791956 2 0.24226993 0.12425881 0.86791956 3
2 0.00000000 0.00000000 0.86470062 2 0.23803809 0.14235076 0.86470062 2
-999
