2 0.11339440 -0.26443022 0.89001310 2 0.16566403 -0.11702263 0.63954443 2
2 0.11354035 -0.26458940 0.88984442 2 0.16565447 -0.11484260 0.63954973 2
2 0.11366881 -0.26469687 0.88963991 2 0.16570695 -0.11522539 0.63954663 2
2 0.11371908 -0.26481327 0.88944149 2 0.16554679 -0.11399782 0.63947880 2
2 0.11376672 -0.26488429 0.88930792 2 0.16562559 -0.11473422 0.63956451 2
2 0.11380830 -0.26494044 0.88915116 2 0.16428323 -0.10363585 0.63836008 2
2 0.11383381 -0.26498926 0.88905472 2 0.16409647 -0.10083169 0.63836771 2
2 0.11387713 -0.26501632 0.88897526 2 0.16579197 -0.10828619 0.63881189 2
2 0.11390901 -0.26504055 0.88895082 2 0.16729644 -0.11190569 0.63998264 2
2 0.11390097 -0.26502824 0.88891077 2 0.16956270 -0.11392613 0.63999355 2
2 0.11387417 -0.26501030 0.88891941 2 0.17275997 -0.11261504 0.64106870 2
2 0.11379724 -0.26497871 0.88895833 2 0.17651950 -0.11203882 0.64229614 2
2 0.11366498 -0.26494333 0.88902664 2 0.18089408 -0.11048546 0.64309567 2
2 0.11361668 -0.26496035 0.88908088 2 0.18877429 -0.11233618 0.64539546 2
2 0.11360148 -0.26498744 0.88911074 2 0.19853228 -0.11633720 0.64688140 2
2 0.11365101 -0.26509947 0.88912231 2 0.20436543 -0.11852711 0.64835477 2
2 0.11364265 -0.26526761 0.88913840 2 0.21170408 -0.12313379 0.65025556 2
2 0.11367999 -0.26541743 0.88913637 2 0.21624705 -0.12521814 0.65222043 2
2 0.11372501 -0.26552737 0.88920206 2 0.21892846 -0.12496099 0.65224946 2
2 0.11373802 -0.26571310 0.88929737 2 0.22222394 -0.13299212 0.65836078 2
2 0.11372402 -0.26587984 0.88931352 2 0.23006938 -0.18359028 0.68346357 2
2 0.11375781 -0.26608640 0.88954288 2 0.22430924 -0.18808651 0.69314206 2
2 0.11374371 -0.26606071 0.88978475 2 0.22941750 -0.15816151 0.67249906 2
2 0.11378943 -0.26600748 0.89044106 2 0.23031233 -0.16254821 0.67183393 2
2 0.11367597 -0.26594570 0.89106244 2 0.23132272 -0.16627224 0.67015302 2
2 0.11359703 -0.26593485 0.89149535 2 0.23583718 -0.18101010 0.65971917 2
2 0.11352467 -0.26601353 0.89163256 2 0.23551740 -0.18522546 0.65771383 2
2 0.11353832 -0.26625669 0.89197195 2 0.23035720 -0.22270842 0.68237650 2
2 0.11226086 -0.26587704 0.89305282 2 0.22917935 -0.22496325 0.67970425 2
2 0.11109461 -0.26554361 0.89391190 2 0.22699890 -0.23056702 0.67320889 2
2 0.11045548 -0.26537734 0.89448529 2 0.22429447 -0.23415598 0.66963565 2
2 0.10988221 -0.26536432 0.89505440 2 0.22196683 -0.23553672 0.66725385 2
2 0.10943191 -0.26521236 0.89546031 2 0.21927373 -0.23753418 0.66533589 2
2 0.10958645 -0.26544878 0.89552701 2 0.21777010 -0.26063737 0.67563432 2
2 0.10969825 -0.26570237 0.89558613 2 0.21432815 -0.26371059 0.67407453 2
2 0.10970751 -0.26583162 0.89561844 2 0.19692014 -0.28259248 0.65789831 2
2 0.10973541 -0.26594269 0.89568967 2 0.19700748 -0.28328067 0.65725142 2
2 0.10967626 -0.26600716 0.89573151 2 0.19539939 -0.28460559 0.65601730 2
2 0.10962372 -0.26605305 0.89580941 2 0.18957184 -0.28748864 0.65351081 2
2 0.10957205 -0.26606566 0.89593524 2 0.18756010 -0.28741941 0.65059888 2
2 0.10950217 -0.26612511 0.89606291 2 0.18308762 -0.28935215 0.64465588 2
2 0.10949425 -0.26616111 0.89620525 2 0.18345135 -0.28749505 0.64118135 2
2 0.10942660 -0.26615509 0.89630175 2 0.18582293 -0.29029512 0.64378870 2
2 0.10936715 -0.26612344 0.89633787 2 0.19402596 -0.29017222 0.64269853 2
2 0.10909183 -0.26564831 0.89688259 2 0.17380686 -0.27645147 0.65551490 2
2 0.10797401 -0.26525640 0.89710414 2 0.17158332 -0.27998421 0.64307445 2
2 0.10751911 -0.26503730 0.89719307 2 0.16589051 -0.25461987 0.61741829 2
2 0.10660647 -0.26489854 0.89725989 1 0.15738395 -0.24253222 0.63047254 2
2 0.10450432 -0.26293060 0.89813292 2 0.14281502 -0.23189728 0.63495892 2
2 0.09158610 -0.25876331 0.89983547 2 0.14058873 -0.25461185 0.60317731 2
1 0.09125594 -0.25844043 0.89992505 2 0.14000897 -0.25440392 0.60303706 2
1 0.09135091 -0.25829127 0.89997596 2 0.13734013 -0.25331113 0.60335022 2
1 0.09164102 -0.25809529 0.89998764 2 0.13448682 -0.24639089 0.59956807 2
1 0.09202749 -0.25790074 0.90000212 2 0.13181567 -0.24523166 0.59896713 2
1 0.09249090 -0.25763196 0.89990640 2 0.11859462 -0.24277025 0.60019422 2
1 0.09278635 -0.25749299 0.89989799 2 0.10613648 -0.24104691 0.60178727 2
1 0.09324612 -0.25720385 0.89981478 2 0.13127917 -0.26953053 0.62801713 2
1 0.09370914 -0.25686678 0.89973772 2 0.13125823 -0.26948178 0.62800318 2
1 0.09419253 -0.25644663 0.89963883 2 0.12792322 -0.26606345 0.62518418 2
1 0.09468362 -0.25609684 0.89953977 2 0.12559550 -0.26060563 0.62206489 2
1 0.09503060 -0.25587583 0.89954746 2 0.12557036 -0.26010746 0.62142622 2
1 0.09517600 -0.25581557 0.89963514 2 0.12543979 -0.25483552 0.61985892 2
1 0.09539527 -0.25576988 0.89969450 2 0.12592004 -0.24738523 0.61685169 2
1 0.09560825 -0.25580636 0.89975047 2 0.14017947 -0.25404170 0.61769974 2
1 0.09577139 -0.25587496 0.89976633 2 0.14928792 -0.25653690 0.61839008 2
1 0.09601858 -0.25580075 0.89980400 2 0.15662903 -0.25962973 0.61990023 2
1 0.09626307 -0.25576961 0.89986116 2 0.16173972 -0.26105228 0.62046778 2
1 0.09643985 -0.25574541 0.89991742 2 0.13097584 -0.16692843 0.55220395 2
1 0.09660010 -0.25575092 0.90005851 2 0.10802641 -0.13638130 0.61328882 2
1 0.09673839 -0.25577223 0.90012300 2 0.08653308 -0.06434995 0.58317143 2
2 0.10230587 -0.26623154 0.88331485 2 0.09873158 -0.09148213 0.59249437 2
2 0.10773012 -0.27194828 0.87175846 2 0.09956470 -0.09029621 0.59063566 2
2 0.10902124 -0.27265725 0.86966860 2 0.10074390 -0.08731209 0.59005117 2
2 0.11022127 -0.27280128 0.86847782 2 0.10285823 -0.08540824 0.59020466 2
2 0.12130364 -0.27189893 0.85908735 2 0.10581095 -0.08239980 0.58894551 2
2 0.12537292 -0.27066061 0.85719246 2 0.10830235 -0.07522543 0.58846909 2
2 0.12423515 -0.27036306 0.85865736 2 0.10979077 -0.07331387 0.58975965 2
2 0.12280609 -0.26927057 0.86123174 2 0.11280119 -0.07343605 0.59167981 2
2 0.12203151 -0.26736823 0.86465955 2 0.11567937 -0.07424428 0.59330904 2
2 0.12188718 -0.26616341 0.86673146 2 0.11794823 -0.07475828 0.59416860 2
2 0.12163586 -0.26533076 0.86825162 2 0.14332671 -0.06504122 0.59882146 2
2 0.12148005 -0.26471490 0.86905545 1 0.13932483 -0.08543436 0.59853286 2
2 0.12122966 -0.26419285 0.86938387 2 0.12638853 -0.07457022 0.59290045 2
2 0.12086593 -0.26370361 0.87042111 2 0.14548299 -0.06703294 0.59715408 2
2 0.12034173 -0.26330841 0.87171936 1 0.14186472 -0.08663879 0.59919757 0
2 0.12036083 -0.26312098 0.87198961 2 0.14622439 -0.06653433 0.60156447 0
2 0.12035413 -0.26300177 0.87215018 2 0.12746291 -0.07519565 0.59627652 2
-999
