2 0.10209070 -0.18804030 0.96498436 2 0.18053414 -0.08959256 0.71853483 2
2 0.10237514 -0.18831785 0.96517766 2 0.18131682 -0.08950343 0.71961880 2
2 0.10258276 -0.18853027 0.96522832 2 0.18220054 -0.09012256 0.71923649 2
2 0.10281461 -0.18870117 0.96547103 2 0.18310547 -0.09001840 0.72086251 2
2 0.10286153 -0.18896429 0.96557140 2 0.18376917 -0.09046402 0.72037405 2
2 0.10286888 -0.18918830 0.96558917 2 0.18451329 -0.09230059 0.71894783 2
2 0.10117319 -0.18624760 0.96431983 2 0.18561569 -0.09404287 0.71906781 2
2 0.10026695 -0.18493572 0.96377242 2 0.18669540 -0.09757601 0.71759963 2
2 0.09912755 -0.18350515 0.96325284 2 0.18776229 -0.10193726 0.71974480 2
2 0.09830284 -0.18262333 0.96289885 2 0.18736629 -0.10589499 0.72004187 2
2 0.09727866 -0.18151242 0.96243632 2 0.18682675 -0.11060029 0.72077465 2
2 0.09637653 -0.18044813 0.96230811 2 0.18405595 -0.11665866 0.71923697 2
2 0.09542459 -0.17970540 0.96197104 2 0.18056276 -0.12800431 0.71313727 2
2 0.09475964 -0.17780587 0.96131468 2 0.17587870 -0.13559768 0.70995235 2
2 0.09416963 -0.17703602 0.96085298 2 0.16945292 -0.14285050 0.70657337 2
2 0.09364685 -0.17628376 0.96084839 2 0.16142030 -0.16495664 0.70441574 2
2 0.09326895 -0.17590800 0.96086949 2 0.15387382 -0.17431501 0.70470721 2
2 0.09240704 -0.17528415 0.96029848 2 0.14326645 -0.18140215 0.69929898 2
2 0.09083399 -0.17389923 0.95954794 2 0.13307087 -0.18892021 0.69462490 0
2 0.08840688 -0.17094238 0.95911396 2 0.12168376 -0.19396968 0.69276011 0
2 0.07760061 -0.15792827 0.95769787 2 0.11271238 -0.19775550 0.69223368 2
2 0.05519953 -0.12454130 0.95829493 2 0.10363480 -0.20349303 0.69252777 2
2 0.05520247 -0.12445606 0.95820236 2 0.08185784 -0.16190854 0.68748528 2
2 0.05546710 -0.12387505 0.95821327 2 0.07188216 -0.15773472 0.68559933 2
2 0.06557676 -0.12811768 0.95858258 2 0.05056308 -0.12101918 0.65491807 0
1 0.07404018 -0.13136052 0.95933652 2 0.05162527 -0.15923439 0.68334675 0
2 0.08075269 -0.13570471 0.95931923 2 0.02093445 -0.11567569 0.66116500 0
2 0.08485524 -0.13856055 0.96025091 1 0.00684067 -0.11941576 0.66734219 0
2 0.08605710 -0.14005727 0.95937872 1 -0.00115521 -0.11624618 0.66792673 0
2 0.08634997 -0.14012507 0.95906311 1 -0.00868115 -0.11118715 0.66810733 0
2 0.08653754 -0.14046153 0.95881593 2 -0.02007312 -0.14337520 0.68528777 2
2 0.08682208 -0.14103122 0.95808321 2 -0.02217021 -0.12151324 0.67212528 2
2 0.08687413 -0.14153868 0.95734513 2 -0.02578213 -0.11918887 0.66901273 0
2 0.08705201 -0.14267135 0.95690024 2 -0.03694381 -0.10916417 0.66792268 0
2 0.08710754 -0.14363009 0.95669872 2 -0.04718850 -0.09824774 0.66611707 2
2 0.08735700 -0.14426072 0.95659304 2 -0.05336285 -0.08212217 0.66334873 2
2 0.08695402 -0.14375201 0.95613986 2 -0.05552974 -0.07107293 0.65829688 0
2 0.08661842 -0.14312583 0.95545101 2 -0.05726102 -0.05588895 0.65162015 0
2 0.08588574 -0.13968807 0.95537513 2 -0.04886863 -0.04133835 0.63962394 1
1 0.08463673 -0.12561378 0.95580173 2 -0.01630758 -0.07731337 0.62693965 1
1 0.09974449 -0.11620978 0.95931244 2 -0.01503499 -0.07450534 0.62401658 2
1 0.12068690 -0.08326457 0.96329266 2 -0.00630573 -0.06463619 0.61704862 2
1 0.13117386 -0.06979369 0.96039617 2 0.00423483 -0.04845548 0.61084586 2
1 0.11764193 -0.08700960 0.96565014 2 -0.00740569 0.03397581 0.61531252 2
1 0.08609208 -0.14950813 0.95116699 2 0.00008897 0.04406832 0.61343217 0
1 0.09168208 -0.14426440 0.95023245 2 0.01370006 0.05772203 0.61172748 0
1 0.09661472 -0.10840269 0.93679589 2 0.02330801 0.06623902 0.60889816 2
1 0.09672514 -0.11395306 0.93915498 1 0.03382809 0.04788838 0.61141574 2
1 0.10150886 -0.09880677 0.94549400 1 0.05438914 0.02334704 0.60625958 1
1 0.10836456 -0.09299367 0.94853342 1 0.06784307 0.01855581 0.60688990 1
1 0.10837643 -0.09308370 0.94848126 1 0.07550538 0.01974150 0.60862571 1
1 0.10881105 -0.09321184 0.94875008 1 0.08854986 0.01976655 0.61050045 1
1 0.10983051 -0.09292305 0.94939017 1 0.09767135 0.02732727 0.61399293 0
1 0.11753689 -0.08396499 0.95264763 1 0.11087219 0.03816147 0.61782360 0
1 0.11837254 -0.08474170 0.95347482 1 0.12392840 0.03902126 0.62418640 0
1 0.06388623 -0.23347825 0.98759162 1 0.12974136 0.01154062 0.62918615 0
1 0.05354011 -0.22143903 0.98606443 2 0.17145333 -0.00175278 0.62504137 2
2 0.05866820 -0.21582058 0.98298872 2 0.17518343 0.05776556 0.62680930 2
2 0.06581438 -0.20735310 0.97678298 2 0.18741757 0.04865097 0.62987435 2
2 0.06648723 -0.20461451 0.97635603 2 0.19960074 0.03011718 0.63302773 2
1 0.06658079 -0.20440330 0.97640198 2 0.20404363 0.01159422 0.63544923 2
1 0.06659114 -0.20440339 0.97642618 2 0.20978451 -0.00570145 0.63776171 2
1 0.06660304 -0.20445298 0.97647810 2 0.21498285 -0.02217882 0.63916457 2
1 0.06663778 -0.20456511 0.97654134 2 0.21354008 -0.06117878 0.64324021 2
2 0.06712282 -0.20282508 0.97624499 2 0.22469735 -0.05757183 0.64231914 2
2 0.06776412 -0.20201811 0.97587770 2 0.21110617 -0.09834900 0.64669675 2
2 0.06818838 -0.20166256 0.97577995 2 0.23425145 -0.07718723 0.64225334 2
2 0.06864545 -0.20140664 0.97553468 2 0.21201377 -0.13650718 0.65490824 2
2 0.06894839 -0.20125958 0.97548002 2 0.21012443 -0.15232486 0.65861285 0
2 0.06928860 -0.20112455 0.97520125 2 0.20829323 -0.15788886 0.65775490 0
2 0.06962865 -0.20124057 0.97492713 2 0.21654972 -0.15300968 0.65378112 0
1 0.06963073 -0.20141082 0.97492379 2 0.21419138 -0.15779951 0.65499800 0
1 0.06949026 -0.20187555 0.97504544 2 0.21626452 -0.15548752 0.65305930 2
1 0.06918521 -0.20242415 0.97538328 1 0.21721117 -0.15714683 0.65399474 2
1 0.06903467 -0.20288657 0.97560507 2 0.21656211 -0.15708882 0.65419912 2
1 0.06881503 -0.20338069 0.97595578 2 0.21000601 -0.15889691 0.65586108 2
1 0.06862615 -0.20373407 0.97618127 2 0.21364239 -0.15595265 0.65428698 2
-999
