2 0.06906844 -0.26106253 1.04875112 2 0.19908048 -0.04663172 0.79439676 3
2 0.06935259 -0.26179859 1.04789567 2 0.19933641 -0.04717411 0.79161459 3
2 0.07042398 -0.26580948 1.04706204 2 0.19968970 -0.04821057 0.79612756 3
2 0.07043076 -0.26576436 1.04684806 2 0.20018688 -0.05022873 0.79116434 3
2 0.07050158 -0.26585558 1.04670382 2 0.20068546 -0.05275936 0.79039049 3
2 0.07115982 -0.26819879 1.04595304 2 0.20117798 -0.05551128 0.78961825 3
2 0.07116850 -0.26817614 1.04588497 2 0.20170586 -0.05829892 0.78846103 3
2 0.07120185 -0.26817513 1.04579020 2 0.20227954 -0.06108657 0.78830528 3
2 0.07180142 -0.26986286 1.04504359 2 0.20277098 -0.06387421 0.78612733 3
2 0.07215748 -0.27102119 1.04465473 2 0.20318694 -0.06666186 0.78608954 3
2 0.07252055 -0.27207780 1.04413676 2 0.20373909 -0.06878225 0.78249657 3
2 0.07281195 -0.27276701 1.04382992 2 0.20432043 -0.07031510 0.77995932 3
2 0.07340891 -0.27392814 1.04360342 2 0.20485532 -0.07066529 0.77745259 3
2 0.07374115 -0.27461705 1.04338229 2 0.20574701 -0.07026329 0.77343041 3
2 0.07382926 -0.27483553 1.04323363 2 0.20707002 -0.06928062 0.77111900 3
2 0.07376440 -0.27448720 1.04318464 2 0.20909342 -0.06797492 0.76928681 3
2 0.07362647 -0.27393657 1.04318714 2 0.21210229 -0.06666921 0.76762462 3
2 0.07318318 -0.27292851 1.04313326 2 0.21632445 -0.06536350 0.76519233 3
2 0.07286053 -0.27221391 1.04302371 2 0.22187795 -0.06405780 0.76350147 3
2 0.07283277 -0.27236521 1.04300725 2 0.22863422 -0.06275209 0.76159823 3
2 0.07249819 -0.27170116 1.04308236 2 0.23656887 -0.06235362 0.76195198 3
2 0.07220836 -0.27112120 1.04319346 2 0.24545377 -0.06307338 0.76207954 3
2 0.07220269 -0.27149120 1.04312336 2 0.25472552 -0.06526890 0.76144201 3
2 0.07236190 -0.27203953 1.04294229 2 0.26383013 -0.06912736 0.75993419 3
2 0.07224518 -0.27233368 1.04300857 2 0.27219868 -0.07469703 0.76142871 3
2 0.07233840 -0.27262026 1.04298544 2 0.27952710 -0.08163269 0.76727599 3
2 0.07223804 -0.27278084 1.04295969 2 0.28558362 -0.09001462 0.75883722 3
2 0.07174817 -0.27208892 1.04307985 2 0.29030573 -0.09970429 0.75483215 3
2 0.07114443 -0.27120546 1.04349637 2 0.29309833 -0.11053728 0.75120801 3
2 0.07053687 -0.27027860 1.04377294 2 0.29397556 -0.12293954 0.74535745 3
2 0.07005630 -0.26947671 1.04398131 2 0.29278228 -0.13507603 0.74223757 3
2 0.06982582 -0.26969147 1.04402506 2 0.28957719 -0.14668369 0.74128634 3
2 0.06965677 -0.26984540 1.04408872 2 0.28474757 -0.15751180 0.73956120 3
2 0.06952001 -0.26991606 1.04424953 2 0.27849114 -0.16691601 0.73714477 3
2 0.06930598 -0.26985919 1.04446340 2 0.27089417 -0.17495425 0.73631471 3
2 0.06907352 -0.26961923 1.04496264 2 0.26204389 -0.18154621 0.73218369 3
2 0.06890305 -0.26930740 1.04555202 2 0.25196594 -0.18683043 0.72954237 3
2 0.06879841 -0.26878181 1.04627573 2 0.24145664 -0.19065318 0.73168993 3
2 0.06875226 -0.26834720 1.04673934 2 0.23069035 -0.19147725 0.73029613 3
2 0.06885373 -0.26831037 1.04684925 2 0.21990329 -0.19035892 0.73146725 3
2 0.06891105 -0.26824388 1.04682958 2 0.20944543 -0.18701300 0.73158705 3
2 0.06902528 -0.26822221 1.04680526 2 0.19938454 -0.18185882 0.73237872 3
2 0.06933697 -0.26832104 1.04662585 2 0.19075043 -0.17504311 0.73377264 3
2 0.06991408 -0.26781121 1.04613078 2 0.18345690 -0.16638586 0.73313314 3
2 0.07142298 -0.26943162 1.04532671 2 0.17741665 -0.15592562 0.73561996 3
2 0.07274420 -0.27088901 1.04440904 2 0.17260408 -0.14377645 0.73472708 3
2 0.07363173 -0.27213681 1.04385054 2 0.16913041 -0.13042787 0.73707157 3
2 0.07436906 -0.27321231 1.04320419 2 0.16738832 -0.11632195 0.73877215 3
2 0.07487700 -0.27413633 1.04254889 2 0.16785757 -0.10193034 0.73786193 3
2 0.07513468 -0.27464336 1.04221809 2 0.17057638 -0.08776843 0.73735666 3
2 0.07540630 -0.27517149 1.04197752 2 0.17576581 -0.07399836 0.73751014 3
2 0.07569700 -0.27573162 1.04169655 2 0.18223542 -0.06151086 0.73593527 3
2 0.07589932 -0.27608460 1.04148781 2 0.18973361 -0.05086486 0.73573482 3
2 0.07597867 -0.27624235 1.04136479 2 0.19788347 -0.04202187 0.73463470 3
2 0.07602056 -0.27633086 1.04126775 2 0.20621054 -0.03486781 0.73252767 3
2 0.07603942 -0.27637073 1.04120231 2 0.21420769 -0.02923132 0.73331225 3
2 0.07608856 -0.27645794 1.04114962 2 0.22134633 -0.02520505 0.73361433 3
2 0.07612914 -0.27653983 1.04116607 2 0.22731718 -0.02277537 0.73857784 2
-999
