1 0.09949344 -0.04685885 0.90481508 2 0.02156855 -0.03999648 0.62056673 2
1 0.09921074 -0.04525039 0.90465069 2 0.02133839 -0.03979171 0.62113643 2
1 0.09882347 -0.04446779 0.90448689 2 0.04474261 -0.04552886 0.61509466 2
1 0.09732442 -0.05770369 0.90390581 2 0.04463891 -0.04314245 0.61511040 2
1 0.09638989 -0.05216398 0.90454644 2 0.04506919 -0.04318077 0.61601341 2
1 0.09569432 -0.05632881 0.90434217 1 0.04507371 -0.04321365 0.61489195 0
1 0.09517943 -0.05962390 0.90495622 2 0.04486120 -0.04314595 0.61696094 0
1 0.09484974 -0.06090884 0.90492880 2 0.04497950 -0.04347721 0.61725163 2
1 0.09475273 -0.06093885 0.90505880 2 0.04495692 -0.04381398 0.62136614 2
1 0.09458889 -0.06197609 0.90544760 1 0.04339601 -0.04932240 0.61991286 0
1 0.09471027 -0.06084694 0.90677577 1 0.04154665 -0.05400493 0.62460673 0
1 0.09518673 -0.06004192 0.90710765 1 0.04181986 -0.05718620 0.62275529 0
1 0.09728989 -0.05870192 0.90878743 1 0.04115741 -0.06026931 0.62704909 0
1 0.09969587 -0.06164934 0.91233194 1 0.04068010 -0.06451380 0.63086575 0
1 0.10258069 -0.06719953 0.91545552 1 0.04132107 -0.06672551 0.63056302 0
1 0.10814547 -0.08088179 0.91775817 1 0.04205329 -0.06661566 0.63273853 0
1 0.11308869 -0.09282520 0.91871059 1 0.04279904 -0.06926479 0.63392264 0
1 0.11642399 -0.10517626 0.92061335 1 0.04161306 -0.06939474 0.63501722 0
1 0.11710805 -0.12071172 0.92297322 1 0.04035229 -0.07225233 0.63317895 0
1 0.11840745 -0.13012709 0.92639488 1 0.03956094 -0.07800496 0.63526630 0
1 0.11740351 -0.14484495 0.92682117 1 0.04001302 -0.08323660 0.62988883 0
1 0.11732005 -0.14652622 0.92704171 1 0.03811759 -0.08888716 0.62942517 0
1 0.11547870 -0.16822073 0.92967176 1 0.03471499 -0.09319179 0.62834638 0
1 0.11396627 -0.17456706 0.93104571 1 0.03751851 -0.17765740 0.63328654 1
1 0.11103970 -0.18387692 0.93524981 1 0.02937856 -0.17770728 0.63433307 1
1 0.11108680 -0.18299749 0.93514901 1 0.03124791 -0.17842938 0.63264793 1
1 0.11186834 -0.17888896 0.93422270 2 -0.06820325 -0.10462330 0.55802751 1
1 0.11278340 -0.17396873 0.93270332 2 0.03384112 -0.11395577 0.61342400 2
1 0.11358947 -0.17032255 0.93160373 1 0.02228582 -0.20449428 0.63511133 2
1 0.11419579 -0.16788208 0.93083656 1 0.01712703 -0.19941795 0.63517481 1
1 0.11463441 -0.16604728 0.93024594 2 -0.06648679 -0.14793471 0.55046028 1
1 0.11488286 -0.16485602 0.92985356 1 -0.06625862 -0.14784808 0.55031484 0
1 0.11514614 -0.16394395 0.92952126 1 -0.05574673 -0.15439238 0.55217910 0
1 0.11542969 -0.16305509 0.92918462 1 0.01251291 -0.19706059 0.62845403 0
1 0.11569829 -0.16246067 0.92890137 1 0.03545153 -0.18976244 0.62823790 0
1 0.11612872 -0.16275233 0.92916375 2 0.03748352 -0.10468973 0.60758120 0
1 0.11622960 -0.16230853 0.92909682 2 0.07384506 -0.15946376 0.62343264 0
1 0.11617757 -0.16204721 0.92899305 2 0.08093410 -0.15884225 0.62315077 2
1 0.11615095 -0.16180158 0.92890942 2 0.08896918 -0.16032103 0.62185836 2
2 0.09628185 -0.16989863 0.94060171 2 0.09962329 -0.17286542 0.62256414 1
1 0.08228903 -0.18166137 0.94975936 2 0.10618246 -0.18235424 0.62056702 1
1 0.08407142 -0.17919075 0.94851387 2 0.11113533 -0.18217811 0.61834580 2
1 0.08457977 -0.17837213 0.94808459 2 0.11823376 -0.18373573 0.61895031 2
1 0.08524339 -0.17763527 0.94784045 2 0.12696132 -0.18311098 0.61476231 2
1 0.08525733 -0.17744955 0.94776762 2 0.13547781 -0.18115692 0.61520553 2
1 0.08556422 -0.17694943 0.94760966 2 0.14582890 -0.18088777 0.61511374 2
2 0.08411443 -0.17867047 0.94980770 2 0.15791152 -0.18189599 0.61156863 2
1 0.08409721 -0.17868587 0.94985580 2 0.16741894 -0.17656378 0.61009890 0
2 0.08380698 -0.17980911 0.95104867 2 0.17724603 -0.17135827 0.60952014 0
2 0.08368878 -0.18080731 0.95155537 2 0.18625709 -0.16482034 0.60545963 0
2 0.08351460 -0.18158506 0.95212978 2 0.19939642 -0.17084557 0.60669351 0
2 0.08357788 -0.18232742 0.95263898 2 0.21307231 -0.16704062 0.60941613 0
1 0.08366870 -0.18224610 0.95258111 2 0.22285414 -0.16365524 0.60995644 0
2 0.08473855 -0.17629775 0.95277518 2 0.23934780 -0.11086746 0.60992271 0
2 0.08543025 -0.17415161 0.95315838 2 0.24637714 -0.10232634 0.61247939 0
2 0.08612983 -0.17242543 0.95334005 2 0.25431222 -0.10353582 0.61323845 0
2 0.08642776 -0.17191751 0.95336884 2 0.26116636 -0.09053061 0.61354125 0
2 0.08666732 -0.17177205 0.95338523 2 0.26882663 -0.09144813 0.61287075 0
2 0.08718672 -0.17150941 0.95365316 2 0.27540964 -0.07992461 0.61689198 0
2 0.08759759 -0.17152706 0.95371163 2 0.27747521 -0.08282324 0.61623347 0
2 0.08793294 -0.17144907 0.95372081 2 0.28038216 -0.07265612 0.61763054 0
2 0.08820319 -0.17123981 0.95381117 2 0.28187913 -0.07620062 0.61858517 0
2 0.08853905 -0.17129336 0.95379168 2 0.28431106 -0.07131775 0.62020051 0
2 0.08873587 -0.17122757 0.95379394 2 0.28496245 -0.06988981 0.62040287 0
2 0.08899684 -0.17114171 0.95392823 2 0.28753883 -0.06956074 0.62398016 0
2 0.08912794 -0.17094143 0.95406491 2 0.29062906 -0.07098421 0.62703133 0
2 0.08928706 -0.17082049 0.95422053 2 0.29126552 -0.07028671 0.62699074 0
2 0.08966058 -0.17099597 0.95427084 2 0.29205763 -0.06277857 0.62783420 0
2 0.08975676 -0.17089139 0.95431292 2 0.29315674 -0.06792836 0.62923604 0
2 0.08977135 -0.17071670 0.95428574 2 0.29461619 -0.08087292 0.63101327 0
2 0.08991399 -0.17045003 0.95452231 2 0.28703871 -0.12702751 0.63500124 0
2 0.08995935 -0.17015460 0.95468640 2 0.28974065 -0.13418260 0.63799852 0
2 0.08992504 -0.16961858 0.95478201 2 0.28943563 -0.15000550 0.63926190 0
2 0.08967581 -0.16908935 0.95468569 2 0.28938115 -0.16224077 0.63963467 0
2 0.08950077 -0.16887793 0.95471561 2 0.28762993 -0.18168351 0.64299721 0
2 0.08938108 -0.16875175 0.95470911 2 0.28308776 -0.20373966 0.64444309 0
2 0.08935925 -0.16872956 0.95472515 2 0.28289723 -0.21325330 0.64772195 0
2 0.08928016 -0.16866325 0.95477682 2 0.28580591 -0.22125484 0.65065843 0
2 0.08922030 -0.16865164 0.95480543 2 0.28318444 -0.24500149 0.65213645 0
2 0.08917522 -0.16864727 0.95484936 2 0.28445762 -0.25108933 0.65465283 2
2 0.08911282 -0.16867052 0.95484871 2 0.28456703 -0.25213882 0.65282160 2
2 0.08907486 -0.16869600 0.95487106 2 0.28412256 -0.25713208 0.65258032 0
2 0.08899978 -0.16870719 0.95485055 2 0.27920446 -0.27088153 0.65303278 0
2 0.08895327 -0.16871357 0.95484263 2 0.28011662 -0.28322673 0.65603071 2
2 0.08892772 -0.16874512 0.95482790 2 0.27724609 -0.28731722 0.65465510 2
2 0.08889647 -0.16878660 0.95482785 2 0.27644622 -0.28991556 0.65582991 2
2 0.08884827 -0.16879846 0.95482796 2 0.27477863 -0.29518694 0.65707964 2
2 0.08880512 -0.16882020 0.95483935 2 0.27318779 -0.29829833 0.65684122 0
2 0.08873081 -0.16886790 0.95487398 2 0.27209091 -0.30102581 0.65750784 0
2 0.08861079 -0.16892569 0.95487583 2 0.26942226 -0.30263123 0.65564591 0
2 0.08855049 -0.16894165 0.95489568 2 0.26625454 -0.30403978 0.65530562 0
2 0.08850346 -0.16893588 0.95489806 2 0.26439223 -0.29739365 0.65196311 0
2 0.08845861 -0.16892660 0.95490050 2 0.25869414 -0.28518200 0.64735955 0
2 0.08842374 -0.16893038 0.95490944 2 0.24952559 -0.27591467 0.64515591 2
2 0.08838256 -0.16894984 0.95492625 2 0.23862703 -0.27251178 0.64174825 2
2 0.08836860 -0.16895679 0.95493954 2 0.22419560 -0.25900641 0.63634568 0
2 0.08833759 -0.16895740 0.95498544 2 0.21187225 -0.25044984 0.63436174 0
2 0.08829388 -0.16892178 0.95500916 2 0.19544519 -0.23351748 0.62943763 2
2 0.08822230 -0.16883066 0.95504063 2 0.17978822 -0.22552468 0.62487155 2
2 0.08803862 -0.16867472 0.95509768 2 0.16208445 -0.20816994 0.62194020 2
1 0.08780649 -0.16877112 0.95471472 2 0.14291102 -0.18502939 0.61904585 2
2 0.08936520 -0.17252140 0.95694166 2 0.12782931 -0.15798515 0.61399144 0
1 0.08980150 -0.17281608 0.95661551 2 0.11368940 -0.12491695 0.61409658 0
1 0.09111176 -0.17186713 0.95442730 2 0.09739905 -0.10161386 0.61204147 2
1 0.09555494 -0.16575949 0.94944865 2 0.08552311 -0.08657086 0.60887450 2
1 0.09833276 -0.15546840 0.94411749 2 0.07316302 -0.06888133 0.60734630 0
1 0.09822083 -0.14560802 0.94012195 2 0.06053806 -0.04258170 0.60431242 0
1 0.09827200 -0.14319324 0.93902147 2 0.05258049 -0.03432593 0.60533762 2
1 0.09717916 -0.13906993 0.93683690 2 0.05364821 -0.04674805 0.59878939 2
1 0.09666424 -0.13777108 0.93639344 1 0.04953299 0.01138069 0.60577387 0
1 0.09668344 -0.13470343 0.93538058 1 0.04849653 -0.03608905 0.59784973 0
1 0.09496485 -0.12713660 0.93296236 1 0.05384159 -0.04311502 0.59398329 0
1 0.09448783 -0.12522495 0.93324178 1 0.05280039 -0.04289606 0.59689736 0
1 0.09402782 -0.12365142 0.93352878 1 0.05268180 -0.03985554 0.59752131 0
1 0.08927041 -0.11100467 0.93043035 1 0.05217585 -0.03786625 0.59632432 0
1 0.09058815 -0.11293290 0.93069136 1 0.05141646 -0.03715798 0.59757489 0
1 0.09127125 -0.11437315 0.93071282 1 0.05009697 -0.03599972 0.59738910 0
1 0.09240603 -0.11681536 0.93122220 1 0.04546482 -0.03224561 0.59693426 0
1 0.09288889 -0.11797570 0.93135291 1 0.04580266 -0.03186349 0.59650248 0
1 0.09377943 -0.11975314 0.93176377 1 0.04668940 -0.03042794 0.59487176 0
1 0.09425529 -0.12072288 0.93182409 1 0.04649178 -0.03180584 0.59462416 0
-999
