2 0.18639515 -0.27040365 0.97912937 2 0.30430147 -0.10496002 0.72929651 0
2 0.18632075 -0.27035064 0.97927696 2 0.31412891 -0.10285827 0.72916377 0
2 0.18622594 -0.27032077 0.97935957 2 0.30905271 -0.10847659 0.72993612 0
2 0.18606031 -0.27027917 0.97943974 2 0.31230152 -0.10956089 0.73029160 0
2 0.18593527 -0.27026507 0.97950488 2 0.31470597 -0.11118329 0.72971010 0
2 0.18572079 -0.27023813 0.97966927 2 0.31982338 -0.11219483 0.73007667 0
2 0.18550149 -0.27024716 0.97975028 2 0.32529396 -0.11336733 0.72725415 0
2 0.18531188 -0.27018988 0.98008370 2 0.33224350 -0.11520808 0.72749853 0
2 0.18524674 -0.27010939 0.98023331 2 0.33805624 -0.11683616 0.72244960 0
2 0.18521714 -0.27004588 0.98029131 2 0.34468696 -0.12005590 0.71648306 0
2 0.18522882 -0.27000964 0.98038101 2 0.35422900 -0.12720294 0.71456051 0
2 0.18525499 -0.27003124 0.98048192 2 0.36597192 -0.13378330 0.71155131 0
2 0.18523143 -0.27002290 0.98051333 2 0.37512258 -0.14406839 0.70663822 0
2 0.18529320 -0.27028257 0.98054111 2 0.38353845 -0.15216197 0.70035011 0
2 0.18525672 -0.27034131 0.98047316 2 0.38930407 -0.16499247 0.69415188 0
2 0.18522084 -0.27039328 0.98046607 2 0.39857441 -0.17585400 0.69213289 0
2 0.18518652 -0.27040967 0.98047286 2 0.39517671 -0.19104074 0.69293457 0
2 0.18532002 -0.27064562 0.98071516 2 0.40929204 -0.19262601 0.68802154 0
2 0.18546525 -0.27082050 0.98085040 2 0.41122758 -0.19731531 0.68663371 0
2 0.18552370 -0.27103427 0.98093534 2 0.41050950 -0.20006208 0.68531138 0
2 0.18553197 -0.27114564 0.98098016 2 0.41113409 -0.20108835 0.68545413 0
2 0.18560843 -0.27125397 0.98107094 2 0.41030183 -0.20144854 0.68541092 0
2 0.18575166 -0.27134895 0.98114818 2 0.41025561 -0.20072348 0.68441975 0
2 0.18577494 -0.27145061 0.98116922 2 0.40837693 -0.19854859 0.68433619 0
2 0.18584323 -0.27158806 0.98115265 2 0.40694398 -0.19542858 0.68425328 0
2 0.18585581 -0.27161679 0.98113942 2 0.40578005 -0.19200021 0.68338239 0
2 0.18584886 -0.27162117 0.98113620 2 0.40473694 -0.18896356 0.68349820 0
2 0.18584231 -0.27163282 0.98113215 2 0.40277028 -0.18478836 0.68380547 0
2 0.18583491 -0.27167818 0.98107696 2 0.39992103 -0.17903733 0.68151349 0
2 0.18584396 -0.27170175 0.98101789 2 0.39637142 -0.17175329 0.67996055 0
2 0.18577427 -0.27172977 0.98078889 2 0.39240932 -0.16061367 0.67668551 0
2 0.18574062 -0.27174166 0.98067439 2 0.38911587 -0.15028809 0.67653447 0
2 0.18575974 -0.27174088 0.98066896 2 0.38437659 -0.13908659 0.67649066 0
2 0.18567799 -0.27137038 0.98054069 2 0.37114739 -0.12764677 0.67373675 0
2 0.18558817 -0.27102637 0.98038268 2 0.36174166 -0.10958401 0.67129290 0
2 0.18537468 -0.27061671 0.98024762 2 0.35130399 -0.09859835 0.67145884 0
2 0.18494695 -0.27019337 0.97985613 2 0.33159351 -0.09009881 0.67282224 0
2 0.18447664 -0.26986623 0.97931325 2 0.31052750 -0.08261205 0.67458057 0
2 0.18451189 -0.27002156 0.97838569 2 0.28649515 -0.07649450 0.68016475 2
2 0.18489738 -0.27028808 0.97759628 2 0.27241808 -0.07108676 0.68307936 2
2 0.18477169 -0.27036995 0.97696549 2 0.25061962 -0.05875041 0.68763345 0
2 0.18436989 -0.27037176 0.97618532 2 0.23656285 -0.05473408 0.69192362 0
2 0.17922145 -0.27165952 0.97009772 2 0.21618523 -0.05717141 0.69841868 2
2 0.18751577 -0.27400181 0.95941782 2 0.20011866 -0.04839772 0.70357072 2
2 0.19109224 -0.27201387 0.96132404 2 0.18752347 -0.04465904 0.71057624 2
2 0.19205062 -0.27157065 0.96211123 2 0.17646720 -0.04267291 0.71914023 2
2 0.19227247 -0.27172345 0.96221423 1 0.17136811 -0.12013909 0.72185677 0
2 0.19190566 -0.27169183 0.96248502 1 0.14478344 -0.08521873 0.72621000 0
2 0.19090687 -0.27143437 0.96330118 1 0.13835292 -0.02854094 0.73907804 0
2 0.19002633 -0.27153084 0.96392131 2 0.13422197 -0.03490260 0.74091154 0
2 0.18815279 -0.27246988 0.96431333 2 0.13064992 -0.03902219 0.74097782 2
2 0.18667313 -0.27363420 0.96451038 1 0.12770526 -0.04168294 0.74121296 2
2 0.18543175 -0.27480924 0.96434784 1 0.12605010 -0.04385442 0.73994935 0
2 0.18440780 -0.27581421 0.96426642 1 0.12565947 -0.04470038 0.73935497 0
2 0.18373582 -0.27652627 0.96414214 1 0.12472101 -0.04455604 0.73891127 0
2 0.18323854 -0.27704790 0.96393049 1 0.12422051 -0.04412084 0.73538244 0
2 0.18286216 -0.27732453 0.96397102 1 0.12453254 -0.04505811 0.73666251 0
2 0.18258862 -0.27762711 0.96391714 1 0.12419260 -0.04465852 0.73485911 0
2 0.18237172 -0.27790368 0.96397293 1 0.12459368 -0.04493695 0.73637784 0
2 0.18223961 -0.27811742 0.96399862 1 0.13452603 -0.07540565 0.72933835 0
2 0.18217120 -0.27825317 0.96396363 1 0.13504110 -0.07681044 0.72724199 0
2 0.18211360 -0.27836108 0.96394616 1 0.13656859 -0.07802118 0.72604728 0
2 0.18209666 -0.27837598 0.96394956 1 0.13783500 -0.07976896 0.72665036 0
2 0.18209344 -0.27836704 0.96396756 2 0.14046639 -0.07936332 0.72585404 0
2 0.18243238 -0.27797768 0.96418822 1 0.14387037 -0.08225910 0.72569865 0
2 0.18283422 -0.27743953 0.96450460 2 0.14237830 -0.04236142 0.73096621 0
2 0.18338254 -0.27690107 0.96473193 2 0.15040186 -0.04801620 0.72658139 0
2 0.18611574 -0.27681467 0.96457458 2 0.16570853 -0.05596314 0.72662103 0
2 0.18864611 -0.27564868 0.96476495 2 0.17321299 -0.05575694 0.72438085 0
2 0.19117358 -0.27446038 0.96473306 2 0.18295684 -0.05335928 0.72451884 0
2 0.19207090 -0.27167147 0.96607131 2 0.19537345 -0.06078296 0.71773058 0
2 0.19033286 -0.27092436 0.96751195 2 0.21043235 -0.06776949 0.71487290 0
2 0.18899140 -0.27068517 0.96885234 2 0.22319993 -0.07125046 0.71006066 0
2 0.18880805 -0.27085382 0.96922916 2 0.24011235 -0.07847013 0.70282215 0
2 0.18854120 -0.27101621 0.96991223 2 0.25424603 -0.09406741 0.69752663 0
2 0.18827792 -0.27110222 0.97027963 2 0.26310959 -0.10754216 0.69141620 0
2 0.18739013 -0.27115402 0.97148079 2 0.27698475 -0.11832201 0.68675071 0
2 0.18566592 -0.27033085 0.97346079 2 0.29223844 -0.12955162 0.68102086 0
2 0.18509600 -0.26997229 0.97440302 2 0.30839485 -0.14065157 0.67253107 0
2 0.18474734 -0.26961288 0.97508025 2 0.32336789 -0.14933643 0.66638148 0
2 0.18451959 -0.26953378 0.97549903 2 0.33777303 -0.15907227 0.66228044 0
2 0.18439093 -0.26945898 0.97598743 2 0.35155708 -0.16594739 0.65715921 0
2 0.18194029 -0.26980639 0.97644168 2 0.35784769 -0.17140388 0.65293229 0
2 0.18198700 -0.26983070 0.97657943 2 0.36363643 -0.17496043 0.65291995 0
2 0.18199980 -0.26985866 0.97665781 2 0.36499351 -0.17723416 0.65189469 0
2 0.18201928 -0.26987728 0.97671372 2 0.36577925 -0.17660728 0.65101022 0
2 0.18209854 -0.26990139 0.97690862 2 0.36595789 -0.17638758 0.65237921 0
2 0.18212350 -0.26991034 0.97697973 2 0.36618450 -0.17508876 0.65184253 0
2 0.18214628 -0.26990095 0.97703040 2 0.36514962 -0.17357370 0.65094161 0
2 0.18219326 -0.26990598 0.97715712 2 0.36585262 -0.17320389 0.65413731 0
2 0.18221948 -0.26991469 0.97722828 2 0.36526021 -0.17210498 0.65311784 0
2 0.18223293 -0.26992857 0.97731024 2 0.36508229 -0.17181942 0.65435743 0
2 0.18224272 -0.26993707 0.97734046 2 0.36474875 -0.17139457 0.65312207 0
2 0.18229868 -0.27000025 0.97745252 2 0.36582732 -0.17137425 0.65442282 0
-999
