2 0.16619319 -0.27285823 0.97132266 2 0.12973964 0.06157629 0.71421754 3
2 0.16619319 -0.27285823 0.97132266 2 0.12493069 0.08342237 0.71421754 3
2 0.16550235 -0.27315959 0.97125334 2 0.12828806 0.06113880 0.71181160 3
2 0.16550235 -0.27315959 0.97125334 2 0.12599933 0.07699659 0.71181160 3
2 0.16465685 -0.27346727 0.97181249 2 0.12646879 0.06212723 0.71392643 3
2 0.16465685 -0.27346727 0.97181249 2 0.12646879 0.07055753 0.71392643 3
2 0.16406655 -0.27357048 0.97239733 2 0.12404799 0.06301161 0.71324879 3
2 0.16406655 -0.27357048 0.97239733 2 0.12646879 0.06769663 0.71324879 3
2 0.16369252 -0.27351713 0.97268838 2 0.12147667 0.06532726 0.70974445 3
2 0.16369252 -0.27351713 0.97268838 2 0.12646879 0.06532726 0.70974445 3
2 0.16323818 -0.27352798 0.97333711 2 0.11899643 0.06558473 0.71216744 3
2 0.16323818 -0.27352798 0.97333711 2 0.12646879 0.06532726 0.71216744 3
1 0.16305129 -0.27374724 0.97355443 2 0.11627711 0.06644110 0.71330667 3
1 0.16305129 -0.27374724 0.97355443 2 0.12646879 0.06532726 0.71330667 3
1 0.16300987 -0.27410743 0.97380543 2 0.11399570 0.06737978 0.71382368 3
1 0.16300987 -0.27410743 0.97380543 2 0.12404799 0.06532726 0.71382368 3
1 0.16336028 -0.27410400 0.97402322 2 0.10950024 0.06843879 0.71455407 3
1 0.16336028 -0.27410400 0.97402322 2 0.12147667 0.06532726 0.71455407 3
1 0.16398181 -0.27381954 0.97427064 2 0.10667845 0.06898076 0.71584779 3
1 0.16398181 -0.27381954 0.97427064 2 0.11899643 0.06558473 0.71584779 3
1 0.16312137 -0.27522609 0.97531617 2 0.10552079 0.07286840 0.71668512 3
1 0.16312137 -0.27522609 0.97531617 2 0.11627711 0.06644110 0.71668512 3
2 0.16509190 -0.27296853 0.97417802 2 0.10437962 0.07674281 0.71273506 3
2 0.16509190 -0.27296853 0.97417802 2 0.11399570 0.06737978 0.71273506 3
2 0.16646834 -0.27134785 0.97295606 2 0.10446568 0.08313160 0.71079826 3
2 0.16646834 -0.27134785 0.97295606 2 0.10950024 0.06843879 0.71079826 3
2 0.16714537 -0.27057219 0.97275287 2 0.10693006 0.09138040 0.71320802 3
2 0.16714537 -0.27057219 0.97275287 2 0.10693006 0.06898076 0.71320802 3
2 0.16728312 -0.27010813 0.97294825 2 0.10936563 0.09936371 0.71410435 3
2 0.16728312 -0.27010813 0.97294825 2 0.10693006 0.07286840 0.71410435 3
2 0.16691530 -0.26818264 0.97455984 2 0.11368193 0.11081245 0.71508193 3
2 0.16691530 -0.26818264 0.97455984 2 0.10693006 0.07674281 0.71508193 3
1 0.16755871 -0.26692483 0.97498262 2 0.11997996 0.11929452 0.71580642 3
1 0.16755871 -0.26692483 0.97498262 2 0.10693006 0.08313160 0.71580642 3
1 0.16775075 -0.26681042 0.97511876 2 0.12534517 0.12680505 0.71633470 3
1 0.16775075 -0.26681042 0.97511876 2 0.10693006 0.09138040 0.71633470 3
1 0.16941895 -0.26497799 0.97535127 2 0.13257512 0.13423434 0.71674162 3
1 0.16941895 -0.26497799 0.97535127 2 0.10936563 0.09936371 0.71674162 3
1 0.17010237 -0.26494986 0.97557044 2 0.14014439 0.13983554 0.71794552 3
1 0.17010237 -0.26494986 0.97557044 2 0.11368193 0.11081245 0.71794552 3
2 0.17709669 -0.24594465 0.95726782 2 0.14646517 0.14332020 0.71768332 3
2 0.17709669 -0.24594465 0.95726782 2 0.11997996 0.11929452 0.71768332 3
2 0.18136139 -0.23425803 0.94722623 2 0.15378904 0.14538705 0.71861523 3
2 0.18136139 -0.23425803 0.94722623 2 0.12534517 0.12680505 0.71861523 3
2 0.17848483 -0.23382232 0.95083082 2 0.16348964 0.14557905 0.71963543 3
2 0.17848483 -0.23382232 0.95083082 2 0.13257512 0.13423434 0.71963543 3
2 0.17914678 -0.23344448 0.95040339 2 0.17211157 0.14617361 0.72004128 3
2 0.17914678 -0.23344448 0.95040339 2 0.14014439 0.13983554 0.72004128 3
2 0.17255461 -0.23486018 0.95870674 2 0.18155777 0.14521262 0.71822184 3
2 0.17255461 -0.23486018 0.95870674 2 0.14646517 0.14332020 0.71822184 3
2 0.17098121 -0.23678681 0.96151114 2 0.19167212 0.14482313 0.72118020 3
2 0.17098121 -0.23678681 0.96151114 2 0.15378904 0.14482313 0.72118020 3
2 0.16980810 -0.23597220 0.96313238 2 0.20078963 0.14388014 0.72113001 3
2 0.16980810 -0.23597220 0.96313238 2 0.16348964 0.14482313 0.72113001 3
2 0.16940312 -0.23528917 0.96378732 2 0.20806554 0.14103447 0.72046459 3
2 0.16940312 -0.23528917 0.96378732 2 0.17211157 0.14482313 0.72046459 3
2 0.17021944 -0.23724942 0.96406895 2 0.21501726 0.13918673 0.72175759 3
2 0.17021944 -0.23724942 0.96406895 2 0.18155777 0.14482313 0.72175759 3
2 0.17037556 -0.24233322 0.96444529 2 0.22079343 0.13673349 0.72203207 3
2 0.17037556 -0.24233322 0.96444529 2 0.19167212 0.14482313 0.72203207 3
2 0.16371182 -0.26837274 0.97710216 2 0.22596397 0.13254152 0.71901447 3
2 0.16371182 -0.26837274 0.97710216 2 0.20078963 0.14388014 0.71901447 3
2 0.16383970 -0.27027908 0.97800964 2 0.23121633 0.12781681 0.72121805 3
2 0.16383970 -0.27027908 0.97800964 2 0.20806554 0.14103447 0.72121805 3
2 0.16399935 -0.27250898 0.97833532 2 0.23312433 0.12123603 0.71846938 3
2 0.16399935 -0.27250898 0.97833532 2 0.21501726 0.13918673 0.71846938 3
2 0.16452798 -0.27385810 0.97837561 2 0.23596753 0.11472992 0.71620494 3
2 0.16452798 -0.27385810 0.97837561 2 0.22079343 0.13673349 0.71620494 3
2 0.16498850 -0.27512273 0.97868687 2 0.23979792 0.10568091 0.71675670 3
2 0.16498850 -0.27512273 0.97868687 2 0.22596397 0.13254152 0.71675670 3
2 0.16535065 -0.27650601 0.97895038 2 0.24325453 0.09792260 0.71605700 3
2 0.16535065 -0.27650601 0.97895038 2 0.23121633 0.12781681 0.71605700 3
2 0.16512182 -0.27739483 0.97945750 2 0.24476472 0.08988026 0.71455085 3
2 0.16512182 -0.27739483 0.97945750 2 0.23312433 0.12123603 0.71455085 3
2 0.16482878 -0.27847537 0.98043752 2 0.24679127 0.08267847 0.71442419 3
2 0.16482878 -0.27847537 0.98043752 2 0.23596753 0.11472992 0.71442419 3
2 0.16449173 -0.28012592 0.98108929 2 0.24744606 0.07504268 0.71327764 3
2 0.16449173 -0.28012592 0.98108929 2 0.23979792 0.10568091 0.71327764 3
2 0.16433290 -0.28139558 0.98167813 2 0.24812640 0.06666629 0.71368605 3
2 0.16433290 -0.28139558 0.98167813 2 0.24325453 0.09792260 0.71368605 3
2 0.16418648 -0.28243509 0.98207933 2 0.24449833 0.05881413 0.71130502 3
2 0.16418648 -0.28243509 0.98207933 2 0.24449833 0.08988026 0.71130502 3
2 0.16406512 -0.28321174 0.98251641 2 0.24071728 0.05018565 0.70979059 3
2 0.16406512 -0.28321174 0.98251641 2 0.24449833 0.08267847 0.70979059 3
2 0.16386606 -0.28415310 0.98351765 2 0.23775800 0.04098186 0.70970464 3
2 0.16386606 -0.28415310 0.98351765 2 0.24449833 0.07504268 0.70970464 3
2 0.16373888 -0.28478217 0.98435402 2 0.23332985 0.03196968 0.70749706 3
2 0.16373888 -0.28478217 0.98435402 2 0.24449833 0.06666629 0.70749706 3
2 0.16369510 -0.28523874 0.98466396 2 0.22726327 0.02453426 0.70331407 3
2 0.16369510 -0.28523874 0.98466396 2 0.24449833 0.05881413 0.70331407 3
2 0.16361803 -0.28558159 0.98493659 2 0.22168556 0.01815742 0.70349157 3
2 0.16361803 -0.28558159 0.98493659 2 0.24071728 0.05018565 0.70349157 3
2 0.16410470 -0.28608954 0.98489654 2 0.21588160 0.01274620 0.70170790 3
2 0.16410470 -0.28608954 0.98489654 2 0.23775800 0.04098186 0.70170790 3
2 0.16453949 -0.28671521 0.98476827 2 0.20887403 0.00672165 0.70154083 3
2 0.16453949 -0.28671521 0.98476827 2 0.23332985 0.03196968 0.70154083 3
2 0.16512731 -0.28769326 0.98415548 2 0.20132293 0.00325614 0.69885224 3
2 0.16512731 -0.28769326 0.98415548 2 0.22726327 0.02453426 0.69885224 3
2 0.16519986 -0.28787586 0.98390019 2 0.19401747 -0.00109376 0.69659203 3
2 0.16519986 -0.28787586 0.98390019 2 0.22168556 0.01815742 0.69659203 3
2 0.16458184 -0.28795448 0.98379540 2 0.18676043 -0.00542446 0.69719487 3
2 0.16458184 -0.28795448 0.98379540 2 0.21588160 0.01274620 0.69719487 3
2 0.16403705 -0.28788838 0.98363072 2 0.17947425 -0.00725563 0.69624531 3
2 0.16403705 -0.28788838 0.98363072 2 0.20887403 0.00672165 0.69624531 3
2 0.16360351 -0.28775093 0.98363817 2 0.17242007 -0.00849458 0.69765985 3
2 0.16360351 -0.28775093 0.98363817 2 0.20132293 0.00325614 0.69765985 3
2 0.16254684 -0.28670365 0.98426580 2 0.16576502 -0.00888106 0.69624120 3
2 0.16254684 -0.28670365 0.98426580 2 0.19401747 -0.00109376 0.69624120 3
2 0.16170453 -0.28557181 0.98490232 2 0.15931380 -0.00888106 0.69664133 3
2 0.16170453 -0.28557181 0.98490232 2 0.18676043 -0.00542446 0.69664133 3
2 0.16071168 -0.28459167 0.98555696 2 0.15359262 -0.00878572 0.69605482 3
2 0.16071168 -0.28459167 0.98555696 2 0.17947425 -0.00725563 0.69605482 3
2 0.19613589 -0.26136509 0.95490158 2 0.14490415 -0.00683500 0.69437510 3
2 0.19613589 -0.26136509 0.95490158 2 0.17242007 -0.00725563 0.69437510 3
1 0.19611764 -0.26131573 0.95490265 2 0.13905285 -0.00507462 0.69505703 3
1 0.19611764 -0.26131573 0.95490265 2 0.16576502 -0.00725563 0.69505703 3
1 0.19611499 -0.26125729 0.95489204 2 0.13247514 -0.00265066 0.69376510 3
1 0.19611499 -0.26125729 0.95489204 2 0.15931380 -0.00725563 0.69376510 3
1 0.19616893 -0.26135623 0.95489258 2 0.12600578 0.00033410 0.69081283 3
1 0.19616893 -0.26135623 0.95489258 2 0.15359262 -0.00725563 0.69081283 3
1 0.21055512 -0.20804709 0.94622326 2 0.11880121 0.00398602 0.69065672 3
1 0.21055512 -0.20804709 0.94622326 2 0.14490415 -0.00683500 0.69065672 3
1 0.21055146 -0.20801885 0.94621468 2 0.11250212 0.00759246 0.68893421 3
1 0.21055146 -0.20801885 0.94621468 2 0.13905285 -0.00507462 0.68893421 3
1 0.21061999 -0.20776972 0.94612366 2 0.10737871 0.01170520 0.68857676 3
1 0.21061999 -0.20776972 0.94612366 2 0.13247514 -0.00265066 0.68857676 3
2 0.21758199 -0.20859140 0.93015832 2 0.10129850 0.01601229 0.68689030 3
2 0.21758199 -0.20859140 0.93015832 2 0.12600578 0.00033410 0.68689030 3
2 0.23431270 -0.20933998 0.89262438 2 0.09891578 0.01876853 0.68819475 3
2 0.23431270 -0.20933998 0.89262438 2 0.11880121 0.00398602 0.68819475 3
2 0.23975450 -0.20789677 0.87889779 2 0.09538221 0.02385188 0.68899322 3
2 0.23975450 -0.20789677 0.87889779 2 0.11250212 0.00759246 0.68899322 3
1 0.24966590 -0.18170808 0.86374712 2 0.09413093 0.02678494 0.68810362 3
1 0.24966590 -0.18170808 0.86374712 2 0.10737871 0.01170520 0.68810362 3
1 0.25044963 -0.18040141 0.86251098 2 0.09243279 0.03123314 0.68970168 3
1 0.25044963 -0.18040141 0.86251098 2 0.10129850 0.01601229 0.68970168 3
1 0.25019428 -0.17988975 0.86200410 2 0.09128794 0.03670648 0.68945092 3
1 0.25019428 -0.17988975 0.86200410 2 0.09891578 0.01876853 0.68945092 3
1 0.24804857 -0.18292837 0.86656880 2 0.08958508 0.04189273 0.68751860 3
1 0.24804857 -0.18292837 0.86656880 2 0.09538221 0.02385188 0.68751860 3
1 0.24755745 -0.18199943 0.86809617 2 0.09006608 0.04738386 0.68831259 3
1 0.24755745 -0.18199943 0.86809617 2 0.09413093 0.02678494 0.68831259 3
1 0.24699023 -0.18199149 0.86929649 2 0.09160689 0.05285295 0.68879843 3
1 0.24699023 -0.18199149 0.86929649 2 0.09243279 0.03123314 0.68879843 3
1 0.24655525 -0.18219563 0.86998951 2 0.09417371 0.05783302 0.68677056 3
1 0.24655525 -0.18219563 0.86998951 2 0.09243279 0.03670648 0.68677056 3
1 0.24620982 -0.18161473 0.87097716 2 0.09667214 0.06463745 0.68912297 3
1 0.24620982 -0.18161473 0.87097716 2 0.09243279 0.04189273 0.68912297 3
1 0.24352211 -0.19135563 0.87310833 2 0.09910344 0.07247493 0.68591338 3
1 0.24352211 -0.19135563 0.87310833 2 0.09243279 0.04738386 0.68591338 3
2 0.23627223 -0.19039558 0.87304097 2 0.10160252 0.07622162 0.68455386 3
2 0.23627223 -0.19039558 0.87304097 2 0.09243279 0.05285295 0.68455386 3
2 0.21601060 -0.22738247 0.90306973 2 0.10454326 0.08144403 0.68679112 3
2 0.21601060 -0.22738247 0.90306973 2 0.09417371 0.05783302 0.68679112 3
2 0.21141866 -0.23229411 0.90827394 2 0.10899618 0.08438982 0.68591464 3
2 0.21141866 -0.23229411 0.90827394 2 0.09667214 0.06463745 0.68591464 3
2 0.20719662 -0.23380682 0.91101080 2 0.11420722 0.08684580 0.68404418 3
2 0.20719662 -0.23380682 0.91101080 2 0.09910344 0.07247493 0.68404418 3
2 0.19794637 -0.24058124 0.92774040 2 0.11958461 0.08922397 0.68544048 3
2 0.19794637 -0.24058124 0.92774040 2 0.10160252 0.07622162 0.68544048 3
2 0.18772940 -0.25327826 0.94732016 2 0.12447947 0.09152175 0.68410558 3
2 0.18772940 -0.25327826 0.94732016 2 0.10454326 0.08144403 0.68410558 3
2 0.20256850 -0.24825707 0.92482567 2 0.13031220 0.09283575 0.68413723 3
2 0.20256850 -0.24825707 0.92482567 2 0.10899618 0.08438982 0.68413723 3
2 0.17895573 -0.24420622 0.95596933 2 0.13566014 0.09336879 0.68187058 3
2 0.17895573 -0.24420622 0.95596933 2 0.11420722 0.08684580 0.68187058 3
2 0.14329766 -0.24204649 1.00474536 2 0.14201759 0.09484752 0.68214846 3
2 0.14329766 -0.24204649 1.00474536 2 0.11958461 0.08922397 0.68214846 3
2 0.14581740 -0.24385288 1.00201559 2 0.14658640 0.09550688 0.68378067 3
2 0.14581740 -0.24385288 1.00201559 2 0.12447947 0.09152175 0.68378067 3
2 0.14710328 -0.24452163 1.00089765 2 0.15157317 0.09714676 0.68451095 3
2 0.14710328 -0.24452163 1.00089765 2 0.13031220 0.09283575 0.68451095 3
2 0.14616185 -0.24559355 1.00008762 2 0.15481548 0.09873125 0.68369120 3
2 0.14616185 -0.24559355 1.00008762 2 0.13566014 0.09336879 0.68369120 3
2 0.14648601 -0.24577010 0.99967164 2 0.15821569 0.09897355 0.68336296 3
2 0.14648601 -0.24577010 0.99967164 2 0.14201759 0.09484752 0.68336296 3
2 0.14693706 -0.24567565 0.99935037 2 0.16075458 0.10009398 0.68509626 3
2 0.14693706 -0.24567565 0.99935037 2 0.14658640 0.09550688 0.68509626 3
2 0.14758259 -0.24582236 0.99887860 2 0.16158694 0.10092919 0.68456388 3
2 0.14758259 -0.24582236 0.99887860 2 0.15157317 0.09714676 0.68456388 3
2 0.14769945 -0.24587578 0.99877661 2 0.16159493 0.10102324 0.68376315 3
2 0.14769945 -0.24587578 0.99877661 2 0.15481548 0.09873125 0.68376315 3
2 0.14785215 -0.24586825 0.99863774 2 0.16119771 0.10244351 0.68537414 3
2 0.14785215 -0.24586825 0.99863774 2 0.15821569 0.09897355 0.68537414 3
2 0.15162949 -0.23900159 0.99358737 2 0.15933433 0.10522809 0.68794739 3
2 0.15162949 -0.23900159 0.99358737 2 0.15933433 0.10009398 0.68794739 3
2 0.15177730 -0.23788610 0.99261105 2 0.15666340 0.10829771 0.68847501 3
2 0.15177730 -0.23788610 0.99261105 2 0.15933433 0.10092919 0.68847501 3
2 0.15289511 -0.23659705 0.99184918 2 0.15785654 0.11281420 0.69474345 3
2 0.15289511 -0.23659705 0.99184918 2 0.15933433 0.10102324 0.69474345 3
2 0.15304153 -0.23645402 0.99127215 2 0.15365572 0.11894216 0.69685489 2
2 0.15304153 -0.23645402 0.99127215 2 0.15933433 0.10244351 0.69685489 2
-999
