2 0.21619564 -0.34081611 1.00659978 2 0.32532316 0.00012516 0.79033953 32 0.35115060 -0.25306359 0.86421406 3
2 0.21612625 -0.34083006 1.00666380 2 0.32404381 0.00001161 0.79171133 32 0.34976739 -0.25232014 0.86482304 3
2 0.21582694 -0.34078985 1.00651395 2 0.31225720 0.00658832 0.78920966 32 0.34732461 -0.25248194 0.86388427 3
2 0.21554555 -0.34072891 1.00629890 2 0.29737109 0.00570805 0.79108012 32 0.34382051 -0.25220808 0.86389452 3
2 0.21472360 -0.34032220 1.00593674 2 0.27541465 0.00217370 0.79334015 32 0.34029004 -0.25077224 0.86267424 3
2 0.21453317 -0.34040835 1.00537872 2 0.24502216 0.00033290 0.79314762 32 0.33177024 -0.23868784 0.85669518 3
2 0.21423851 -0.34018329 1.00549710 2 0.22041364 -0.02029901 0.80332470 32 0.32933402 -0.22623944 0.84920228 3
2 0.21352164 -0.33745435 1.00714552 2 0.20058644 -0.04783744 0.80860734 32 0.32638529 -0.22861199 0.85073096 3
2 0.21272387 -0.33739433 1.00731325 2 0.17326289 -0.06814384 0.80971837 32 0.32560211 -0.25130120 0.85683089 3
2 0.21563083 -0.33766466 1.00384688 2 0.16203661 -0.09807460 0.80058950 32 0.32111433 -0.25913304 0.86161059 3
2 0.21890171 -0.33771569 1.00228477 2 0.15090264 -0.12691300 0.79964280 32 0.34226012 -0.26972640 0.84606868 3
2 0.22145213 -0.33770335 1.00188828 2 0.15751162 -0.16247039 0.79527122 32 0.34435028 -0.28066301 0.84573835 3
2 0.22237396 -0.34174526 0.99967498 2 0.15613735 -0.18620332 0.78705353 32 0.34695610 -0.29190931 0.84264159 3
2 0.22083549 -0.35131508 0.99578673 2 0.16331847 -0.21316636 0.78034091 32 0.34536657 -0.29769242 0.83817929 3
1 0.22131036 -0.35164586 0.99633896 2 0.17032672 -0.23779163 0.77114230 32 0.33735055 -0.31474769 0.83123529 3
1 0.22227140 -0.35154772 0.99769622 2 0.18029150 -0.26051790 0.76104587 02 0.29534036 -0.32933095 0.80519909 0
2 0.21633112 -0.34960195 1.00173080 2 0.19445188 -0.28061756 0.75546932 02 0.29636991 -0.33150735 0.80495572 0
2 0.21524581 -0.34965670 1.00299299 1 0.10576560 -0.18950737 0.80966669 02 0.29648393 -0.33784446 0.80041164 0
2 0.21481246 -0.34949744 1.00457370 2 0.08773620 -0.33871070 0.95312905 02 0.27562433 -0.33791333 0.76127642 0
2 0.21525146 -0.34993163 1.00559664 2 0.20249957 -0.32059574 1.01498687 11 0.30034819 -0.32757437 0.77031040 1
2 0.21528032 -0.34990048 1.00706482 2 0.18931736 -0.31954128 1.01964533 12 0.28176033 -0.33559710 0.76509213 1
2 0.21536319 -0.34989452 1.00837338 2 0.18815282 -0.32077026 1.02029610 12 0.28732312 -0.33878914 0.76768816 1
2 0.21534523 -0.34984159 1.00922811 2 0.18767591 -0.31962717 1.02066791 11 0.29065970 -0.34337801 0.76929224 1
2 0.21533889 -0.34978715 1.00987542 2 0.18794303 -0.31885052 1.02193761 11 0.29088411 -0.34515592 0.76985478 1
2 0.21535373 -0.34970129 1.01043904 2 0.18773581 -0.31728119 1.02232456 11 0.29823825 -0.34781089 0.77271783 1
2 0.21539445 -0.34964901 1.01103699 2 0.18914530 -0.31804082 1.02353179 11 0.29781663 -0.34622604 0.77305526 1
2 0.21547009 -0.34954107 1.01136041 2 0.47349772 -0.26575816 0.74407583 11 0.29659975 -0.34642804 0.77281618 1
2 0.21566252 -0.34938374 1.01187539 2 0.48571157 -0.26344171 0.76855916 11 0.29979703 -0.34366786 0.77431417 1
2 0.21637158 -0.34969339 1.01231921 2 0.48568365 -0.33637109 0.87515402 11 0.30024159 -0.34212169 0.77457047 1
2 0.21710508 -0.34992066 1.01242220 2 0.48605430 -0.33048925 0.87487328 01 0.29633784 -0.33957541 0.77372199 0
2 0.21784218 -0.35009488 1.01276731 2 0.49008554 -0.31702363 0.87889647 01 0.29823250 -0.33688757 0.77379870 0
2 0.21830910 -0.35008085 1.01277673 2 0.49348229 -0.29144824 0.87005281 01 0.29545212 -0.33553416 0.77284610 0
2 0.21882775 -0.34994781 1.01291370 2 0.49851224 -0.27330533 0.86913693 01 0.29216814 -0.33126378 0.77387840 0
2 0.21938042 -0.34952301 1.01288402 2 0.50805038 -0.24253267 0.85874879 01 0.28808928 -0.32490444 0.77360541 0
2 0.21978165 -0.34899753 1.01277685 2 0.50500798 -0.23234031 0.86214232 01 0.28487960 -0.31988969 0.77331245 0
2 0.22010471 -0.34776497 1.01304090 2 0.51481777 -0.20082113 0.85653627 01 0.28280219 -0.31523806 0.77392775 0
2 0.22033304 -0.34651342 1.01301897 2 0.52454400 -0.16062321 0.84379011 02 0.43605849 -0.29438338 0.92728251 0
2 0.22049020 -0.34478915 1.01282060 2 0.53248024 -0.11941511 0.83093798 12 0.43515146 -0.29240516 0.92614186 1
2 0.22071588 -0.34347799 1.01309276 2 0.53147882 -0.10438897 0.83224392 12 0.43402943 -0.28972438 0.92602384 1
2 0.22080225 -0.34221625 1.01360941 2 0.52790558 -0.09231691 0.83414066 12 0.43195316 -0.28287327 0.92572093 1
2 0.22094716 -0.34099689 1.01420975 2 0.52630526 -0.07387391 0.83469743 12 0.42883354 -0.27297899 0.92510122 1
2 0.22098529 -0.33929428 1.01443124 2 0.51816601 -0.06219022 0.83111054 12 0.42596778 -0.25896886 0.91843754 1
2 0.22103947 -0.33773151 1.01497555 2 0.51745528 -0.03887356 0.83065301 12 0.42623454 -0.24720092 0.91543084 1
2 0.22109404 -0.33692840 1.01546597 2 0.51093185 -0.02079573 0.83049083 12 0.42573443 -0.23779775 0.91280824 1
2 0.22760923 -0.34265628 1.01436198 2 0.49934325 -0.00760684 0.82954752 12 0.42497420 -0.22930244 0.91063511 1
2 0.22702214 -0.34039861 1.01522553 2 0.48185122 0.00105973 0.83100390 02 0.42163983 -0.22272901 0.91034645 0
2 0.22657681 -0.33929861 1.01557732 2 0.46313855 0.00821695 0.83413416 02 0.41869891 -0.21835010 0.90926433 0
2 0.22653964 -0.33922511 1.01562786 2 0.44408879 0.01275430 0.83629143 32 0.41508168 -0.21552245 0.90961105 3
2 0.22638765 -0.33914715 1.01555490 2 0.42451027 0.01804367 0.83566946 32 0.40945956 -0.21540664 0.91038895 3
2 0.22603792 -0.33880103 1.01564765 2 0.40406233 0.01555462 0.84288710 32 0.40032485 -0.21935463 0.91330987 3
2 0.22563523 -0.33848816 1.01549983 2 0.38433990 0.01156412 0.84597367 32 0.39235586 -0.22454315 0.91445422 3
2 0.22528860 -0.33840033 1.01520467 2 0.36592472 0.00356105 0.84639245 32 0.38742349 -0.22552003 0.91403568 3
2 0.22485824 -0.33828068 1.01500678 2 0.34338197 0.01998062 0.84449619 32 0.38090077 -0.23342255 0.91491622 3
2 0.22427033 -0.33811754 1.01457143 2 0.32594639 0.01443410 0.84308887 32 0.37705770 -0.23715962 0.91384608 3
2 0.22406831 -0.33788636 1.01411057 2 0.31146413 0.00835063 0.84435117 32 0.37633643 -0.23748675 0.91251242 3
2 0.22390446 -0.33782277 1.01333690 2 0.29573455 0.00396346 0.84364927 32 0.37462896 -0.23600787 0.90965074 3
2 0.22378011 -0.33775967 1.01265109 2 0.28402242 -0.00136425 0.84121937 32 0.37322384 -0.23507141 0.90696883 3
2 0.22353527 -0.33779112 1.01213157 2 0.27251518 -0.00528431 0.83969504 32 0.37121570 -0.23302050 0.90337974 3
2 0.22332662 -0.33787534 1.01168549 2 0.26100433 -0.00694857 0.83865958 32 0.36750600 -0.22784738 0.89927953 3
2 0.22305764 -0.33801809 1.01111746 2 0.25526321 -0.02122235 0.84139842 32 0.36115021 -0.22001314 0.89569259 3
2 0.22274926 -0.33778617 1.01092362 2 0.24507384 -0.02779035 0.84238499 32 0.35971734 -0.21777493 0.89288330 3
2 0.22251226 -0.33735108 1.01093721 2 0.22235012 -0.02408925 0.83840227 32 0.35695329 -0.21612881 0.89040995 3
2 0.22219294 -0.33671054 1.01121831 2 0.21908075 -0.04856464 0.84296209 32 0.35398725 -0.21733202 0.88983583 3
2 0.22181539 -0.33636236 1.01130140 2 0.20560208 -0.06525687 0.83948272 32 0.34888998 -0.22412966 0.88747871 3
2 0.22128966 -0.33652672 1.01098967 2 0.19369458 -0.08315066 0.83585835 32 0.34361395 -0.23466612 0.88750696 3
2 0.21904790 -0.33889183 1.00959980 2 0.18718141 -0.10554910 0.82830441 32 0.34323460 -0.25999552 0.89186537 3
2 0.22846547 -0.33944207 1.00299859 2 0.18259804 -0.12970947 0.82781553 32 0.35323155 -0.26348513 0.88401926 3
2 0.23349296 -0.33910316 1.00187242 2 0.18384807 -0.15589434 0.81976324 32 0.36286837 -0.28012127 0.87850761 3
2 0.23386699 -0.33895937 1.00256884 2 0.18245842 -0.17903975 0.81300843 32 0.36275885 -0.29111591 0.87402105 3
2 0.23438843 -0.34092626 1.00243664 2 0.18429486 -0.19926023 0.80357397 02 0.36016032 -0.29354858 0.87053913 0
2 0.22787599 -0.35182470 0.99929172 2 0.18832830 -0.21881197 0.79326135 02 0.34928963 -0.29802266 0.86549234 0
2 0.22626521 -0.35602084 0.99895531 2 0.20352319 -0.24166447 0.78482109 02 0.34977672 -0.31035715 0.85988730 0
2 0.22173189 -0.35665432 1.00097990 2 0.21159816 -0.25831598 0.77323127 02 0.35563198 -0.32799095 0.85511386 0
2 0.21850915 -0.35518992 1.00366831 1 0.12705798 -0.17554991 0.82056975 02 0.31145132 -0.33488575 0.81440985 0
2 0.21746427 -0.35418093 1.00553012 2 0.23792994 -0.27909118 0.74918234 02 0.31373271 -0.33884797 0.81315607 0
2 0.21762890 -0.35391101 1.00675952 2 0.25436214 -0.29801372 0.74254149 02 0.38728991 -0.35336119 0.87159079 0
2 0.21807380 -0.35402894 1.00790584 2 0.26829997 -0.30607224 0.73917747 01 0.39145112 -0.35252878 0.87287760 0
2 0.21780111 -0.35356170 1.00895655 2 0.29449201 -0.31392398 0.73262548 31 0.40040308 -0.35635242 0.87391400 3
2 0.21760093 -0.35325268 1.00985515 2 0.30766138 -0.31752118 0.73325616 31 0.40893444 -0.36242309 0.87402624 3
2 0.21741551 -0.35292804 1.01068807 2 0.33831313 -0.32257077 0.72684032 31 0.41102928 -0.36558399 0.87515545 3
2 0.21725251 -0.35268962 1.01147437 2 0.36211941 -0.32557890 0.72653401 32 0.37413234 -0.46384391 0.96126699 3
2 0.21716152 -0.35249072 1.01193488 2 0.38348976 -0.32404748 0.72350693 02 0.37930086 -0.45845529 0.95583117 0
2 0.21699394 -0.35224816 1.01250625 2 0.40621063 -0.32221776 0.72385359 02 0.41699785 -0.40495458 0.91177505 0
2 0.21684919 -0.35198727 1.01315713 2 0.42772195 -0.31273282 0.71853244 02 0.42253542 -0.40628785 0.91090655 0
2 0.21677636 -0.35182521 1.01361215 2 0.46921605 -0.32830909 0.71261966 02 0.43458349 -0.39539665 0.90565932 0
2 0.21672422 -0.35172725 1.01387954 2 0.46869791 -0.30296525 0.72014081 12 0.42362708 -0.40922683 0.92324054 1
2 0.21724851 -0.35201916 1.01380301 2 0.48454937 -0.31786504 0.76179177 12 0.38149762 -0.43563920 0.96251702 1
2 0.21715274 -0.35181493 1.01408803 2 0.49720609 -0.32076144 0.78983027 12 0.38347235 -0.43464637 0.96261269 1
2 0.21759970 -0.35206145 1.01414359 2 0.50413603 -0.32216620 0.80835688 12 0.38479263 -0.42783260 0.96280479 1
2 0.21804367 -0.35221431 1.01423967 2 0.51768553 -0.30296910 0.80972779 12 0.39040104 -0.41784742 0.95939970 1
2 0.21831319 -0.35226378 1.01400948 2 0.51968575 -0.28486446 0.80484307 12 0.39016357 -0.40116847 0.95481384 1
2 0.21848316 -0.35231063 1.01394570 2 0.52515817 -0.26719153 0.80931294 12 0.39347959 -0.39353633 0.95136368 1
2 0.21888009 -0.35235232 1.01387811 2 0.52578771 -0.24575894 0.81192398 12 0.39505091 -0.38402775 0.94997329 1
2 0.21925165 -0.35215059 1.01326168 2 0.50196648 -0.24814184 0.82445222 02 0.39294088 -0.36468318 0.94462842 0
2 0.21951516 -0.35187432 1.01305580 2 0.52053446 -0.19305283 0.80899119 02 0.40765053 -0.31882471 0.93978405 0
2 0.21969435 -0.35086328 1.01301992 2 0.51461816 -0.15921959 0.80616325 12 0.42215362 -0.31694990 0.92016357 1
2 0.21977511 -0.34924331 1.01270604 2 0.50368899 -0.12143058 0.80014217 12 0.42200041 -0.31729591 0.91441000 1
2 0.21989316 -0.34737420 1.01281798 2 0.49511373 -0.09989748 0.80133069 12 0.42298880 -0.31309646 0.90816844 1
2 0.22020313 -0.34382617 1.01398087 2 0.48778552 -0.04403519 0.79097080 12 0.42135888 -0.26464573 0.88900942 1
2 0.21978508 -0.34020108 1.01555097 2 0.46926427 -0.04028219 0.80070227 02 0.41838318 -0.25682208 0.88871509 0
2 0.22634193 -0.34300157 1.01330447 2 0.44896272 -0.02779758 0.81000960 02 0.41864204 -0.24437889 0.88715655 0
2 0.22590798 -0.34206429 1.01388466 2 0.42943141 -0.01804245 0.81760484 32 0.41401029 -0.23922700 0.88834000 3
2 0.22586516 -0.34169948 1.01374805 2 0.40766478 -0.01075606 0.82113951 32 0.40577826 -0.23925588 0.88973707 3
2 0.22535652 -0.34085944 1.01360786 2 0.38607669 -0.00822664 0.83240503 32 0.39102626 -0.24088588 0.89619720 3
2 0.22472748 -0.34035417 1.01333594 2 0.36414286 -0.00377065 0.84192765 32 0.38116470 -0.24321458 0.90038538 3
2 0.22376612 -0.34019613 1.01285207 2 0.33637616 0.01874835 0.84468144 32 0.37463361 -0.24247916 0.90202123 3
2 0.22258212 -0.33995414 1.01245904 2 0.31394649 0.02097473 0.85064250 32 0.36719921 -0.23746248 0.90328979 3
2 0.22294278 -0.33845821 1.01072836 2 0.28681785 0.02572994 0.85118037 32 0.35881200 -0.22148624 0.89880043 3
2 0.22271159 -0.33762270 1.00969505 2 0.26464334 0.01795076 0.84995848 32 0.35150614 -0.21003963 0.89554608 3
2 0.22246186 -0.33743763 1.00929224 2 0.24219361 0.01103599 0.85638154 32 0.34657905 -0.20254533 0.89371276 3
1 0.22257288 -0.33768722 1.00930119 2 0.22211336 0.00247527 0.85962856 32 0.34400475 -0.19969039 0.89262688 3
1 0.22300911 -0.33856466 1.00925827 2 0.19821791 -0.00642512 0.85786951 32 0.34138051 -0.20026873 0.89079922 3
2 0.22184816 -0.33237663 1.01359653 2 0.17817949 -0.02018198 0.85559261 32 0.33715603 -0.20472106 0.88830906 3
2 0.21779084 -0.32791179 1.01440120 2 0.15511952 -0.03355587 0.84957540 12 0.33081084 -0.21363227 0.88555169 1
2 0.21730907 -0.32789591 1.01443255 1 0.14257672 -0.05154515 0.84554547 12 0.32378665 -0.22017358 0.88528442 1
2 0.21682146 -0.32841513 1.01457775 2 0.13981429 -0.08123424 0.84484351 32 0.31970304 -0.22919652 0.88617885 3
2 0.21673460 -0.32893917 1.01468706 2 0.13423935 -0.10398580 0.83950377 32 0.32164609 -0.24152961 0.88400626 3
2 0.22289051 -0.32360411 1.01143789 2 0.12886465 -0.12919317 0.83419150 32 0.31688833 -0.23763873 0.87015468 3
2 0.22415504 -0.32321107 1.01101434 2 0.12802187 -0.15362811 0.82778883 32 0.31665435 -0.24293020 0.86436230 3
2 0.22393861 -0.32434303 1.01065588 2 0.13119458 -0.17710169 0.81763417 32 0.35360292 -0.28308380 0.85328108 3
2 0.22527856 -0.33185524 1.00671923 2 0.13159470 -0.19743297 0.80756032 32 0.35496810 -0.28893527 0.85272914 3
2 0.23398183 -0.37727502 0.96904397 2 0.14901796 -0.22086684 0.79439431 32 0.35490426 -0.30506524 0.84385508 3
1 0.23143940 -0.37193725 0.97706568 2 0.17077412 -0.24563955 0.78746963 32 0.35416147 -0.32580814 0.84177339 3
1 0.23121195 -0.37226993 0.97888130 2 0.17066199 -0.26092410 0.77196515 02 0.30010575 -0.32933986 0.80704772 0
2 0.21689728 -0.36499131 0.99044883 2 0.18236378 -0.27685454 0.75990510 02 0.29490420 -0.33391517 0.81350172 0
2 0.21572475 -0.36339045 0.99306202 2 0.19790198 -0.29168183 0.74627769 02 0.29786471 -0.34020841 0.80839652 0
2 0.21555182 -0.36319470 0.99358058 2 0.09000970 -0.24346593 0.74190122 02 0.30245832 -0.34940499 0.80131721 0
2 0.21573618 -0.36297369 0.99519879 2 0.10378531 -0.24403165 0.73477167 02 0.31297120 -0.35565305 0.79574311 0
2 0.21650055 -0.36347732 0.99612105 2 0.16514984 -0.25809881 0.63783664 01 0.32232165 -0.36289537 0.79353315 0
2 0.21656440 -0.36354586 0.99726862 1 0.31874242 -0.37233657 0.52578783 12 0.26434803 -0.36710799 0.77360302 1
2 0.21654539 -0.36357197 0.99744987 1 0.31857648 -0.37193555 0.52589881 11 0.26441765 -0.36695912 0.77309865 1
2 0.21656436 -0.36355972 0.99790502 1 0.45978040 -0.38037935 0.63039464 11 0.26445323 -0.36690062 0.77296561 1
2 0.21660087 -0.36353141 0.99842721 1 0.41919255 -0.38302255 0.72089261 11 0.26465619 -0.36680183 0.77294970 1
2 0.21661453 -0.36339480 0.99910814 1 0.31838080 -0.37160164 0.52743626 11 0.26477718 -0.36677840 0.77298355 1
2 0.21659751 -0.36331809 0.99926376 2 0.42790180 -0.42121941 0.85126156 11 0.26499870 -0.36657462 0.77284986 1
2 0.22544943 -0.36943704 0.99847704 1 0.43864745 -0.30856851 0.69863999 11 0.26540965 -0.36633658 0.77299029 1
2 0.22804271 -0.37126091 0.99772406 2 0.45314127 -0.39633533 0.84978145 11 0.26575619 -0.36600167 0.77282459 1
2 0.22713152 -0.37042776 0.99824989 2 0.48674777 -0.35992801 0.81260294 01 0.26631504 -0.36559325 0.77312160 0
2 0.22646682 -0.36966333 0.99870604 2 0.43561289 -0.40616935 0.90791470 01 0.26822954 -0.36667073 0.77297527 0
2 0.22595541 -0.36905637 0.99892950 2 0.50467873 -0.32046631 0.81472266 01 0.26993769 -0.36417449 0.77451724 0
2 0.22545050 -0.36840096 0.99916375 2 0.49218148 -0.31723499 0.82936668 01 0.27092615 -0.36559209 0.77413529 0
2 0.22508262 -0.36781093 0.99926740 2 0.48978749 -0.30844554 0.83738232 01 0.27186468 -0.36447948 0.77501881 0
2 0.22475094 -0.36716187 0.99930245 2 0.52851272 -0.24681070 0.80456132 02 0.39770728 -0.36543173 0.94298303 0
2 0.22445033 -0.36630747 0.99927461 2 0.50286329 -0.26069713 0.83253539 02 0.39718521 -0.36049598 0.94201452 0
2 0.22427377 -0.36523819 0.99928403 2 0.52564728 -0.21351177 0.81775594 02 0.40441233 -0.34589159 0.93609732 0
2 0.22345443 -0.36261657 0.99938548 2 0.53332376 -0.18306623 0.81667787 12 0.41764483 -0.32236889 0.92430121 1
2 0.22281101 -0.36035675 0.99971503 2 0.54352409 -0.14733396 0.82189316 12 0.43316743 -0.29718867 0.91029143 1
2 0.22185664 -0.35766524 0.99971926 2 0.53835166 -0.11678030 0.82162678 12 0.43634459 -0.28009352 0.90045428 1
2 0.22142217 -0.35520247 1.00037313 2 0.53458232 -0.09818664 0.82260180 12 0.43429944 -0.27288371 0.89995456 1
2 0.22143947 -0.35259533 1.00118661 2 0.52737069 -0.07235229 0.82035094 12 0.42847604 -0.25729564 0.89913470 1
2 0.22045143 -0.34215051 1.00686312 2 0.51571310 -0.05822760 0.82110524 12 0.42314750 -0.24387546 0.89820421 1
2 0.21826598 -0.33911851 1.00806963 2 0.51169711 -0.02735469 0.81759560 12 0.41578332 -0.23217617 0.89737755 1
2 0.21821815 -0.33700082 1.00932503 2 0.50454360 -0.00344697 0.81865942 12 0.41257760 -0.22531539 0.89740014 1
2 0.21846081 -0.33641732 1.00967848 2 0.49156806 0.01219970 0.81934977 02 0.40888178 -0.21708457 0.89864421 0
2 0.21860492 -0.33609796 1.00989044 2 0.47368264 0.02117877 0.82582474 02 0.40224767 -0.20465632 0.90078902 0
2 0.21871704 -0.33604276 1.00992393 2 0.45272458 0.02821393 0.83004647 32 0.39943984 -0.20056038 0.90068662 3
2 0.21874347 -0.33603022 1.00997448 2 0.43024889 0.03233583 0.83535761 32 0.39096171 -0.19981080 0.90477407 3
2 0.21867517 -0.33599505 1.01005411 2 0.40521139 0.03289457 0.84112710 32 0.38338366 -0.20394865 0.90780038 3
2 0.21832637 -0.33572346 1.01016974 2 0.37901214 0.03306363 0.84753221 32 0.38104385 -0.20398773 0.90829533 3
2 0.21785121 -0.33565304 1.01002610 2 0.35064527 0.03221327 0.84888154 32 0.36962748 -0.21998331 0.91117990 3
2 0.21726803 -0.33574072 1.00973368 2 0.32228446 0.02998587 0.84918380 32 0.36648697 -0.22548382 0.91111171 3
2 0.21793473 -0.33486065 1.00875187 2 0.29472020 0.02188798 0.85055941 32 0.36530107 -0.22229107 0.90888238 3
2 0.21798918 -0.33495525 1.00841880 2 0.26719984 0.01357723 0.84726971 32 0.36261809 -0.21695735 0.90516710 3
2 0.21781848 -0.33506212 1.00829756 2 0.24690898 -0.00803270 0.84935635 32 0.35768938 -0.21147509 0.90082324 3
2 0.21991244 -0.33575159 1.00736034 2 0.22536902 -0.02377141 0.84879547 32 0.35501015 -0.21180403 0.89760828 3
2 0.21921775 -0.33409047 1.00897443 2 0.20474975 -0.04000919 0.84485805 32 0.35060820 -0.21598114 0.89347678 3
2 0.21784575 -0.33414173 1.00902939 2 0.18779406 -0.05775597 0.84119499 32 0.34476534 -0.22631125 0.88725638 3
2 0.21680565 -0.33493000 1.00816786 2 0.17488359 -0.07827727 0.83475900 32 0.33761942 -0.24225672 0.88373202 3
2 0.21744369 -0.33707058 1.00622189 2 0.16508700 -0.09890781 0.82977837 32 0.34062740 -0.26727247 0.88084167 3
2 0.21863198 -0.33856335 1.00504029 2 0.16001575 -0.12159213 0.82243609 32 0.34296057 -0.27968845 0.87525201 3
2 0.22022866 -0.33826816 1.00328720 2 0.15692917 -0.14515929 0.81375450 32 0.34593827 -0.29453146 0.86902666 3
2 0.22432607 -0.34063727 0.99955875 2 0.15855004 -0.17030378 0.80618793 32 0.34799621 -0.30684340 0.84955049 3
2 0.22606879 -0.34580189 0.99549764 2 0.16235000 -0.19317836 0.79680824 32 0.34805602 -0.31097257 0.84524220 3
2 0.22807190 -0.35340759 0.99019551 2 0.16776174 -0.21308510 0.78759104 32 0.32416853 -0.31715721 0.83001822 3
1 0.22794306 -0.35673225 0.98872608 2 0.20191549 -0.24503343 0.78109938 32 0.32094309 -0.31949362 0.82687902 3
1 0.22828278 -0.35890877 0.98775333 2 0.18343079 -0.24898612 0.76735675 02 0.32186365 -0.32640678 0.82530695 0
2 0.21737443 -0.37191099 0.98182184 2 0.18820795 -0.26285401 0.75036401 02 0.31599736 -0.33323848 0.81547630 0
2 0.20793006 -0.37107292 0.98601198 1 0.19170974 -0.27305591 0.73955476 02 0.30882666 -0.33958629 0.80613816 0
2 0.20739330 -0.37095582 0.98724931 1 0.20279747 -0.29027465 0.73004901 02 0.30884394 -0.34609646 0.79603004 0
2 0.20728175 -0.37080869 0.98862737 1 0.15161303 -0.28424409 0.61712933 02 0.31116459 -0.34786233 0.79291701 0
2 0.20716257 -0.37060493 0.98953968 1 0.23148718 -0.32176924 0.71210253 02 0.38152659 -0.37825707 0.86164147 0
2 0.20720844 -0.37069196 0.99065620 1 0.24558519 -0.33706886 0.70949030 01 0.38150302 -0.37833500 0.86195874 0
2 0.20735069 -0.37093219 0.99185359 2 0.27983829 -0.35115063 0.70209473 01 0.37920800 -0.37892550 0.86234659 0
2 0.20734335 -0.37108034 0.99243593 2 0.29878971 -0.35535672 0.69544601 01 0.37803924 -0.37922877 0.86211687 0
2 0.20735599 -0.37128112 0.99281788 2 0.20755321 -0.31739435 0.65880358 01 0.37003455 -0.37745181 0.85939693 0
2 0.20744944 -0.37137991 0.99359667 2 0.20229334 -0.31668359 0.65771729 01 0.36202666 -0.37489963 0.85966760 0
2 0.20751730 -0.37151775 0.99401444 2 0.19986166 -0.31608689 0.65703219 01 0.35922685 -0.37374476 0.85952622 0
2 0.20763631 -0.37169871 0.99438453 2 0.19852953 -0.31590942 0.65672851 01 0.35776719 -0.37329745 0.85953325 0
2 0.20770290 -0.37174770 0.99456918 2 0.19742331 -0.31556228 0.65608811 01 0.35663620 -0.37275490 0.85914481 0
2 0.20773549 -0.37172216 0.99475014 2 0.19701226 -0.31537640 0.65579510 01 0.35620552 -0.37245995 0.85898393 0
2 0.20779555 -0.37169471 0.99497408 2 0.19670783 -0.31516886 0.65565509 01 0.35585940 -0.37214178 0.85894555 0
2 0.20782065 -0.37169522 0.99513429 1 0.19937938 -0.31575394 0.65644717 01 0.35854658 -0.37254077 0.85999554 0
2 0.20787637 -0.37169567 0.99528390 2 0.19866572 -0.31543645 0.65622783 01 0.35779810 -0.37213200 0.85987568 0
2 0.20895484 -0.37235138 0.99527603 2 0.20121592 -0.31553873 0.65733927 01 0.36038557 -0.37210733 0.86117107 0
2 0.20968924 -0.37271842 0.99524081 2 0.20091958 -0.31425437 0.65771550 01 0.36005154 -0.37066296 0.86166298 0
2 0.21027550 -0.37300399 0.99524081 2 0.20086607 -0.31271681 0.65873480 01 0.35998082 -0.36900142 0.86280775 0
2 0.21063408 -0.37315392 0.99506402 2 0.23511960 -0.34426442 0.73868543 02 0.39398098 -0.40050548 0.94304490 0
2 0.21089959 -0.37321362 0.99488544 2 0.52985233 -0.28516269 0.81901670 12 0.39678133 -0.39140257 0.94050676 1
2 0.21120903 -0.37322119 0.99455231 2 0.52884972 -0.26670074 0.81742299 12 0.39826652 -0.38314661 0.93859988 1
2 0.21153645 -0.37281448 0.99432325 1 0.57975203 -0.35122773 0.74825710 12 0.42386603 -0.32015949 0.93210351 1
2 0.21184175 -0.37244153 0.99412769 2 0.53809631 -0.23053436 0.80610961 12 0.42363179 -0.31942400 0.93097442 1
2 0.21191241 -0.37106749 0.99396038 2 0.53540957 -0.17900580 0.81146467 12 0.42627129 -0.31883880 0.91587079 1
2 0.21104334 -0.36923820 0.99335188 2 0.52654183 -0.14609222 0.81151468 12 0.43073303 -0.30703199 0.89868510 1
2 0.21031266 -0.36732873 0.99335116 2 0.52075660 -0.10825530 0.80532724 12 0.42339092 -0.29052925 0.88718426 1
2 0.20819071 -0.35857457 0.99715817 2 0.51027226 -0.07657553 0.80223250 12 0.41813999 -0.27763176 0.88720888 1
2 0.20764180 -0.35352156 0.99989128 2 0.50050390 -0.04058146 0.79689872 12 0.40850636 -0.25513524 0.88601780 1
2 0.20633568 -0.35013205 1.00218296 2 0.47908404 -0.03787174 0.80667090 12 0.40478542 -0.24768944 0.88737720 1
2 0.21572891 -0.35248271 1.00119531 2 0.45040038 -0.02672560 0.81229794 02 0.40905249 -0.24096622 0.88584363 0
2 0.21797866 -0.35309610 1.00102735 2 0.42343190 -0.02425334 0.81985992 02 0.41147685 -0.24212886 0.88549191 0
2 0.21746361 -0.35171315 1.00176001 2 0.39345574 -0.02857854 0.83259749 32 0.39614457 -0.26785010 0.89575034 3
2 0.21604994 -0.35059974 1.00190067 2 0.36464426 -0.03197856 0.83848786 32 0.38843960 -0.27554166 0.89911109 3
2 0.21457267 -0.34989026 1.00168562 2 0.32832322 -0.01708996 0.84029579 32 0.38521257 -0.27221286 0.89725411 3
2 0.21367963 -0.34952903 1.00178409 2 0.29525948 -0.01970700 0.84553093 32 0.37807450 -0.25810698 0.89481068 3
2 0.21361202 -0.34944034 1.00177717 2 0.26169834 -0.02171595 0.84271640 32 0.36617419 -0.23715781 0.89399636 3
2 0.21291457 -0.34822556 1.00213623 2 0.24694777 -0.05287075 0.84569192 32 0.36268029 -0.23369603 0.89107794 3
2 0.21241087 -0.34746841 1.00262427 2 0.21792431 -0.06473415 0.84872907 32 0.35932872 -0.23464312 0.88980609 3
2 0.21222979 -0.34770054 1.00223672 2 0.19779265 -0.08426920 0.84433079 32 0.35264096 -0.24034712 0.88878185 3
2 0.21168208 -0.34892568 1.00208557 2 0.18315320 -0.10855346 0.84077823 32 0.33911088 -0.25905001 0.89479029 3
2 0.20978470 -0.34902963 1.00242519 2 0.17225468 -0.13601339 0.83321714 32 0.34554255 -0.28241971 0.88995409 3
2 0.21297456 -0.34861955 1.00089073 2 0.16420998 -0.16464508 0.82742697 32 0.35988778 -0.29739341 0.86990625 3
2 0.21834901 -0.35393691 0.99530220 2 0.17491786 -0.19604500 0.81781191 32 0.34764877 -0.29951465 0.86481988 3
2 0.21733432 -0.35841298 0.99309278 2 0.17399013 -0.21651013 0.80691099 22 0.34164029 -0.30948430 0.85855943 2
-999
