2 0.05698881 -0.15304837 0.88748348 2 0.19623493 0.07242814 0.61629832 3
2 0.05887046 -0.15453172 0.88761157 2 0.19662377 0.07201499 0.61621988 3
2 0.06021608 -0.15555669 0.88741440 2 0.19717772 0.06712928 0.61551601 3
2 0.06162087 -0.15671276 0.88744181 2 0.19777244 0.06089612 0.61368674 3
2 0.06285099 -0.15781872 0.88709265 2 0.19844542 0.05467627 0.61386228 3
2 0.06419730 -0.15921012 0.88706362 2 0.19966154 0.04848501 0.61449832 3
2 0.06441531 -0.15954770 0.88681495 2 0.20124395 0.04229375 0.61428732 3
2 0.06509835 -0.16033322 0.88644224 2 0.20302552 0.03611977 0.61387724 3
2 0.06611065 -0.16117646 0.88632530 2 0.20478600 0.03022388 0.61399287 3
2 0.06619675 -0.16112190 0.88620138 2 0.20668116 0.02455950 0.61443865 3
2 0.06534437 -0.15669547 0.88599718 2 0.20902443 0.01928893 0.61241663 3
2 0.06470537 -0.15458664 0.88544279 2 0.21215291 0.01849991 0.61056983 3
2 0.06440755 -0.15302990 0.88457626 2 0.21633577 0.01906502 0.60739559 3
2 0.06432598 -0.15237813 0.88426280 2 0.22194149 0.01963012 0.60369277 3
1 0.06431491 -0.15207371 0.88422865 2 0.22850177 0.02019522 0.60144860 3
1 0.06446046 -0.15150984 0.88420016 2 0.23665884 0.01977557 0.60037678 0
1 0.06466351 -0.15152903 0.88422722 2 0.24553667 0.01899803 0.59851331 0
1 0.06481215 -0.15141964 0.88402432 2 0.25537011 0.01731263 0.59435296 0
1 0.06474143 -0.15134418 0.88395953 2 0.26614586 0.01431236 0.59208345 0
1 0.06475319 -0.15108581 0.88376069 2 0.27628213 0.00980411 0.58928108 0
1 0.06467814 -0.15105584 0.88348812 2 0.28548783 0.00381171 0.58578533 0
1 0.06444390 -0.15084845 0.88339067 2 0.29359835 -0.00371937 0.58378744 0
1 0.06437510 -0.15045463 0.88336992 2 0.30020779 -0.01284301 0.58009130 0
1 0.06428240 -0.14976147 0.88331014 2 0.30506453 -0.02354641 0.57684219 3
1 0.06441973 -0.14925218 0.88325113 2 0.30695176 -0.03458935 0.57447720 3
1 0.06460216 -0.14900348 0.88293320 2 0.30678394 -0.04618282 0.57334882 0
1 0.06451096 -0.14816524 0.88291359 2 0.30411378 -0.05694316 0.57145602 0
1 0.06444460 -0.14770328 0.88288170 2 0.29872367 -0.06657249 0.57130808 3
1 0.06453095 -0.14765912 0.88291091 2 0.29296926 -0.07500035 0.57362795 3
1 0.06482095 -0.14709349 0.88258851 2 0.28409827 -0.08194407 0.56891429 0
1 0.06539306 -0.14623600 0.88200247 2 0.27445576 -0.08709815 0.56820989 0
1 0.06626598 -0.14534773 0.88128763 2 0.26390243 -0.09010281 0.56607461 3
1 0.06717857 -0.14388363 0.88018876 2 0.25216201 -0.09133039 0.56248009 3
1 0.06752669 -0.14051603 0.87943441 2 0.23937872 -0.08937229 0.56229341 3
1 0.06769726 -0.13879733 0.87900615 2 0.22664750 -0.08495532 0.55875373 3
1 0.06821419 -0.13922250 0.87862313 2 0.21441504 -0.07943255 0.55774897 3
1 0.06896220 -0.14036883 0.87713367 2 0.20372736 -0.07310658 0.55293143 3
1 0.06931753 -0.14149269 0.87661833 2 0.19299175 -0.06563642 0.55502021 3
1 0.07048322 -0.14338771 0.87624508 2 0.18537267 -0.05717089 0.55524975 3
1 0.07027712 -0.14347090 0.87635720 2 0.17852512 -0.04773387 0.55435610 3
1 0.07013031 -0.14388561 0.87650716 2 0.17258839 -0.03780042 0.55261862 3
1 0.06997096 -0.14435297 0.87654406 2 0.16809373 -0.02681108 0.55170500 3
1 0.06987517 -0.14480588 0.87652606 2 0.16596597 -0.01653529 0.55127275 3
1 0.06977434 -0.14544414 0.87680119 2 0.16581613 -0.00674790 0.55217522 3
1 0.06963352 -0.14573243 0.87695640 2 0.16790123 0.00284147 0.55288166 3
1 0.06950302 -0.14586902 0.87699807 2 0.17107433 0.01224388 0.55051601 3
1 0.06938659 -0.14603788 0.87701648 2 0.17553300 0.02114986 0.55022430 3
1 0.06934589 -0.14615224 0.87707180 2 0.18101621 0.02944245 0.55119962 3
1 0.06930591 -0.14627509 0.87719369 2 0.18722792 0.03684333 0.55345249 3
1 0.06927657 -0.14632037 0.87727892 2 0.19382018 0.04321615 0.55353570 3
1 0.06926836 -0.14646806 0.87743014 2 0.20053180 0.04838756 0.55613178 3
1 0.06937446 -0.14677098 0.87764478 2 0.20715417 0.05241816 0.55930543 2
-999
