2 0.09070209 -0.24710570 0.99838203 2 0.18283917 -0.01180317 0.72944278 3
2 0.09155351 -0.24604672 0.99844819 2 0.18532893 -0.01316512 0.72432578 3
2 0.09214497 -0.24530709 0.99845982 2 0.18719396 -0.01252704 0.72286701 3
2 0.10156596 -0.24804190 0.99337900 2 0.18809670 -0.01249607 0.71965617 3
2 0.10298465 -0.24675997 0.99262077 2 0.18829085 -0.01300759 0.71877652 3
2 0.10461903 -0.24719009 0.99186569 2 0.18871978 -0.01262724 0.71818072 3
2 0.10616091 -0.24778298 0.99124318 2 0.18865401 -0.01235188 0.71821398 3
2 0.10824347 -0.24863100 0.98465782 2 0.18737872 -0.01161544 0.71514547 3
2 0.10879309 -0.24870437 0.98483372 2 0.18784484 -0.00916535 0.71217263 3
2 0.10939896 -0.24871281 0.98479229 2 0.18737517 -0.00488830 0.70851725 3
2 0.11024477 -0.24868995 0.98485172 2 0.18797944 0.00109166 0.70664579 3
2 0.11123521 -0.24845621 0.98470104 2 0.18796307 0.00951453 0.70275772 3
2 0.10801470 -0.24742937 0.98953128 2 0.19084457 0.01961138 0.70068973 3
2 0.10616829 -0.24558601 0.99261951 2 0.19404568 0.03121969 0.69817328 3
2 0.10525299 -0.24372214 0.99480838 2 0.19594724 0.04554101 0.69610125 3
2 0.10517613 -0.24242970 0.99606222 2 0.20151234 0.05898197 0.69605708 3
2 0.10514478 -0.24098158 0.99688840 2 0.20995666 0.06773914 0.69574088 3
2 0.10503887 -0.23969266 0.99728078 2 0.21714297 0.07599095 0.69684714 3
2 0.10517832 -0.23846266 0.99775481 2 0.22632605 0.08233458 0.69972110 3
2 0.10515462 -0.23764372 0.99794149 2 0.23697072 0.09064601 0.70179892 3
2 0.10527725 -0.23691909 0.99819976 2 0.24724331 0.09702678 0.70093578 3
2 0.10530179 -0.23639433 0.99828643 2 0.25989136 0.10378493 0.70362490 3
2 0.10544026 -0.23619099 0.99819523 2 0.27220938 0.10527286 0.70469379 3
2 0.10558606 -0.23607257 0.99815232 2 0.28409180 0.10428302 0.70879894 3
2 0.10593686 -0.23609260 0.99798918 2 0.29570889 0.10001294 0.70915961 3
2 0.10641448 -0.23623554 0.99796945 2 0.30611509 0.09493587 0.71042037 3
2 0.10691971 -0.23675990 0.99798614 2 0.31706151 0.08719978 0.71282357 3
2 0.10712577 -0.23704532 0.99818945 2 0.32689297 0.07802099 0.71376532 3
2 0.10735190 -0.23718476 0.99834019 2 0.33435297 0.06832464 0.71112293 3
2 0.10735389 -0.23690613 0.99884480 2 0.34279189 0.05594375 0.71204841 3
2 0.10728778 -0.23676427 0.99917114 2 0.34769532 0.04160620 0.70664376 3
2 0.10719376 -0.23742291 0.99977338 2 0.35252258 0.02472660 0.70626110 3
2 0.10710661 -0.23818833 1.00029111 2 0.35597435 0.00693137 0.70379913 3
2 0.10688766 -0.23884828 1.00065947 2 0.35731003 -0.01012759 0.70061332 3
2 0.10671830 -0.23948336 1.00110352 2 0.35544094 -0.02688017 0.69643652 3
2 0.10630235 -0.23874135 1.00145113 2 0.35047823 -0.04346778 0.69371915 3
2 0.10594864 -0.23815000 1.00174296 2 0.34390709 -0.05981541 0.68808389 3
2 0.10558189 -0.23769391 1.00216472 2 0.33420628 -0.07393368 0.68538010 3
2 0.10522883 -0.23718768 1.00223577 2 0.32171667 -0.08660728 0.68629986 3
2 0.10480271 -0.23663360 1.00218177 2 0.30827886 -0.09677579 0.68458670 3
2 0.10485756 -0.23742701 1.00253892 2 0.29419434 -0.10631970 0.68171364 3
2 0.10484432 -0.23774762 1.00236690 2 0.27457839 -0.10942169 0.67586702 3
2 0.10502327 -0.23804913 1.00260937 2 0.25917551 -0.11260375 0.67540449 3
2 0.10505661 -0.23827235 1.00273418 2 0.24129674 -0.11208883 0.67507386 3
2 0.10500996 -0.23831159 1.00274539 2 0.22698326 -0.11089612 0.67535728 3
2 0.10493933 -0.23831430 1.00295949 2 0.21037887 -0.10413916 0.67120808 3
2 0.10489037 -0.23817527 1.00326455 2 0.19712579 -0.09692065 0.67238331 3
2 0.10500610 -0.23368330 1.00324345 2 0.18630041 -0.08815949 0.67269164 3
1 0.10391874 -0.21734712 1.00349784 2 0.17605735 -0.07629457 0.67378068 3
2 0.10519546 -0.22350281 1.00263083 2 0.16702314 -0.06267261 0.67231542 3
2 0.10520341 -0.22404346 1.00309467 2 0.15977307 -0.04799860 0.67433470 3
2 0.10436356 -0.23396611 1.00883782 2 0.15337953 -0.03242784 0.67433393 3
2 0.12346549 -0.28319958 0.97338152 2 0.14919461 -0.01565266 0.67809731 3
2 0.14027387 -0.32626849 0.94235587 2 0.15011045 -0.00280959 0.67735118 3
2 0.13103572 -0.30057535 0.95958257 2 0.15340441 0.01503805 0.67664236 3
2 0.12782082 -0.27859581 0.96797490 2 0.15729794 0.03438458 0.67373997 3
2 0.11620316 -0.23735879 0.98461592 2 0.16529925 0.04404324 0.67214435 3
2 0.11713357 -0.24103458 0.98391008 2 0.17134851 0.04950620 0.67197096 0
2 0.11745317 -0.24255387 0.98359394 2 0.17345206 0.05317308 0.67190516 0
2 0.11811380 -0.24417274 0.98283380 2 0.17618762 0.05384642 0.67354083 3
2 0.11824132 -0.24513072 0.98275220 2 0.17524876 0.05251207 0.67187238 3
2 0.11822902 -0.24538943 0.98266596 2 0.17471440 0.05185855 0.67412734 3
2 0.11832915 -0.24640700 0.98270106 2 0.17239979 0.05588921 0.67649746 3
2 0.11817504 -0.24696012 0.98263949 2 0.17123647 0.06391471 0.67987961 2
-999
