2 0.16714966 -0.30067807 1.02995145 2 0.31678984 0.03584870 0.83224130 3
2 0.16687652 -0.30076694 1.02990270 2 0.31431776 0.03525629 0.83080071 3
2 0.16679431 -0.30079144 1.02987754 2 0.31221202 0.03392569 0.82905978 3
2 0.16676456 -0.30079579 1.02988756 2 0.31057492 0.03174230 0.82786387 3
2 0.16674443 -0.30079165 1.02988052 2 0.30954993 0.02876118 0.82541841 3
2 0.16672666 -0.30075020 1.02991939 2 0.30901283 0.02570846 0.82520705 3
2 0.16673729 -0.30066621 1.03006899 2 0.30912757 0.02233736 0.82707441 3
2 0.16673346 -0.30055088 1.03014398 2 0.30983588 0.01898944 0.82367980 3
2 0.16639510 -0.30017209 1.03028631 2 0.31075662 0.01560659 0.82184321 3
2 0.16641597 -0.29989728 1.03044176 2 0.31233975 0.01209303 0.81794047 3
2 0.16640028 -0.29977521 1.03047156 2 0.31482923 0.00854366 0.81077558 3
2 0.16607602 -0.29959902 1.03047991 2 0.31795990 0.00559479 0.80335355 3
2 0.16579135 -0.29944992 1.03072643 2 0.32193911 0.00328367 0.79709512 3
2 0.16570891 -0.29939896 1.03076255 2 0.32579097 0.00157315 0.78542316 3
2 0.16541168 -0.29943219 1.03074670 2 0.32960826 -0.00069059 0.77650607 3
2 0.16515684 -0.29945329 1.03064275 2 0.33311093 -0.00452238 0.77055568 3
2 0.16484097 -0.29958063 1.03053260 2 0.33635244 -0.00950908 0.76368105 3
2 0.16440722 -0.29992098 1.03002942 2 0.33942097 -0.01647345 0.75030285 3
2 0.16326176 -0.29981595 1.02958345 2 0.34025544 -0.02466645 0.74941635 3
2 0.16298226 -0.30001235 1.02928042 2 0.33818358 -0.03358886 0.74817467 3
2 0.16233855 -0.30002671 1.02893734 2 0.33361146 -0.04235063 0.75136679 3
2 0.16112636 -0.29986864 1.02776003 2 0.32441992 -0.05088546 0.75174159 3
2 0.15971936 -0.29944226 1.02694416 2 0.31334376 -0.05917486 0.75638980 3
2 0.15925130 -0.29886726 1.02653384 2 0.30012006 -0.06677797 0.75863367 3
2 0.15803973 -0.29698294 1.02699435 2 0.28510630 -0.07174975 0.76354748 3
2 0.15643874 -0.28827929 1.03478169 2 0.26846254 -0.07459389 0.76591992 3
1 0.15771578 -0.28519541 1.03585517 2 0.25016937 -0.07417865 0.77110207 3
1 0.15767705 -0.28573051 1.03622007 2 0.23176333 -0.07070104 0.77309072 3
2 0.15959913 -0.29318205 1.02372265 2 0.21535727 -0.06482515 0.77623475 3
2 0.15955493 -0.29313496 1.02357113 2 0.20081022 -0.05717653 0.77768558 3
2 0.15950379 -0.29305795 1.02362549 2 0.19003409 -0.04785482 0.77839619 3
2 0.16562609 -0.30173579 1.01199281 2 0.18113248 -0.03586553 0.77756190 3
2 0.16330121 -0.30389863 1.00878906 2 0.17451932 -0.02181407 0.77811360 3
2 0.16114806 -0.30248639 1.01228690 2 0.17131843 -0.00673581 0.77772725 3
2 0.18897703 -0.28032240 1.00009334 2 0.17214757 0.00900037 0.77925742 3
2 0.23153809 -0.26125249 0.96049184 2 0.17685434 0.02489261 0.77901173 3
2 0.23149346 -0.26132390 0.96046096 2 0.18566741 0.03986271 0.77605879 3
2 0.23158191 -0.26176000 0.96043646 2 0.19626696 0.05353057 0.77984256 3
2 0.23159157 -0.26187089 0.96041483 2 0.20803414 0.06542572 0.77810866 3
2 0.23159127 -0.26187071 0.96039361 2 0.22014503 0.07564776 0.77787781 3
2 0.23164871 -0.26194745 0.96039116 2 0.23237540 0.08320223 0.78057259 3
2 0.19522677 -0.28595790 0.98275352 2 0.24446487 0.08843909 0.78008890 3
2 0.19479071 -0.28257361 0.98645735 2 0.25506446 0.09190582 0.78618604 3
2 0.19343075 -0.26826009 1.00831461 2 0.26326403 0.09381279 0.77527028 2
-999
