2 0.14557335 -0.32359499 1.03268123 2 0.24715696 -0.14253466 0.84110957 3
2 0.14531557 -0.32347757 1.03269088 2 0.24684677 -0.14253466 0.84162176 3
2 0.14533459 -0.32346439 1.03265548 2 0.24646775 -0.14253466 0.84217304 3
2 0.14512140 -0.32335538 1.03257704 2 0.23825608 -0.13480966 0.84223437 3
2 0.14513220 -0.32334733 1.03252888 2 0.23806651 -0.13470909 0.84210467 3
2 0.14516716 -0.32332548 1.03251183 2 0.23786035 -0.13470909 0.84217530 3
2 0.14550412 -0.32332653 1.03254473 2 0.23756002 -0.13470909 0.84220642 3
2 0.14529189 -0.32317564 1.03255045 2 0.23727764 -0.13450949 0.84226739 3
2 0.14533229 -0.32317749 1.03252375 2 0.23727764 -0.13457930 0.84253478 3
2 0.14522114 -0.32309827 1.03245461 2 0.23727764 -0.13457930 0.84239680 3
2 0.14509802 -0.32301942 1.03246355 2 0.23727764 -0.13457930 0.84235960 3
2 0.14503300 -0.32295945 1.03246152 2 0.23727764 -0.13457930 0.84238231 3
2 0.14490017 -0.32280615 1.03238440 2 0.23747580 -0.13446291 0.84178889 3
2 0.14487302 -0.32271132 1.03236485 2 0.23767199 -0.13439152 0.84197533 3
2 0.14479366 -0.32241216 1.03241360 2 0.23824434 -0.13374402 0.84306353 3
2 0.14483052 -0.32226279 1.03255975 2 0.23928832 -0.13221015 0.84864765 3
2 0.14491838 -0.32206872 1.03261137 2 0.24188587 -0.12790698 0.84925032 3
2 0.14500281 -0.32195503 1.03261650 2 0.24821816 -0.12102894 0.85177284 3
2 0.14518639 -0.32183075 1.03259587 2 0.25713542 -0.11469288 0.85369700 3
2 0.14525822 -0.32175767 1.03260529 2 0.26907483 -0.11469288 0.86571997 3
2 0.14831065 -0.32305127 1.03213048 2 0.28333250 -0.11469288 0.86846286 3
2 0.15031454 -0.32412180 1.03233778 2 0.29857868 -0.11469288 0.87220979 3
2 0.15174393 -0.32483846 1.03235710 2 0.31794667 -0.11469288 0.87241560 3
2 0.15256618 -0.32412219 1.03311050 2 0.33647189 -0.13726123 0.87095731 3
2 0.14427550 -0.32143098 1.03411603 2 0.34930009 -0.14538573 0.88062179 3
2 0.14145461 -0.32061997 1.03461695 2 0.36519468 -0.14573714 0.88356185 3
2 0.14040595 -0.32036611 1.03490627 2 0.37608299 -0.14728418 0.89153433 3
2 0.14009294 -0.32026356 1.03512979 2 0.38706776 -0.14756016 0.88313133 3
2 0.13985704 -0.32023162 1.03525567 2 0.39219767 -0.17013597 0.88148934 3
2 0.13965505 -0.32026163 1.03524268 2 0.40199280 -0.18083911 0.89325041 3
2 0.13960460 -0.32046089 1.03524292 2 0.41158786 -0.18795279 0.89058369 3
2 0.13920674 -0.32050699 1.03529775 2 0.41158786 -0.19170378 0.90989500 3
2 0.13891433 -0.32051399 1.03522503 2 0.41158786 -0.20565146 0.90732598 3
2 0.13868785 -0.32059908 1.03542769 2 0.41158786 -0.22378464 0.89793444 3
2 0.13841946 -0.32058743 1.03545034 2 0.41158786 -0.23091744 0.88334310 3
2 0.13840073 -0.32067931 1.03553748 2 0.38360679 -0.30381486 0.87947738 3
2 0.13829674 -0.32078257 1.03556728 2 0.37887442 -0.31091547 0.87448788 3
2 0.13820188 -0.32086584 1.03559089 2 0.37603256 -0.31434646 0.87624174 3
2 0.13811031 -0.32100743 1.03554630 2 0.37226808 -0.31658414 0.87422830 3
2 0.13795277 -0.32104373 1.03557456 2 0.35894302 -0.31658414 0.85266304 3
2 0.13740453 -0.32095468 1.03559089 2 0.34240362 -0.31692183 0.84959930 3
2 0.13691291 -0.32056832 1.03577518 2 0.32108095 -0.32014808 0.84953225 3
2 0.13663089 -0.32059333 1.03583825 2 0.31189841 -0.32093561 0.85042417 3
2 0.13627191 -0.32095069 1.03556240 2 0.29249018 -0.32115111 0.83394611 3
2 0.13652550 -0.32191429 1.03499115 2 0.28085294 -0.32115111 0.84811419 3
2 0.13719484 -0.32331675 1.03389072 2 0.26969367 -0.32115111 0.82115239 3
2 0.13914457 -0.32509795 1.03326380 2 0.26347023 -0.32014808 0.80847996 3
2 0.14084113 -0.32605630 1.03274441 2 0.25963479 -0.31744042 0.80607206 3
2 0.14287300 -0.32643670 1.03161514 2 0.25186005 -0.31744042 0.80077302 3
2 0.14767945 -0.32499671 1.03208065 2 0.23165961 -0.28850535 0.82033497 3
2 0.15066135 -0.32353303 1.03265274 2 0.23070095 -0.27982309 0.81869823 3
2 0.15043300 -0.32379413 1.03211892 2 0.23000027 -0.26796088 0.80417645 3
2 0.14914769 -0.32434714 1.03156424 2 0.21646290 -0.26299480 0.80355847 3
2 0.14622596 -0.32420745 1.03087199 2 0.21122740 -0.25445002 0.79628295 3
2 0.14441927 -0.32407144 1.03077662 2 0.20257722 -0.23818068 0.79867315 3
2 0.14355290 -0.32385829 1.03068185 2 0.19961070 -0.20687601 0.81093800 3
2 0.14324528 -0.32360762 1.03074741 2 0.19961070 -0.18820781 0.80730838 3
2 0.14293180 -0.32323569 1.03074372 2 0.19961070 -0.16388153 0.80681509 3
2 0.14277701 -0.32299086 1.03078926 2 0.19961070 -0.15310538 0.80804282 3
2 0.14258102 -0.32270518 1.03075647 2 0.19961070 -0.12648259 0.81089467 3
2 0.14222789 -0.32230109 1.03077340 2 0.22098796 -0.12570918 0.81288338 3
2 0.14202969 -0.32210088 1.03079474 2 0.22196007 -0.12305668 0.81514078 3
2 0.14187695 -0.32191193 1.03076088 2 0.22917211 -0.11867339 0.81586689 3
2 0.14177060 -0.32175651 1.03074443 2 0.23747694 -0.11432751 0.81576097 3
2 0.14163594 -0.32155699 1.03072906 2 0.24541776 -0.10965243 0.81575805 3
2 0.14151657 -0.32142168 1.03065443 2 0.25297108 -0.10779267 0.81576586 3
2 0.14143577 -0.32130432 1.03062880 2 0.25781769 -0.10644422 0.81615418 3
2 0.14138260 -0.32124388 1.03059566 2 0.26077673 -0.10644422 0.81746733 2
-999
