2 0.11862420 -0.24717870 1.00905454 2 0.16918561 -0.02061807 0.64521527 3
2 0.11862443 -0.24744873 1.00911915 2 0.16446711 -0.02184128 0.64078623 3
2 0.11878177 -0.24781072 1.00899613 2 0.16050245 -0.02238495 0.63867211 3
2 0.11879496 -0.24790820 1.00898540 2 0.15600477 -0.02269164 0.63440382 3
2 0.11882467 -0.24808043 1.00900078 2 0.15279910 -0.02288080 0.63193083 3
2 0.11727244 -0.24486028 1.01136529 2 0.14727110 -0.02123587 0.63070023 3
1 0.11731729 -0.24474880 1.01160038 2 0.14164305 -0.02097408 0.62727875 3
1 0.11752306 -0.24486308 1.01176810 2 0.13721582 -0.01902276 0.62585372 3
1 0.11777736 -0.24517180 1.01204634 2 0.13268729 -0.01809883 0.62293500 3
1 0.11803928 -0.24548987 1.01227295 2 0.12809695 -0.01567436 0.62124592 3
1 0.11836201 -0.24584965 1.01250577 2 0.12444431 -0.01361911 0.61984020 3
1 0.11859159 -0.24615487 1.01272500 2 0.12148474 -0.01148551 0.61970407 3
1 0.21519181 -0.15216587 0.96528518 2 0.11614409 -0.00702264 0.61856526 3
1 0.21518454 -0.15214431 0.96526492 2 0.11223304 -0.00256749 0.61749655 3
1 0.21519093 -0.15215623 0.96527153 2 0.11079300 0.00050910 0.61918283 3
1 0.21519345 -0.15215908 0.96527553 2 0.10849997 0.00468172 0.62051517 3
1 0.21519840 -0.15215150 0.96527290 2 0.10767480 0.00932405 0.62042677 3
1 0.21520437 -0.15215158 0.96528387 2 0.10831475 0.01483567 0.62275147 3
1 0.21520863 -0.15214431 0.96528918 2 0.10910963 0.02062719 0.62343538 3
1 0.21521550 -0.15212460 0.96530235 2 0.11112228 0.02737981 0.62479120 3
1 0.21523654 -0.15213321 0.96528578 2 0.11259416 0.03569470 0.62651378 3
2 0.20023949 -0.16659567 0.91411823 2 0.11676301 0.04299523 0.63005209 3
2 0.17084925 -0.20470461 0.88890386 2 0.12102357 0.04939001 0.63403952 3
2 0.16864797 -0.20798309 0.89364564 2 0.12542561 0.05679337 0.63306302 3
2 0.17257947 -0.20678559 0.88442355 2 0.13132201 0.06248281 0.63408434 3
2 0.17291743 -0.20655684 0.88289577 2 0.13762979 0.06803833 0.63694119 3
2 0.17344950 -0.20601818 0.88184303 2 0.14400698 0.07426202 0.63825977 3
2 0.15747829 -0.22469683 0.91700417 2 0.15071233 0.07843199 0.63949573 3
2 0.14531556 -0.24404141 0.94634688 2 0.15741478 0.08162335 0.64264166 3
2 0.14647460 -0.24191420 0.94352931 2 0.16450816 0.08314406 0.64131701 3
2 0.14520058 -0.24323757 0.94665211 2 0.17026982 0.08413330 0.64206010 3
2 0.14308313 -0.24615517 0.95048964 2 0.17528394 0.08302899 0.64218628 3
2 0.14405939 -0.24450967 0.94811541 2 0.17987099 0.08144712 0.64247775 3
2 0.14399785 -0.24455898 0.94840932 2 0.18436742 0.07868341 0.64188522 3
2 0.14403906 -0.24449456 0.94857365 2 0.18803246 0.07510566 0.64033794 3
2 0.14392501 -0.24455675 0.94963503 2 0.19329588 0.07284831 0.64381087 3
2 0.14383024 -0.24452493 0.95035344 2 0.19727963 0.06869520 0.64079124 3
2 0.14372268 -0.24454191 0.95107812 2 0.20255303 0.06370507 0.64012092 3
2 0.14051880 -0.24203123 0.95691031 2 0.20765948 0.05787371 0.63704801 3
2 0.13463393 -0.23950575 0.96937037 2 0.21140826 0.05279507 0.63609535 3
2 0.13319752 -0.23883554 0.97233903 2 0.21483009 0.04725190 0.63641149 3
2 0.13239734 -0.23852080 0.97405189 2 0.21665366 0.04141349 0.63695234 3
2 0.13166061 -0.23829545 0.97550869 2 0.21962188 0.03216172 0.63352484 3
2 0.13098685 -0.23663816 0.97697711 2 0.22142345 0.02382594 0.63337976 3
2 0.13096949 -0.23677301 0.97718328 2 0.22222163 0.01629000 0.63209462 3
2 0.13095066 -0.23687907 0.97737741 2 0.22246476 0.00912016 0.63184017 3
2 0.13097049 -0.23703127 0.97756505 2 0.22168101 0.00160468 0.62966895 3
2 0.13096069 -0.23719890 0.97781813 2 0.22098368 -0.00517401 0.63029480 3
2 0.13096137 -0.23727208 0.97810799 2 0.21874693 -0.01168836 0.62804437 3
2 0.13094349 -0.23731038 0.97825927 2 0.21652588 -0.01702385 0.62576568 3
2 0.13094620 -0.23734447 0.97836882 2 0.21356238 -0.02000671 0.62321883 3
2 0.13095242 -0.23734435 0.97841513 2 0.21002410 -0.02213650 0.62110883 3
2 0.13093765 -0.23731448 0.97845942 2 0.20761819 -0.02364154 0.62023181 3
2 0.13094501 -0.23726016 0.97846818 2 0.20337979 -0.02392610 0.61710119 3
2 0.13093875 -0.23697117 0.97849679 2 0.19855718 -0.02236786 0.61716419 3
2 0.13104986 -0.23672503 0.97857559 2 0.19565912 -0.02033472 0.61518323 3
2 0.13113527 -0.23653708 0.97852910 2 0.19192387 -0.01815994 0.61170679 3
2 0.13116451 -0.23638716 0.97847772 2 0.18811733 -0.01592720 0.61012310 3
2 0.13107769 -0.23609288 0.97850788 2 0.18391347 -0.01258992 0.60940385 3
2 0.13132083 -0.23743728 0.97870934 2 0.17959000 -0.00900761 0.60834485 3
2 0.13108116 -0.23685072 0.97970235 2 0.17671636 -0.00716870 0.60926050 3
2 0.13093995 -0.23583876 0.98066020 2 0.17423934 -0.00366182 0.60916793 3
2 0.13066188 -0.23487777 0.98093301 2 0.17239766 -0.00100772 0.60967219 3
2 0.13072959 -0.23487970 0.98139346 2 0.17337205 0.00300966 0.61235803 3
2 0.13072783 -0.23485065 0.98152912 2 0.17422356 0.00670194 0.61472839 3
2 0.13208142 -0.23685935 0.97927958 2 0.17775173 0.01077751 0.61727142 3
2 0.13193206 -0.23666432 0.97952294 2 0.18185559 0.01531211 0.62180746 3
2 0.13201337 -0.23656720 0.97932225 2 0.18681334 0.01886256 0.62417704 3
2 0.13213310 -0.23666513 0.97919387 2 0.19255620 0.02204196 0.62794429 3
2 0.13215280 -0.23657382 0.97898448 2 0.19768517 0.02381164 0.62974697 3
2 0.13227403 -0.23672412 0.97895104 2 0.20371495 0.02594052 0.63167357 3
2 0.13126174 -0.23214772 0.97880739 2 0.20777406 0.02691121 0.63240224 3
2 0.13153294 -0.23279853 0.97909808 2 0.21150698 0.02755543 0.63463306 3
2 0.13110200 -0.23107593 0.97928995 2 0.21322191 0.02810663 0.63646513 3
2 0.13100100 -0.23077968 0.97917378 2 0.21400468 0.02772986 0.63584250 3
2 0.13080198 -0.22948000 0.97920799 2 0.21446548 0.02554627 0.63694632 3
2 0.13062118 -0.22850230 0.97916400 2 0.21384235 0.02320181 0.63437647 3
2 0.13061593 -0.22857012 0.97910428 2 0.21443848 0.02107265 0.63358110 3
2 0.13153720 -0.23363855 0.97911888 2 0.21460040 0.01889774 0.63212597 3
2 0.13144802 -0.23334482 0.97901297 2 0.21346311 0.01723604 0.63172519 3
2 0.13135348 -0.23309499 0.97894001 2 0.21316549 0.01765405 0.63272583 3
2 0.13126029 -0.23285764 0.97885537 2 0.21220908 0.01999968 0.63443148 3
2 0.13118376 -0.23257791 0.97879189 2 0.21066619 0.02264964 0.63430190 3
2 0.13105614 -0.23233050 0.97882408 2 0.21153890 0.02688762 0.63810354 2
-999
