2 0.21513109 -0.32325637 1.01779222 2 0.33968702 -0.00149214 0.81674391 32 0.37037271 -0.25535297 0.89238381 3
2 0.21451460 -0.32348940 1.01761270 2 0.33660394 -0.00207209 0.81516469 32 0.36860076 -0.25516254 0.89132535 3
2 0.21375349 -0.32383358 1.01721728 2 0.32927251 -0.00272320 0.81341565 32 0.36546955 -0.25420824 0.88983613 3
2 0.21314873 -0.32412815 1.01721525 2 0.31601343 0.00843052 0.81169176 32 0.36161679 -0.24847828 0.88621199 3
2 0.21209584 -0.32453910 1.01659262 2 0.30052993 0.00536455 0.80777037 32 0.35872033 -0.24777642 0.88182867 3
2 0.21129420 -0.32510757 1.01602638 2 0.28335249 0.00287312 0.81057996 32 0.35466477 -0.24416141 0.87923849 3
2 0.21104863 -0.32552707 1.01574695 2 0.26257640 -0.00110634 0.81087434 32 0.35078815 -0.24111974 0.87710381 3
2 0.21076874 -0.32564506 1.01562595 2 0.23576127 -0.00866420 0.80793983 32 0.34398758 -0.22965614 0.86832184 3
2 0.21027382 -0.32485297 1.01620197 2 0.22217751 -0.03774921 0.81477696 32 0.34170288 -0.22784908 0.86615413 3
2 0.20984906 -0.32427147 1.01695061 2 0.20824420 -0.06611063 0.81809628 32 0.33801728 -0.23301432 0.86649477 3
2 0.20996733 -0.32474980 1.01622927 2 0.19104187 -0.08973810 0.81563675 32 0.33059019 -0.26387095 0.87968171 3
2 0.20929298 -0.32583487 1.01648879 2 0.18116209 -0.11856204 0.81033468 32 0.32890686 -0.27095884 0.87891889 3
2 0.20744774 -0.32647145 1.01588106 2 0.17544331 -0.14877594 0.80372572 32 0.34582040 -0.29609683 0.85860080 3
2 0.21528889 -0.32869908 1.01146185 2 0.17533213 -0.17751522 0.79666501 32 0.34469852 -0.29623157 0.84951895 3
2 0.21556590 -0.33318043 1.00899088 2 0.20891947 -0.21847160 0.79481953 32 0.32093957 -0.29294342 0.83267748 3
2 0.22310562 -0.35926104 0.99381214 2 0.20404306 -0.23214251 0.78627068 22 0.31094223 -0.30177698 0.82481945 2
-999
