2 0.10435242 -0.30238640 1.26512313 2 0.24892977 -0.12183691 1.03498149 3
2 0.10429491 -0.30242404 1.26506221 2 0.25584093 -0.13708378 1.03630805 3
2 0.10419358 -0.30247936 1.26506341 2 0.25780064 -0.14124197 1.03689790 3
2 0.10409556 -0.30253679 1.26506126 2 0.26408511 -0.15484118 1.03803289 3
2 0.10405477 -0.30261916 1.26502645 2 0.26508710 -0.15669607 1.03868818 3
2 0.10401311 -0.30266771 1.26498604 2 0.26717472 -0.16011572 1.03898895 3
2 0.10397974 -0.30272570 1.26494491 2 0.26757023 -0.16050780 1.03921866 3
2 0.10395904 -0.30286229 1.26501679 2 0.26827961 -0.16154540 1.03970933 3
2 0.10390486 -0.30294085 1.26502860 2 0.26869377 -0.16221175 1.03988969 3
2 0.10387643 -0.30298212 1.26502347 2 0.26900214 -0.16258068 1.04009676 3
2 0.10384350 -0.30299103 1.26498580 2 0.26935855 -0.16293648 1.04001141 3
2 0.10381028 -0.30302104 1.26497614 2 0.27005392 -0.16325268 1.03956151 3
2 0.10378534 -0.30306700 1.26495814 2 0.27061424 -0.16325268 1.03861821 3
2 0.10368508 -0.30309963 1.26483190 2 0.27123004 -0.16338353 1.04073274 3
2 0.10366713 -0.30313051 1.26477468 2 0.27177772 -0.16351116 1.04113686 3
2 0.10363738 -0.30315796 1.26473129 2 0.27216777 -0.16358030 1.03900361 3
2 0.10361418 -0.30316612 1.26468551 2 0.27216777 -0.16389114 1.03336966 3
2 0.10353266 -0.30316320 1.26468277 2 0.27216777 -0.16389114 1.02033126 3
2 0.10250001 -0.30345690 1.26434517 2 0.27216777 -0.18578531 1.02646041 3
2 0.10173687 -0.30381945 1.26445389 2 0.27216777 -0.18597811 1.02467084 3
2 0.10108937 -0.30413529 1.26435399 2 0.26601839 -0.18917271 1.02144277 3
2 0.10093383 -0.30453143 1.26401830 2 0.25611502 -0.18995610 1.00942206 3
2 0.10060553 -0.30432704 1.26413488 2 0.25317952 -0.19027160 1.00304973 3
2 0.10088751 -0.30524024 1.26369894 2 0.24459124 -0.19430897 0.99683738 3
2 0.10141982 -0.30616924 1.26330197 2 0.23965381 -0.20385899 0.99338144 3
2 0.10168158 -0.30650666 1.26305723 2 0.23156632 -0.20421614 0.98873913 3
2 0.10136253 -0.30563575 1.26317036 2 0.22318417 -0.20609786 0.98440522 3
2 0.10083589 -0.30486602 1.26339746 2 0.21342161 -0.20741513 0.97783440 3
2 0.09966236 -0.30398163 1.26356339 2 0.20321314 -0.20741513 0.96633053 3
2 0.09807061 -0.30353439 1.26298952 2 0.19542660 -0.20609786 0.96494538 3
2 0.09626774 -0.30372667 1.26163018 2 0.18835159 -0.20841868 0.96492010 3
1 0.09637333 -0.30368939 1.26151073 2 0.17845422 -0.20953906 0.96435231 3
1 0.09826268 -0.30191863 1.26144326 2 0.16560768 -0.20982793 0.96284151 3
1 0.10071393 -0.29933664 1.26133978 2 0.15602830 -0.20982793 0.96037620 3
1 0.10240682 -0.29662970 1.26075625 2 0.14743803 -0.20960057 0.95757860 3
1 0.10352588 -0.26574093 1.25344634 2 0.13752465 -0.20841868 0.95112282 3
1 0.10320981 -0.26309472 1.25366330 2 0.12906592 -0.20509718 0.94916880 3
1 0.10278554 -0.26285556 1.25372577 2 0.11986570 -0.20509718 0.94773227 3
1 0.10087039 -0.30519319 1.26141870 2 0.11244272 -0.20509718 0.94655675 3
1 0.10095920 -0.30516550 1.26144350 2 0.10239457 -0.19561663 0.94515622 3
1 0.10123363 -0.30496907 1.26158798 2 0.09732340 -0.18716700 0.94410163 3
1 0.10201942 -0.30401227 1.26154351 2 0.09380870 -0.17778949 0.94422281 3
1 0.10335101 -0.30308068 1.26190245 2 0.09087985 -0.16343756 0.94429076 3
1 0.10442211 -0.30204013 1.26221073 2 0.09084014 -0.15474212 0.94535786 3
1 0.10453529 -0.30201811 1.26238012 2 0.09084014 -0.14222905 0.94780713 3
1 0.10624062 -0.29727694 1.26219261 2 0.09084014 -0.13099104 0.94990081 3
2 0.10594726 -0.31099436 1.24765229 2 0.09084014 -0.11756209 0.95277423 3
2 0.10490672 -0.32867515 1.23031855 2 0.09084014 -0.10639215 0.95916671 3
2 0.10475861 -0.32798636 1.23081410 2 0.09092974 -0.09694604 0.96247160 3
2 0.10415503 -0.32456407 1.23316574 2 0.09595143 -0.08429329 0.97120792 3
2 0.10404719 -0.32195044 1.23423338 2 0.10049622 -0.07191036 0.97753394 3
2 0.10426911 -0.31865677 1.23476923 2 0.10705126 -0.05787526 0.98342937 3
2 0.10452337 -0.31602234 1.23522377 2 0.11532595 -0.05154039 0.98787475 3
2 0.10472129 -0.31428063 1.23539805 2 0.12477481 -0.04385147 0.99070567 3
2 0.10433891 -0.31366938 1.23621953 2 0.13340580 -0.03726929 0.99335110 3
2 0.10389563 -0.31298581 1.23733747 2 0.14212681 -0.02973354 0.99706686 3
2 0.10356575 -0.31244481 1.23785841 2 0.15199198 -0.02180440 0.99845946 3
2 0.10340539 -0.31220099 1.23811579 2 0.16245143 -0.01473040 0.99927390 3
2 0.10311678 -0.31185690 1.23868513 2 0.17412262 -0.00884778 1.00282955 3
2 0.10273884 -0.31156760 1.23924398 2 0.18801825 -0.00681550 1.00388837 3
2 0.10268790 -0.31134740 1.23979223 2 0.20218439 -0.00548106 1.00495613 3
2 0.10258915 -0.31118336 1.24031234 2 0.21392818 -0.00548106 1.00505757 3
2 0.10256350 -0.31096596 1.24092746 2 0.22596668 -0.00548106 1.00475371 3
2 0.10253396 -0.31088030 1.24121213 2 0.23461196 -0.00548106 1.00477540 3
2 0.10255845 -0.31080908 1.24152124 2 0.24111256 -0.00548106 1.00486183 3
2 0.10253695 -0.31077611 1.24164426 2 0.24561165 -0.00639437 1.00506699 3
2 0.10255589 -0.31067112 1.24182272 2 0.24831183 -0.00741738 1.00514174 3
2 0.10258944 -0.31063384 1.24191213 2 0.24985449 -0.00803414 1.00520384 3
2 0.10260099 -0.31062448 1.24194431 2 0.25062600 -0.00872516 1.00532866 3
2 0.10262027 -0.31060594 1.24197483 2 0.25062600 -0.00946745 1.00547981 3
2 0.10259968 -0.31058604 1.24203765 2 0.25062600 -0.00997744 1.00559485 3
2 0.10251833 -0.31047377 1.24212873 2 0.25062600 -0.01029990 1.00581646 3
2 0.10236692 -0.31034845 1.24227083 2 0.25062600 -0.01058013 1.00719452 3
2 0.10227365 -0.31018844 1.24255693 2 0.25053337 -0.01103412 1.01453984 2
-999
