2 0.15247262 -0.28632900 1.00056064 2 0.25292635 0.01855102 0.78152847 3
2 0.15245566 -0.28634980 1.00053012 2 0.25323573 0.01876473 0.77830225 3
2 0.15243295 -0.28639716 1.00052536 2 0.25464928 0.01921089 0.77770913 3
2 0.15239663 -0.28638774 1.00045478 2 0.25339711 0.01730411 0.77128333 3
2 0.15239039 -0.28639910 1.00043952 2 0.25349751 0.01718427 0.77412832 3
2 0.15237176 -0.28641766 1.00041771 2 0.25289053 0.01667178 0.77332962 3
2 0.15236209 -0.28642139 1.00038457 2 0.25207049 0.01652499 0.77189678 3
2 0.15235175 -0.28641388 1.00033903 2 0.25093445 0.01664824 0.77074516 3
2 0.15235104 -0.28642443 1.00031555 2 0.25094223 0.01715612 0.77183300 3
2 0.15234646 -0.28635374 1.00043213 2 0.25147238 0.01836295 0.77365011 3
2 0.15234187 -0.28634655 1.00039220 2 0.25072420 0.02043567 0.77014810 3
2 0.15211834 -0.28637406 1.00032890 2 0.25114733 0.02433183 0.76950794 3
2 0.15210545 -0.28633675 1.00034678 2 0.25299567 0.02848954 0.77124691 3
2 0.15208709 -0.28629547 1.00031066 2 0.24735163 0.04967997 0.76563209 3
2 0.15204814 -0.28622016 1.00024855 2 0.25958070 0.03650664 0.76913053 3
2 0.15201627 -0.28618467 1.00018609 2 0.25644892 0.06637593 0.76420915 3
2 0.15192217 -0.28612393 1.00009930 2 0.26259232 0.07456657 0.76381469 3
2 0.15185550 -0.28608066 0.99999744 2 0.26865229 0.08208688 0.76400393 3
2 0.15175994 -0.28600425 0.99991602 2 0.28318465 0.06771225 0.76940382 3
2 0.15168390 -0.28592452 0.99985188 2 0.29110959 0.07395520 0.76826990 3
2 0.15193476 -0.28581524 0.99978858 2 0.29753855 0.08594421 0.76562828 3
2 0.15229718 -0.28569657 0.99972248 2 0.30699077 0.08739727 0.76646608 3
2 0.15290961 -0.28545186 0.99981713 2 0.31666633 0.08753842 0.76775140 3
2 0.15326105 -0.28519338 0.99997455 2 0.32569486 0.08637833 0.76891196 3
2 0.15333621 -0.28468212 1.00021279 2 0.33525410 0.08358105 0.77000636 3
2 0.15343012 -0.28434169 1.00026810 2 0.34440345 0.07971481 0.76754522 3
2 0.15369089 -0.28391179 1.00061166 2 0.35534960 0.07594239 0.77314019 3
2 0.15356831 -0.28369695 1.00063360 2 0.36231485 0.06937501 0.77125734 3
2 0.15334867 -0.28340620 1.00090778 2 0.37035486 0.06281991 0.77441007 3
2 0.15330747 -0.28314024 1.00096226 2 0.37595606 0.03879376 0.77678436 3
2 0.15162612 -0.28208891 1.00131011 2 0.38131505 0.03123278 0.77909845 3
2 0.15067901 -0.28154606 1.00157690 2 0.38503674 0.02414800 0.78021944 3
2 0.15038355 -0.28137904 1.00162375 2 0.38651136 0.01537475 0.77802235 3
2 0.14972571 -0.28113496 1.00158513 2 0.38653541 0.00620031 0.77584100 3
2 0.14971434 -0.28115764 1.00154507 2 0.38655955 -0.00290391 0.77394021 3
2 0.14962620 -0.28122556 1.00155783 2 0.38559911 -0.01169686 0.77262127 3
2 0.14946841 -0.28137773 1.00160098 2 0.38290152 -0.02110842 0.77189660 3
2 0.14934191 -0.28157201 1.00159001 2 0.37820277 -0.03350485 0.76896340 3
2 0.14922173 -0.28174725 1.00151408 2 0.37248597 -0.04524140 0.76424450 3
2 0.14831637 -0.28178304 1.00166380 2 0.36591956 -0.05540995 0.76187223 3
2 0.14760871 -0.28186876 1.00180197 2 0.35937795 -0.06875604 0.76457322 3
2 0.14701037 -0.28190961 1.00205243 2 0.35123485 -0.07798107 0.76074946 3
2 0.14658824 -0.28198722 1.00223470 2 0.33947235 -0.08380386 0.75739175 3
2 0.14621073 -0.28205156 1.00236213 2 0.32895026 -0.08940350 0.75535047 3
2 0.14588040 -0.28214991 1.00249088 2 0.32002658 -0.09679879 0.75222480 3
2 0.14683779 -0.28367159 1.00210893 2 0.30901796 -0.09984722 0.74902588 3
2 0.14757152 -0.28478029 1.00175273 2 0.30260822 -0.11119971 0.74723911 3
2 0.14817655 -0.28538716 1.00157273 2 0.29039136 -0.11333931 0.74512887 3
2 0.14864969 -0.28631896 1.00117815 2 0.27300900 -0.10174751 0.73675096 3
2 0.14890951 -0.28718418 1.00047135 2 0.26057574 -0.09986714 0.73155981 3
2 0.14660931 -0.29236501 0.99685144 2 0.25529629 -0.09950669 0.72882104 3
2 0.14509970 -0.29473966 0.99501848 2 0.24583238 -0.09684312 0.72424769 3
2 0.14387281 -0.29620457 0.99346799 2 0.23659284 -0.09192918 0.72044915 3
2 0.14300264 -0.29710227 0.99259222 2 0.22721499 -0.08632761 0.71817791 3
2 0.14235085 -0.29767904 0.99180359 2 0.21006198 -0.07027926 0.70994014 3
2 0.14184320 -0.29796395 0.99106997 2 0.20481884 -0.06439229