2 0.11526147 -0.25582185 1.03461051 2 0.31127524 0.11409196 0.82266879 3
2 0.11557750 -0.25594956 1.03439975 2 0.31173551 0.11306424 0.81697232 3
2 0.11595176 -0.25613159 1.03423905 2 0.31210312 0.11118482 0.81591594 3
2 0.11618102 -0.25617391 1.03413641 2 0.31239614 0.10909680 0.81660426 3
2 0.11647605 -0.25630236 1.03402877 2 0.31271043 0.10693199 0.81646472 3
2 0.11664905 -0.25633472 1.03394449 2 0.31299579 0.10468958 0.81641006 3
2 0.11683499 -0.25638381 1.03382874 2 0.31355548 0.10244717 0.81508148 3
2 0.11704083 -0.25649214 1.03381395 2 0.31437227 0.10020475 0.81623155 3
2 0.11723055 -0.25654525 1.03373528 2 0.31549886 0.09796234 0.81552470 3
2 0.11735412 -0.25655082 1.03368139 2 0.31680223 0.09589328 0.81534576 3
2 0.11749335 -0.25657696 1.03362739 2 0.31830168 0.09502283 0.81649971 3
2 0.11755386 -0.25658232 1.03356218 2 0.32004592 0.09500953 0.81473023 3
2 0.11763959 -0.25661105 1.03354740 2 0.32188091 0.09518726 0.81492466 3
2 0.11765317 -0.25659442 1.03351378 2 0.32379925 0.09537923 0.81429833 3
2 0.11765920 -0.25657845 1.03349459 2 0.32596713 0.09557121 0.81249446 3
2 0.11763134 -0.25653943 1.03346837 2 0.32812008 0.09576318 0.81290990 3
2 0.11753371 -0.25651893 1.03348982 2 0.33082819 0.09593654 0.81384248 3
2 0.11723150 -0.25642961 1.03365541 2 0.33408979 0.09599677 0.81289828 3
2 0.11659293 -0.25639704 1.03406692 2 0.33827612 0.09558725 0.81049097 3
2 0.10644832 -0.25151664 1.03686714 2 0.34353417 0.09463990 0.80697924 3
2 0.10324946 -0.25148585 1.03765094 2 0.34986115 0.09295989 0.80249631 3
2 0.09844148 -0.24778262 1.04064929 2 0.35749575 0.09018025 0.79764068 3
2 0.09711634 -0.24720909 1.04161429 2 0.36604682 0.08612990 0.79124552 3
2 0.09585619 -0.24689618 1.04230356 2 0.37434834 0.08038864 0.78108090 3
2 0.09500281 -0.24630575 1.04235673 2 0.38232657 0.07288861 0.77027595 3
2 0.09459311 -0.24636461 1.04281962 2 0.38947752 0.06341150 0.76672244 3
2 0.09395890 -0.24581549 1.04291427 2 0.39576519 0.05140585 0.75522923 3
2 0.09347192 -0.24640514 1.04297960 2 0.40013775 0.03769969 0.74707031 3
2 0.09336573 -0.24633180 1.04339278 2 0.40173972 0.02235027 0.74205446 3
2 0.09329841 -0.24612747 1.04351902 2 0.40042877 0.00583235 0.73563296 3
2 0.09301257 -0.24493121 1.04415953 2 0.39524764 -0.01102975 0.73424423 3
2 0.10160626 -0.25126684 1.04000342 2 0.38653040 -0.02772291 0.73219448 3
2 0.10466258 -0.25385305 1.03795099 2 0.37516052 -0.04272518 0.73454827 3
2 0.10604589 -0.25489035 1.03713512 2 0.36128676 -0.05596867 0.73922110 3
2 0.10826303 -0.25747985 1.03568411 2 0.34533572 -0.06721646 0.73905951 3
2 0.11072621 -0.26012945 1.03348339 2 0.32730490 -0.07582258 0.73923033 3
2 0.11205632 -0.26020697 1.03262556 2 0.30690140 -0.08067141 0.74034399 3
2 0.11331264 -0.25974768 1.03196001 2 0.28647968 -0.08157854 0.74236143 3
2 0.11404647 -0.25919434 1.03153253 2 0.26624912 -0.07809275 0.74622798 3
2 0.11464548 -0.25848520 1.03113067 2 0.24759728 -0.07101425 0.75244331 3
2 0.11531906 -0.25745332 1.03057432 2 0.23136237 -0.06030941 0.75282621 3
2 0.11688763 -0.25696692 1.02984858 2 0.21778013 -0.04621328 0.75379294 3
2 0.11695465 -0.25681019 1.02943683 2 0.20670176 -0.03016578 0.75928819 3
2 0.11704248 -0.25590318 1.02913570 2 0.19770063 -0.01215596 0.76645392 3
2 0.12204000 -0.25122246 1.02405894 2 0.19098856 0.00757404 0.76865721 3
2 0.12400391 -0.24926953 1.02223074 2 0.18964545 0.02700953 0.77273774 3
2 0.12487006 -0.24840431 1.02134299 2 0.19205092 0.04638315 0.77118742 3
2 0.12462365 -0.24828133 1.02149343 2 0.19854546 0.06339843 0.77472669 3
2 0.12470944 -0.24839832 1.02133369 2 0.20801803 0.07869395 0.77238393 3
2 0.12398414 -0.24862297 1.02171457 2 0.21909982 0.09184273 0.77434295 3
2 0.12353810 -0.24878335 1.02221298 2 0.23095787 0.10171676 0.77551335 3
2 0.12298937 -0.24922173 1.02239347 2 0.24325053 0.10968232 0.77517927 3
2 0.12228192 -0.24979608 1.02298522 2 0.25554320 0.11573744 0.78365117 3
2 0.11913525 -0.24799289 1.02581942 2 0.26762664 0.12008860 0.77778083 0
2 0.11804458 -0.24773826 1.02637899 2 0.27748728 0.12301458 0.76764369 0
2 0.11769718 -0.24736875 1.02673197 2 0.28509903 0.12426992 0.76751238 0
2 0.11715297 -0.24699789 1.02732038 2 0.28980476 0.12575313 0.76691300 0
2 0.11616562 -0.24660070 1.02866328 2 0.29228279 0.12680690 0.77029479 0
2 0.11114559 -0.24342017 1.02963662 2 0.29266796 0.12748286 0.76619738 0
2 0.11125498 -0.24385776 1.02998173 2 0.29227686 0.12804231 0.76860279 2
-999
