2 0.07794583 -0.23979656 1.04538906 2 0.24112263 0.11791667 0.87640339 3
2 0.07771056 -0.24004781 1.04549789 2 0.24190469 0.11780312 0.87593365 3
2 0.07771770 -0.24001579 1.04553568 2 0.24333161 0.11762486 0.87549651 3
2 0.07770076 -0.24004142 1.04563153 2 0.24564451 0.11679982 0.87477130 3
2 0.07762468 -0.24002600 1.04577613 2 0.24713191 0.11569495 0.87408960 3
2 0.07761508 -0.24007018 1.04594684 2 0.24800359 0.11438047 0.87350571 3
2 0.07756641 -0.24016882 1.04607475 2 0.24908626 0.11380593 0.87240040 3
2 0.07736567 -0.24047697 1.04612637 2 0.25051782 0.11284994 0.87105769 3
2 0.07713027 -0.24063745 1.04633653 2 0.25227803 0.11171223 0.87057149 3
2 0.07692270 -0.24097776 1.04645550 2 0.25416550 0.11040189 0.86960840 3
2 0.07678054 -0.24134509 1.04647446 2 0.25631970 0.10903529 0.86878985 3
2 0.07652776 -0.24189605 1.04660308 2 0.25823945 0.10736518 0.86792541 3
2 0.07638013 -0.24228770 1.04660869 2 0.25990719 0.10609938 0.86668301 3
2 0.07627435 -0.24269059 1.04679942 2 0.26104301 0.10451023 0.86607754 3
2 0.07590383 -0.24315499 1.04689085 2 0.26184624 0.10324586 0.86493069 3
2 0.07575185 -0.24366240 1.04712677 2 0.26255274 0.10147548 0.86292315 3
2 0.07535914 -0.24386713 1.04737425 2 0.26307544 0.09974591 0.86038899 3
2 0.07498977 -0.24432583 1.04756474 2 0.26336220 0.09769801 0.85593432 3
2 0.07443856 -0.24487561 1.04795802 2 0.26353228 0.09500643 0.85394168 3
2 0.07375190 -0.24462405 1.04843140 2 0.26408267 0.09116063 0.84957415 3
2 0.07233054 -0.24440621 1.04871726 2 0.26466277 0.08672971 0.84554523 3
2 0.07135661 -0.24433938 1.04920781 2 0.26568237 0.07884868 0.84142363 3
2 0.07062293 -0.24428554 1.04937768 2 0.26689202 0.07304478 0.83577389 3
2 0.06991071 -0.24413894 1.04958725 2 0.26813337 0.06674130 0.83154869 3
2 0.06932140 -0.24411264 1.04969776 2 0.26891041 0.05933427 0.82719606 3
2 0.06858378 -0.24403420 1.04974926 2 0.26891041 0.05326257 0.82162064 3
2 0.06777700 -0.24392968 1.04985881 2 0.26891041 0.04638145 0.82129651 3
2 0.06707433 -0.24384235 1.05006719 2 0.26891041 0.03961020 0.81823671 3
2 0.06647458 -0.24380623 1.05023563 2 0.26891041 0.03363530 0.81562924 3
2 0.06588053 -0.24375148 1.05049944 2 0.26824260 0.02761344 0.81980157 3
2 0.06548057 -0.24370204 1.05059803 2 0.26632664 0.01734540 0.81619567 3
2 0.06506077 -0.24364194 1.05078626 2 0.26500851 0.01366423 0.81737334 3
2 0.06468468 -0.24367431 1.05081356 2 0.26360518 0.01047170 0.81637889 3
2 0.06436932 -0.24368685 1.05079806 2 0.26065144 -0.00112343 0.81733531 3
2 0.06411446 -0.24368820 1.05081975 2 0.25789312 -0.00305028 0.81695324 3
2 0.06390393 -0.24372604 1.05087018 2 0.25446796 -0.00714883 0.81638998 3
2 0.06371118 -0.24385042 1.05088520 2 0.25096229 -0.01204443 0.81513196 3
2 0.06348509 -0.24393967 1.05089974 2 0.24747042 -0.01762942 0.81377959 3
2 0.06325560 -0.24410106 1.05102885 2 0.24427985 -0.01988651 0.82158715 3
2 0.06525419 -0.24439237 1.04964793 2 0.24103230 -0.02318632 0.82195008 3
2 0.06672195 -0.24464044 1.04851687 2 0.23814461 -0.02652500 0.82281864 3
2 0.06804831 -0.24489094 1.04746115 2 0.23660329 -0.03001236 0.81072748 3
2 0.06916711 -0.24503322 1.04637980 2 0.23629317 -0.04813493 0.80921453 3
2 0.07054020 -0.24525505 1.04575348 2 0.23598823 -0.04813493 0.80852568 3
2 0.07085177 -0.24520983 1.04548359 2 0.23507977 -0.04813493 0.80794448 3
2 0.07119901 -0.24514470 1.04523301 2 0.21719407 -0.04813493 0.80622041 3
2 0.07175091 -0.24519463 1.04512703 2 0.21535699 -0.04813493 0.80534756 3
2 0.07187351 -0.24520357 1.04508150 2 0.21395645 -0.04721526 0.80429029 3
2 0.07216826 -0.24525641 1.04497540 2 0.21229252 -0.04606247 0.80297124 3
2 0.07218582 -0.24513477 1.04488075 2 0.20933165 -0.04318565 0.80080700 3
2 0.07220975 -0.24506497 1.04467797 2 0.20632970 -0.04083950 0.79819787 3
2 0.07247704 -0.24521132 1.04436314 2 0.20285174 -0.03859247 0.79578990 3
2 0.07249324 -0.24523211 1.04434776 2 0.19902849 -0.03641895 0.79485065 3
2 0.07249293 -0.24517335 1.04424882 2 0.19753969 -0.03360164 0.79303783 3
2 0.07249527 -0.24517244 1.04422891 2 0.19375128 -0.02985778 0.79224324 3
2 0.07250974 -0.24500783 1.04406357 2 0.18936376 -0.02631814 0.79015571 3
2 0.07245991 -0.24486700 1.04391801 2 0.18607797 -0.02292203 0.78906149 3
2 0.07241202 -0.24483706 1.04389536 2 0.18164596 -0.01852534 0.78904885 3
2 0.07212327 -0.24468446 1.04384542 2 0.17873833 -0.01476642 0.78997701 3
2 0.06955922 -0.24432728 1.04536843 2 0.17619954 -0.01042938 0.79093099 3
2 0.06809185 -0.24317500 1.04633784 2 0.17402644 -0.00616425 0.79175043 3
2 0.06757063 -0.24344671 1.04659641 2 0.17271499 -0.00099074 0.79363298 3
2 0.06738342 -0.24359284 1.04667091 2 0.17271499 0.00272681 0.79522771 3
2 0.06729882 -0.24358431 1.04674017 2 0.17271499 0.00804926 0.79676080 3
2 0.06790266 -0.24378312 1.04638231 2 0.17229308 0.01368787 0.79612958 3
2 0.06809071 -0.24358213 1.04616499 2 0.17190173 0.01644316 0.79683965 3
2 0.06859318 -0.24334595 1.04590189 2 0.17132655 0.02604488 0.79880065 3
2 0.06930175 -0.24318753 1.04527056 2 0.17118390 0.03565795 0.80171973 3
2 0.06986093 -0.24280186 1.04483545 2 0.17118390 0.05578660 0.80672759 3
2 0.07017238 -0.24257965 1.04464889 2 0.17110370 0.06258058 0.81097251 3
2 0.07075221 -0.24267626 1.04438317 2 0.17008127 0.06860748 0.81113273 3
2 0.07144628 -0.24255036 1.04392624 2 0.16815844 0.07486224 0.81129688 3
2 0.07284376 -0.24255502 1.04320931 2 0.16390866 0.08216452 0.81078941 3
2 0.07402248 -0.24238874 1.04229498 2 0.16135602 0.08736008 0.81138670 3
2 0.07444905 -0.24246198 1.04193294 2 0.16001281 0.09294134 0.81114566 3
2 0.07509205 -0.24232152 1.04133201 2 0.15897901 0.09676240 0.81134909 3
2 0.07589722 -0.24202667 1.04060054 2 0.15836872 0.10034220 0.81105918 3
2 0.09199475 -0.21112788 1.01607764 2 0.15712543 0.10420776 0.80537081 3
2 0.09316152 -0.21155806 1.01532507 2 0.15656029 0.10649621 0.80506933 3
2 0.09321122 -0.21911614 1.01998389 2 0.15582830 0.10915723 0.80543399 3
2 0.10393492 -0.19117562 0.99910712 2 0.15507099 0.11166568 0.80651975 3
2 0.10355309 -0.19183768 0.99983156 2 0.15265830 0.12735096 0.80788970 3
2 0.10280687 -0.19574550 1.00157034 2 0.15062957 0.13311745 0.80891305 3
2 0.10258644 -0.19742540 1.00213075 2 0.15021509 0.13333809 0.81023306 3
2 0.10242333 -0.19886217 1.00246155 2 0.14752167 0.13735236 0.81132668 3
2 0.10244912 -0.19942677 1.00247741 2 0.14577740 0.13821764 0.81200367 3
2 0.10234191 -0.20036356 1.00259459 2 0.14348218 0.13910471 0.81272441 3
2 0.10203882 -0.20114779 1.00275433 2 0.14021090 0.13944040 0.81290650 3
2 0.10173214 -0.20213002 1.00297749 2 0.13689977 0.13944040 0.81290483 3
2 0.10155381 -0.20281330 1.00304806 2 0.13334569 0.13944040 0.81241596 3
2 0.10129369 -0.20315732 1.00316715 2 0.13014302 0.13944040 0.81148350 3
2 0.10094751 -0.20343581 1.00343180 2 0.12695962 0.13944040 0.81073254 3
2 0.10055163 -0.20371345 1.00379646 2 0.12413005 0.13918199 0.80967110 3
2 0.10023426 -0.20283175 1.00367594 2 0.12099646 0.13915925 0.80837047 3
2 0.09972641 -0.20207511 1.00370467 2 0.11826561 0.13914075 0.80512083 3
2 0.09932812 -0.20163062 1.00377727 2 0.11567703 0.13522975 0.80193758 3
2 0.09721666 -0.20461501 1.00668383 2 0.11363385 0.13283162 0.79854679 3
2 0.08870157 -0.21819539 1.01755929 2 0.11134794 0.13186628 0.79584926 3
2 0.08836502 -0.21838325 1.01775479 2 0.10862549 0.13095079 0.79245412 3
2 0.08829349 -0.21833640 1.01776433 2 0.10517243 0.12832960 0.79060435 3
2 0.08697788 -0.21928267 1.01885748 2 0.10140312 0.12543982 0.78884691 3
2 0.08426364 -0.22259764 1.02166867 2 0.09800842 0.12172189 0.78824860 3
2 0.07713951 -0.22770132 1.02828348 2 0.09378576 0.11630982 0.78775620 3
2 0.07485930 -0.23095851 1.03039336 2 0.09377434 0.11160147 0.78735948 3
2 0.07377002 -0.23201598 1.03193319 2 0.09377434 0.09359871 0.78667402 3
2 0.07222236 -0.23451118 1.03289676 2 0.09377434 0.08710439 0.78581983 3
2 0.07175823 -0.23513609 1.03343606 2 0.09377434 0.07607319 0.78462452 3
2 0.07141769 -0.23587844 1.03414893 2 0.09377434 0.06879673 0.78380442 3
2 0.07120772 -0.23631442 1.03455997 2 0.09378709 0.06345877 0.78240371 3
2 0.07125958 -0.23796989 1.03515887 2 0.09571905 0.05346465 0.78465486 3
2 0.07088397 -0.23915124 1.03557956 2 0.09738301 0.04568167 0.78453517 3
2 0.07067162 -0.24037570 1.03627527 2 0.09766849 0.04134999 0.78491086 3
2 0.07058716 -0.24099863 1.03656507 2 0.09826241 0.03644148 0.78396416 3
2 0.07064804 -0.24168070 1.03696024 2 0.10042988 0.02782610 0.78293025 3
2 0.07063212 -0.24217969 1.03719831 2 0.10186864 0.02281687 0.78176773 3
2 0.07064804 -0.24256374 1.03733754 2 0.10376690 0.01827459 0.78210115 3
2 0.07063626 -0.24288467 1.03729475 2 0.10399680 0.01629542 0.78155756 3
2 0.07067779 -0.24313143 1.03736389 2 0.10626363 0.01127636 0.78218013 3
2 0.07090470 -0.24349613 1.03731108 2 0.10757895 0.00744092 0.78284216 3
1 0.07178163 -0.24246711 1.03629947 2 0.10882315 0.00231982 0.78393769 3
1 0.07290560 -0.24060211 1.03459466 2 0.10882315 -0.00254059 0.78192830 3
1 0.12206259 -0.13192815 1.03084886 2 0.10882315 -0.00906446 0.78565866 3
1 0.11145815 -0.17239970 1.02895582 2 0.10958304 -0.01414792 0.77447045 3
1 0.10854035 -0.18557075 1.02780163 2 0.10958304 -0.01937852 0.78037709 3
1 0.10764750 -0.18948106 1.02776635 2 0.10958304 -0.02579871 0.78109705 3
1 0.10752485 -0.19112577 1.02810431 2 0.10612664 -0.03953341 0.78271562 3
1 0.10758444 -0.19188865 1.02805221 2 0.10221351 -0.04411960 0.78244603 3
1 0.10771562 -0.19231980 1.02806306 2 0.10221351 -0.04898069 0.78181726 3
1 0.10797963 -0.19254436 1.02803171 2 0.10221351 -0.05419106 0.78385204 3
1 0.10798295 -0.19260347 1.02798009 2 0.10221351 -0.05868172 0.78429842 3
1 0.10815591 -0.19281031 1.02792239 2 0.10356032 -0.05933909 0.78528363 3
1 0.10847706 -0.19294830 1.02794278 2 0.10356032 -0.06264291 0.78590596 3
1 0.10876165 -0.19302759 1.02788556 2 0.10675526 -0.07316343 0.78641242 3
1 0.10897433 -0.19296515 1.02780628 2 0.10675526 -0.07616753 0.78663480 3
1 0.10944717 -0.19285457 1.02764833 2 0.10675526 -0.07936974 0.78673625 3
1 0.10983007 -0.19279425 1.02756584 2 0.10675526 -0.08104409 0.78703314 3
1 0.11028691 -0.19248031 1.02731359 2 0.10675526 -0.08212598 0.78681159 3
1 0.11059836 -0.19227096 1.02712703 2 0.10569534 -0.08266742 0.78692710 3
1 0.11093204 -0.19213600 1.02709246 2 0.10380862 -0.08266742 0.78451818 3
1 0.11118441 -0.19205707 1.02710032 2 0.10156594 -0.08266742 0.78397459 3
1 0.11153574 -0.19197312 1.02723622 2 0.10018403 -0.08266742 0.78386080 3
1 0.11208770 -0.19171858 1.02733970 2 0.09926330 -0.08266742 0.78376245 3
1 0.11244284 -0.19145674 1.02728200 2 0.09645259 -0.08239221 0.78373504 3
1 0.11268605 -0.19157945 1.02742696 2 0.09386496 -0.08174292 0.78478235 3
1 0.11264254 -0.19174923 1.02757597 2 0.09083121 -0.08168031 0.78365350 3
1 0.11189031 -0.16394089 1.02526999 2 0.08833651 -0.08068020 0.78387344 3
1 0.11187248 -0.15571524 1.02397048 2 0.08577228 -0.07925289 0.78383607 3
1 0.11264815 -0.14875644 1.02252817 2 0.08283243 -0.07741921 0.78380984 3
1 0.11318605 -0.14490025 1.02192664 2 0.08283243 -0.07144231 0.78579623 3
1 0.11340486 -0.14146942 1.02149057 2 0.08283243 -0.06810909 0.78681457 3
1 0.11385193 -0.13859850 1.02112174 2 0.08283243 -0.06504065 0.78346562 3
1 0.11513370 -0.13232265 1.02013731 2 0.08283243 -0.06504065 0.75343221 3
1 0.11552875 -0.12899458 1.01966071 2 0.09534650 -0.06310131 0.76211059 3
1 0.11666314 -0.12086301 1.01897335 2 0.09889806 -0.06246518 0.77419066 3
1 0.11673614 -0.11905145 1.01885915 2 0.10414866 -0.06245467 0.77144712 3
1 0.11711704 -0.11662350 1.01889789 2 0.13663864 -0.06015113 0.77157694 3
1 0.11726448 -0.11349831 1.01845288 2 0.13839671 -0.05937662 0.77115440 3
1 0.11702246 -0.10989849 1.01797080 2 0.13839671 -0.04689530 0.79330283 3
1 0.11387321 -0.10231134 1.01667023 2 0.13839671 -0.04679994 0.78106266 3
1 0.10630839 -0.07561813 1.01434422 2 0.13839671 -0.04550711 0.78017205 3
1 0.10519600 -0.07209165 1.01423502 2 0.13663864 -0.04427364 0.77950138 3
1 0.10415079 -0.06852471 1.01440859 2 0.13271113 -0.03914121 0.77812082 3
1 0.10152502 -0.06324731 1.01415408 2 0.13161348 -0.03842321 0.81369275 3
1 0.09970126 -0.06140437 1.01389086 2 0.13150649 -0.03812434 0.79649258 3
1 0.10747530 -0.06964607 1.01581681 2 0.13127227 -0.03616778 0.79564208 3
1 0.12852621 -0.09539376 1.02099657 2 0.10983286 -0.03504974 0.79543239 3
1 0.12922721 -0.09614976 1.02116907 2 0.07369956 0.00541636 0.79515660 3
1 0.12943411 -0.09658445 1.02103102 2 0.07089745 0.03094263 0.79123610 3
1 0.12957481 -0.09670521 1.02099800 2 0.06952799 0.03404358 0.79067779 3
1 0.13054042 -0.09709457 1.02180469 2 0.06930196 0.03616829 0.78672600 3
1 0.13067724 -0.09711255 1.02188277 2 0.06773154 0.04012719 0.78653848 3
1 0.13072325 -0.09721226 1.02176440 2 0.06331307 0.05027281 0.78700799 3
2 0.12287516 -0.09507382 0.99616438 2 0.06316066 0.05279930 0.78752798 3
2 0.11787114 -0.09698712 0.98442823 2 0.06086615 0.06642113 0.78785920 3
2 0.11465744 -0.09236318 0.97536361 2 0.06015048 0.06858877 0.78687894 3
2 0.11309828 -0.09009310 0.97236371 2 0.05943604 0.06863597 0.78657138 3
2 0.10531273 -0.08841244 0.96232915 2 0.05856075 0.06904626 0.78716749 3
2 0.10451181 -0.08688001 0.96090561 2 0.05845386 0.07077871 0.78767109 3
2 0.11490278 -0.06977107 0.93248552 2 0.05845386 0.07813752 0.78584397 3
2 0.12405803 -0.05768462 0.90115392 2 0.05943604 0.07813752 0.78963357 3
2 0.12230030 -0.05421912 0.89752996 2 0.06015048 0.07813752 0.79485393 3
2 0.11962318 -0.05101022 0.89555752 2 0.06086615 0.07813752 0.80106342 1
2 0.11735783 -0.04818051 0.89323169 2 0.06846786 0.07813752 0.80617517 1
2 0.11544888 -0.04623881 0.89259499 2 0.08461569 0.02190195 0.80887187 1
2 0.11428227 -0.04476300 0.89189041 2 0.08721869 0.01376867 0.81145823 1
2 0.11359291 -0.04394719 0.89111519 2 0.08956199 0.00965681 0.81343067 1
2 0.11294655 -0.04350455 0.89109981 2 0.09131898 0.00774608 0.81416434 1
2 0.11263457 -0.04337210 0.89100957 2 0.09131898 0.00764840 0.81536883 1
2 0.11298648 -0.04498961 0.89135194 2 0.09131898 0.00751222 0.81591868 1
2 0.11216357 -0.04458077 0.89143455 2 0.09131898 0.00734800 0.81825978 1
2 0.11174802 -0.04555024 0.89179736 2 0.09131898 0.00731448 0.81890124 1
2 0.11163255 -0.04573730 0.89170796 2 0.08944213 0.00688199 0.82168478 1
2 0.11119430 -0.04595983 0.89173257 2 0.08644488 0.00476529 0.82542145 1
2 0.10803473 -0.04215657 0.89105797 2 0.08078873 0.00376843 0.84075969 1
2 0.10902329 -0.05007847 0.89420736 2 0.07490114 0.00325146 0.84343904 1
2 0.10938728 -0.04390667 0.88081777 2 0.06717558 0.00325146 0.84626532 1
2 0.10683877 -0.03827288 0.87602425 2 0.05825767 0.00325146 0.84471142 1
2 0.10533439 -0.03650840 0.87379116 2 0.05054571 0.00325146 0.84442145 1
2 0.10285410 -0.03404573 0.87164569 2 0.04426261 0.00376843 0.84410995 1
2 0.10164394 -0.03301280 0.87081867 2 0.03902693 0.00978485 0.84455454 1
2 0.09689004 -0.03005194 0.86877054 2 0.03543147 0.01503858 0.84404284 1
2 0.09409709 -0.02802049 0.86730880 2 0.03150892 0.01706877 0.84663343 1
2 0.09250865 -0.02770025 0.86636943 2 0.02571431 0.01983040 0.84678835 1
2 0.09614959 -0.04395003 0.87548894 2 0.02001562 0.01983040 0.85218024 0
2 0.09301806 -0.04152706 0.87334406 2 0.01789870 0.01983040 0.85131180 0
2 0.09316137 -0.04407676 0.87384152 2 0.00904880 0.01983040 0.84994072 0
2 0.09377071 -0.04982162 0.87408143 2 0.00802338 0.01983040 0.84833497 0
2 0.09365705 -0.05352554 0.87408435 2 0.00802338 0.01117701 0.84555101 1
2 0.09601703 -0.06019848 0.87443304 2 0.00802338 0.01075519 0.84043366 1
2 0.09557171 -0.06746142 0.87775522 2 0.00802338 0.00815767 0.83999932 1
2 0.09251557 -0.07557362 0.88386434 2 0.00802338 0.00238965 0.83685219 1
2 0.09311895 -0.09663198 0.90046299 2 0.01041665 -0.00277923 0.82810301 1
2 0.08880621 -0.10112000 0.90217799 2 0.02020689 -0.01464951 0.81633198 1
2 0.08530243 -0.11023001 0.90883565 2 0.02532701 -0.02577016 0.78913379 0
2 0.08693270 -0.15773876 0.93635345 2 0.02532701 -0.02577016 0.78750718 0
1 0.08717165 -0.15879999 0.93650138 2 0.02532701 -0.02577016 0.78793836 3
1 0.08810978 -0.16433908 0.93545616 2 0.02532701 -0.02577016 0.77677947 3
1 0.08975612 -0.17376035 0.93600130 2 0.02532701 -0.02577016 0.77754390 3
1 0.08984102 -0.19507003 0.93227196 2 0.00615434 -0.02069603 0.77710074 3
1 0.08921539 -0.20532748 0.93375039 2 0.00162650 -0.02069603 0.78090382 3
1 0.08750784 -0.22224376 0.93304694 2 0.00162650 -0.02069603 0.78301668 3
1 0.08299929 -0.23753101 0.93297911 2 0.00162650 -0.02069603 0.78214747 3
1 0.07963541 -0.25010285 0.93615925 2 0.00162650 -0.02069603 0.77688926 3
1 0.07850703 -0.25595057 0.93517983 2 0.00615434 -0.02472998 0.78200001 3
1 0.07870124 -0.25882590 0.93484682 2 0.00743840 -0.03123544 0.78968692 3
2 0.06975575 -0.25993592 1.03170693 2 0.01041992 -0.03293773 0.79279011 0
2 0.06990729 -0.25997183 1.03165114 2 0.01251454 -0.05391014 0.79312855 0
1 0.06987637 -0.25995579 1.03165233 2 0.02274911 -0.05974978 0.79251504 3
1 0.06985847 -0.25993958 1.03169262 2 0.03719582 -0.07688589 0.79177433 3
1 0.06985638 -0.25988799 1.03170526 2 0.03719582 -0.08632296 0.79414988 0
1 0.06984863 -0.25981426 1.03171539 2 0.03762171 -0.08948883 0.77086246 0
1 0.06983449 -0.25969303 1.03175306 2 0.03762171 -0.08948960 0.78571934 0
1 0.06984403 -0.25959378 1.03177524 2 0.03762171 -0.09108964 0.78853607 0
1 0.06983846 -0.25953412 1.03181660 2 0.03719582 -0.09206497 0.78933650 0
1 0.06985041 -0.25941160 1.03188610 2 0.03287536 -0.11015765 0.78161997 0
1 0.06987680 -0.25929689 1.03186131 2 0.03287536 -0.11240933 0.77929866 0
1 0.06990770 -0.25925624 1.03187776 2 0.03287536 -0.11409242 0.77841890 0
1 0.07036276 -0.25394261 1.03230631 2 0.03272263 -0.11418955 0.78601342 0
1 0.07197268 -0.24161665 1.03467238 2 0.03169412 -0.11418955 0.78624237 0
1 0.07209341 -0.24059607 1.03477454 2 0.02989414 -0.11409242 0.78725863 0
1 0.07213240 -0.24045475 1.03453898 2 0.02868219 -0.11418955 0.79191393 0
1 0.07212532 -0.24019046 1.03440595 2 0.02868219 -0.11839060 0.76905847 0
1 0.07196917 -0.24020539 1.03440273 2 0.02732789 -0.11926316 0.76413858 0
1 0.07193032 -0.24023356 1.03441358 2 0.02687924 -0.11980513 0.76459116 0
1 0.07185876 -0.24035981 1.03431678 2 0.02552872 -0.12293484 0.76430094 0
1 0.07186586 -0.24046370 1.03426468 2 0.02518146 -0.13065512 0.76488042 0
1 0.07181385 -0.24069133 1.03424287 2 0.02490873 -0.13065512 0.76640505 0
1 0.07178501 -0.24085450 1.03417432 2 0.02122359 -0.13065512 0.76785076 0
1 0.07174805 -0.24091764 1.03416324 2 0.01823442 -0.13065512 0.76886910 0
1 0.07164466 -0.24089976 1.03394127 2 0.01823442 -0.13065512 0.77279723 0
1 0.07162977 -0.24093713 1.03383720 2 0.01823442 -0.12914726 0.77394229 0
1 0.07177024 -0.24063745 1.03409100 2 0.01801602 -0.12844448 0.78070080 0
1 0.07177757 -0.24062419 1.03408408 2 0.01801602 -0.12796134 0.78131086 0
1 0.07177404 -0.24061061 1.03407764 2 0.01801602 -0.12792721 0.78114200 0
1 0.07176682 -0.24060401 1.03406727 2 0.01843969 -0.12644356 0.78071797 0
1 0.07175420 -0.24060088 1.03405309 2 0.01964101 -0.12643142 0.77860576 0
1 0.07176192 -0.24057834 1.03404701 2 0.01964101 -0.12579323 0.77535695 0
1 0.05414306 -0.31035709 1.01813972 2 0.01964101 -0.12468384 0.77174962 0
1 0.07231532 -0.22079031 1.02703834 2 0.01843969 -0.12281073 0.75064731 0
1 0.04745516 -0.28561440 1.00171208 2 0.01801602 -0.11918073 0.76967156 0
1 0.07821928 -0.21279514 1.02170825 2 0.01348978 -0.10860091 0.75932783 0
2 0.06238912 -0.09529211 0.83522964 2 0.01348978 -0.10365026 0.79284108 1
2 0.06301166 -0.09078491 0.83611143 2 0.01348978 -0.07668061 0.79339671 1
2 0.06449282 -0.08749011 0.83807212 2 0.01348978 -0.07319821 0.79648226 1
2 0.06807545 -0.08206923 0.84142673 2 0.01348978 -0.07055713 0.79861087 1
2 0.06829445 -0.08207354 0.84159732 2 0.01959904 -0.06859077 0.80130905 1
2 0.07700978 -0.07257242 0.85019022 2 0.02222537 -0.06683112 0.80348164 1
2 0.08108709 -0.06914303 0.85503918 2 0.02286235 -0.06478044 0.80435944 1
2 0.07952096 -0.07115965 0.85390073 2 0.02286235 -0.06064604 0.80554050 1
2 0.07991798 -0.06391206 0.85735792 2 0.02286235 -0.06064604 0.80541348 1
2 0.07996705 -0.06206952 0.85907662 2 0.02286235 -0.05666283 0.80655009 1
2 0.07990503 -0.06250308 0.85916948 2 0.02286235 -0.05111610 0.80714202 1
2 0.08200395 -0.06629488 0.86043215 2 0.02271868 -0.04615565 0.80758899 1
2 0.09193125 -0.07570189 0.87451112 2 0.02191290 -0.04069134 0.80687463 1
2 0.05882992 -0.06826661 0.87890869 2 0.02129119 -0.03594802 0.81056798 1
2 0.07623884 -0.12838899 0.91713619 1 0.02129119 -0.03406531 0.81998575 0
2 0.05490812 -0.12232147 0.93244338 2 0.02124794 -0.03137707 0.85679305 0
2 0.05590325 -0.12212643 0.93121445 2 0.02099350 -0.02603662 0.81812376 0
2 0.05600675 -0.09302214 0.91182542 2 0.01829747 -0.01941152 0.79991782 0
2 0.05676070 -0.09418458 0.91153336 2 0.01776319 0.02132664 0.79953349 0
2 0.05714661 -0.09492236 0.91120684 2 -0.00559235 0.02132664 0.79961598 0
2 0.05732117 -0.09533691 0.91096568 2 -0.00947356 0.02132664 0.80003446 0
2 0.05755996 -0.09560852 0.91011024 2 -0.00947356 0.02132664 0.79900014 0
2 0.05764408 -0.09527274 0.90859258 2 -0.00947356 0.02132664 0.79906178 0
2 0.05767210 -0.09493193 0.90709025 2 -0.00947356 0.01925258 0.79910016 0
2 0.05718621 -0.09405265 0.90562785 2 -0.00947356 0.01853409 0.80208826 0
2 0.05696824 -0.09339212 0.90464747 2 -0.00922350 0.01756982 0.80214024 0
2 0.05646983 -0.09246616 0.90381402 2 -0.00922350 0.01756982 0.79146689 3
2 0.05598789 -0.09110521 0.90242743 2 -0.00922350 0.01756982 0.79588276 3
2 0.05573027 -0.09054390 0.90193939 2 -0.00922350 0.01756982 0.79912972 0
2 0.05542368 -0.08998643 0.90155220 2 -0.00922350 0.01651771 0.80287701 0
2 0.05525566 -0.08938070 0.90107971 2 -0.08279371 0.01542109 0.80836743 0
2 0.05452505 -0.08793452 0.89970613 2 -0.08279371 0.01275408 0.81515735 0
2 0.05432678 -0.08725630 0.89930320 2 -0.08279371 0.01269090 0.81844598 0
2 0.05268079 -0.08403023 0.89374745 2 -0.08279371 0.01074716 0.83502775 0
2 0.05289221 -0.08445671 0.89445394 2 -0.08279371 0.00352931 0.83374220 0
2 0.05309373 -0.08481708 0.89504695 2 -0.07888301 -0.00722444 0.83231437 0
2 0.05320608 -0.08504228 0.89544159 2 -0.07740157 -0.01055999 0.83149230 0
2 0.05328823 -0.08513655 0.89555025 2 -0.07110371 -0.02088451 0.83121729 0
2 0.05343350 -0.08539341 0.89595360 2 -0.07110371 -0.02088451 0.83068430 0
2 0.05342069 -0.08536676 0.89593172 2 -0.07110371 -0.02088451 0.83075523 0
2 0.05352670 -0.08560697 0.89617419 2 -0.07110371 -0.02088451 0.83007371 0
2 0.05357341 -0.08563016 0.89621067 2 -0.07110371 -0.02088451 0.83000290 0
2 0.05360849 -0.08564801 0.89624101 2 -0.07138579 -0.02066169 0.82999188 0
2 0.05361552 -0.08564316 0.89625937 2 -0.07160921 -0.02036811 0.83003700 0
2 0.05133208 -0.08241131 0.89161932 2 -0.07160921 -0.02036811 0.84209234 0
2 0.05000689 -0.08013315 0.88898867 2 -0.07160921 -0.02036811 0.84751409 0
2 0.05021466 -0.08038276 0.88992918 2 -0.07160921 -0.02036811 0.84623593 1
2 0.04956599 -0.07969871 0.89140832 2 -0.07138579 -0.02066169 0.84769881 1
2 0.04944834 -0.07962927 0.89201754 2 -0.06266414 -0.02745722 0.84867102 1
2 0.04941304 -0.07894342 0.89209467 2 -0.06085241 -0.02752821 0.84947407 1
2 0.04950106 -0.07857582 0.89230323 2 -0.06003445 -0.02752821 0.84958452 1
2 0.04940012 -0.07836063 0.89261436 2 -0.05953466 -0.02752821 0.84971887 1
2 0.04931314 -0.07812261 0.89298880 2 -0.05952912 -0.02752821 0.84976983 1
2 0.04921507 -0.07780645 0.89324498 2 -0.05935167 -0.02745722 0.84910339 1
2 0.04910370 -0.07748114 0.89347529 2 -0.05935167 -0.02701471 0.84835100 1
2 0.04908016 -0.07703873 0.89370477 2 -0.05903810 -0.02643484 0.84884870 1
2 0.04700097 -0.06355143 0.88276231 2 -0.05861640 -0.02592814 0.85233605 1
2 0.04708054 -0.06137433 0.88077933 2 -0.05853635 -0.02459370 0.85154825 1
2 0.04721940 -0.06090517 0.88018435 2 -0.05762752 -0.02455335 0.85151261 1
2 0.04922479 -0.06740273 0.88700539 2 -0.05672896 -0.02442760 0.85022539 1
2 0.04818776 -0.06345761 0.88318282 2 -0.05135376 -0.01615622 0.85105026 1
2 0.04979027 -0.06710973 0.88622612 2 -0.05135376 -0.01509526 0.85017300 1
2 0.05042325 -0.06856592 0.88732642 2 -0.05135376 -0.01508323 0.84935534 1
2 0.05131569 -0.07010530 0.88806176 2 -0.05135376 -0.01474926 0.84763062 1
2 0.05144326 -0.07071126 0.88878202 2 -0.05135376 -0.01474926 0.84687573 1
2 0.05166131 -0.07098327 0.88884795 2 -0.05187168 -0.01474926 0.84658188 1
2 0.05181000 -0.07122223 0.88900250 2 -0.05327785 -0.01508323 0.84538949 1
2 0.05323852 -0.06606607 0.87792307 2 -0.05327785 -0.01508323 0.84869885 1
2 0.05376850 -0.06406907 0.87607527 2 -0.05327785 -0.01474926 0.84790069 1
2 0.05511867 -0.06315617 0.87508732 2 -0.05327785 -0.01474926 0.84610051 1
2 0.05690718 -0.06600109 0.87871033 2 -0.05327785 -0.01469088 0.84391868 1
2 0.05920139 -0.06481662 0.87552935 2 -0.05163024 -0.01056253 0.84319162 1
2 0.06384979 -0.05818561 0.86879432 2 -0.04886646 -0.00855462 0.83827782 1
2 0.06642254 -0.05423500 0.86456853 2 -0.04618238 -0.00758170 0.83122671 1
2 0.06793430 -0.05902889 0.86900830 2 -0.04454472 -0.00687922 0.83230931 1
2 0.07017966 -0.06300122 0.87032831 2 -0.04012232 -0.00654431 0.83246988 1
2 0.06975594 -0.06591617 0.87332731 2 -0.03217432 -0.00654431 0.83017087 1
2 0.06995413 -0.06758283 0.87483460 2 -0.01531269 -0.00654431 0.82557285 1
2 0.07014542 -0.06830855 0.87553531 2 -0.01402607 -0.00855462 0.82336104 1
2 0.07063814 -0.07131661 0.87758046 2 -0.01387986 -0.00855462 0.81786454 1
2 0.07026557 -0.07250720 0.87966859 2 -0.01048801 -0.00912107 0.81115335 1
2 0.07058352 -0.07384834 0.88055223 2 -0.01032333 -0.01213025 0.80717635 1
2 0.07051767 -0.07566787 0.88307595 2 -0.00967322 -0.01373020 0.79354191 3
2 0.07066908 -0.07710228 0.88456953 2 -0.00856780 -0.01373020 0.77655351 3
2 0.07109216 -0.07775207 0.88471955 2 -0.00813883 -0.01373020 0.77176166 3
2 0.07189434 -0.07867977 0.88465643 2 -0.00679899 -0.01373020 0.77011132 3
2 0.07307333 -0.08028962 0.88502294 2 -0.00126388 -0.01373020 0.77097231 3
2 0.07438821 -0.08232294 0.88567078 2 0.00542788 -0.00763415 0.77188164 3
2 0.07619697 -0.08365262 0.88467586 2 0.01818798 -0.00666965 0.77531499 0
2 0.08514896 -0.08801439 0.88149697 2 0.03173801 -0.00666965 0.78123033 0
2 0.08929310 -0.09333394 0.88273978 2 0.04638716 -0.00666965 0.78043938 0
1 0.08636727 -0.10874558 0.90388805 2 0.05351839 -0.00666965 0.76994824 0
1 0.08772487 -0.10688747 0.89828038 2 0.05896977 -0.00666965 0.77628160 3
1 0.08738595 -0.12375246 0.90800077 2 0.06032129 -0.01938473 0.77400935 3
1 0.08827382 -0.12118170 0.90322751 2 0.06105202 -0.02381790 0.77454686 3
1 0.08986233 -0.14199916 0.90131712 2 0.06144524 -0.03101974 0.77635694 3
1 0.08841031 -0.16714762 0.90012616 2 0.06144524 -0.03260613 0.77284962 3
1 0.08974709 -0.17832358 0.90029991 2 0.06105202 -0.03574178 0.77067512 3
1 0.09028088 -0.18465035 0.90027112 2 0.06032129 -0.04394060 0.76541281 3
1 0.09241783 -0.21217123 0.90315288 2 0.05896977 -0.04394060 0.76120657 3
1 0.09041598 -0.21721783 0.90252954 2 0.05891217 -0.04869106 0.76661026 3
2 0.07700365 -0.25755745 1.03223801 2 0.05303953 -0.05212723 0.76590317 3
1 0.07899761 -0.25696993 1.03231168 2 0.04308063 -0.05263930 0.76707882 3
1 0.07777467 -0.25588956 1.03241694 2 0.04240738 -0.05846954 0.76711088 3
1 0.07755747 -0.25577721 1.03251553 2 0.04240738 -0.07548483 0.77068222 3
1 0.07747693 -0.25572306 1.03254223 2 0.04240738 -0.07568935 0.77073014 3
2 0.07747133 -0.25604212 1.03263485 2 0.04221743 -0.08004966 0.77022201 3
2 0.07743425 -0.25630680 1.03279424 2 0.04240738 -0.08146051 0.75929725 3
1 0.07699421 -0.25308311 1.03329527 2 0.04308063 -0.09259996 0.76281750 3
1 0.07558573 -0.25527704 1.03350019 2 0.05583670 -0.09924386 0.76399374 3
1 0.06400138 -0.27912864 1.03570211 2 0.05942568 -0.10696694 0.76484281 3
1 0.06228463 -0.28172648 1.03603256 2 0.05988866 -0.10807696 0.76587033 3
1 0.06105647 -0.28389460 1.03636086 2 0.05988866 -0.10814711 0.76606542 3
1 0.05923427 -0.28575870 1.03707623 2 0.05969277 -0.10927038 0.76580799 3
1 0.05789098 -0.28712806 1.03774893 2 0.05968969 -0.11109653 0.76619762 3
1 0.05695881 -0.28890431 1.03871882 2 0.05969277 -0.11278830 0.76645577 3
1 0.05642349 -0.28946435 1.03906786 2 0.05975408 -0.11469972 0.76674497 3
1 0.05588568 -0.28999004 1.03950322 2 0.05975408 -0.11650590 0.76735795 3
1 0.05474813 -0.29030135 1.04032040 2 0.05990303 -0.11879814 0.76782018 3
1 0.05454961 -0.29056180 1.04073393 2 0.05990303 -0.11957372 0.76835954 3
1 0.06202611 -0.29560459 1.04396117 2 0.06016349 -0.12003592 0.76924622 3
1 0.05994516 -0.29554209 1.04509723 2 0.06066383 -0.12012003 0.76645333 3
1 0.06397333 -0.29807091 1.04635382 2 0.06138833 -0.12043082 0.76536870 3
1 0.06591044 -0.28222430 1.04256213 2 0.06200367 -0.12043082 0.76520056 3
1 0.06669679 -0.28029048 1.04159069 2 0.06339390 -0.12043082 0.76628768 3
1 0.06697434 -0.27866071 1.04101086 2 0.06989642 -0.12043082 0.76914734 3
1 0.06713704 -0.27731425 1.04066849 2 0.07357170 -0.12043082 0.76505733 3
1 0.06731346 -0.27635241 1.04049492 2 0.07443149 -0.12033267 0.76339155 3
1 0.06788508 -0.27412033 1.04008758 2 0.07443149 -0.11813578 0.76438546 3
1 0.06805056 -0.26249728 1.04003644 2 0.07443149 -0.11808525 0.76454514 3
1 0.06907921 -0.26175767 1.04016709 2 0.07459401 -0.11612156 0.76474440 3
1 0.06912248 -0.25188115 1.03989172 2 0.07443149 -0.11381280 0.75369173 3
1 0.07918375 -0.23776202 1.03967702 2 0.07443149 -0.09914996 0.75281262 3
1 0.07849814 -0.23849411 1.03965390 2 0.07425530 -0.09734453 0.75726962 3
1 0.07799256 -0.23828769 1.03969419 2 0.07400484 -0.09323227 0.75534201 3
1 0.07905459 -0.23388730 1.03848231 2 0.06441173 -0.05834380 0.75436962 3
1 0.09787373 -0.18736470 1.02800262 2 0.06334205 -0.05117041 0.75001353 3
1 0.09528232 -0.18515258 1.03193569 2 0.06120214 -0.05034367 0.74938232 3
1 0.09109501 -0.18862033 1.03374064 2 0.06041345 -0.04086417 0.74979407 3
1 0.08067282 -0.16795412 1.03860557 2 0.06041345 -0.03480930 0.75353497 3
1 0.06990298 -0.14696094 1.03286099 2 0.06041345 -0.01340435 0.75109601 3
2 0.09907964 -0.07536612 0.90060931 2 0.06057684 -0.00890664 0.75281781 3
2 0.09870757 -0.07410379 0.89942801 2 0.06057684 -0.00293513 0.75420737 3
2 0.15361372 -0.08728339 0.87296009 2 0.06057684 0.01167498 0.75272876 3
2 0.14214228 -0.07276963 0.86673540 2 0.06057684 0.02103829 0.74953485 3
2 0.14434797 -0.07554183 0.86736256 2 0.06057684 0.02341645 0.74633098 3
2 0.16318746 -0.10570452 0.87673163 2 0.06057684 0.02519784 0.74761260 3
2 0.16636397 -0.11249562 0.87884533 2 0.06057684 0.04008511 0.74622750 3
2 0.16024081 -0.10490189 0.87835819 2 0.06138116 0.04217156 0.75079304 3
2 0.15555102 -0.09782130 0.87752903 2 0.06138116 0.06902822 0.74893481 3
2 0.14345586 -0.07739268 0.87482947 2 0.06039889 0.09010840 0.75111729 3
2 0.14316569 -0.07756880 0.87497276 2 0.05925809 0.09010840 0.78131801 3
2 0.14285831 -0.07784641 0.87536770 2 0.05800907 0.09010840 0.77907002 3
2 0.14260679 -0.07786769 0.87555164 2 0.05800907 0.09010840 0.77954185 3
2 0.14167401 -0.07540342 0.87487811 2 0.05800907 0.09010840 0.75426829 3
2 0.14074975 -0.07499237 0.87554967 2 0.05910123 0.09010840 0.75150716 3
2 0.14028944 -0.07985833 0.87958443 2 0.05910123 0.09010840 0.75171351 3
2 0.13930757 -0.07988134 0.88074863 2 0.05910123 0.10178476 0.75164098 3
2 0.13910297 -0.07573881 0.87789911 2 0.05925809 0.10178476 0.75048912 3
2 0.13879895 -0.07308985 0.87528718 2 0.06184459 0.10178476 0.74914449 3
2 0.07130368 -0.25696942 1.03139269 2 0.06231239 0.10178476 0.76399893 0
2 0.07127324 -0.25696644 1.03139973 2 0.06250818 0.10178476 0.76382989 0
2 0.07127540 -0.25689617 1.03135574 2 0.06344430 0.10178476 0.75247282 0
2 0.07130846 -0.25681654 1.03125334 2 0.06383370 0.10178476 0.75253439 0
2 0.07142159 -0.25657111 1.03101277 2 0.07811709 0.07502676 0.75219297 0
2 0.07158694 -0.25637650 1.03092551 2 0.09119523 0.06975488 0.75190014 0
2 0.07175145 -0.25623178 1.03079391 2 0.09307945 0.06917100 0.75163615 0
2 0.07191125 -0.25608069 1.03058541 2 0.09371240 0.06874930 0.75139272 0
2 0.07199439 -0.25600138 1.03050232 2 0.09436843 0.06851137 0.75133061 0
2 0.07215144 -0.25589716 1.03040659 2 0.09548140 0.06813592 0.75132406 0
2 0.07228817 -0.25473756 1.03054428 2 0.09651439 0.06813592 0.75101292 0
2 0.07240913 -0.25468847 1.03050005 2 0.09725843 0.06782702 0.75102746 0
2 0.07257079 -0.25464937 1.03040743 2 0.09798600 0.06781650 0.75109386 0
2 0.07274031 -0.25460976 1.03026462 2 0.09854791 0.06781650 0.75106239 0
2 0.07290666 -0.25457484 1.03016925 2 0.09904224 0.06781650 0.75108564 0
2 0.07304291 -0.25454897 1.03011549 2 0.09950636 0.06781650 0.75121278 0
2 0.07320087 -0.25450492 1.03011692 2 0.10019374 0.06782702 0.75148129 0
2 0.07334322 -0.25445127 1.03001761 2 0.10048296 0.06784256 0.75155646 0
2 0.07343754 -0.25442705 1.02986741 2 0.10083412 0.06793070 0.75149029 0
2 0.07353254 -0.25440872 1.02984393 2 0.10098750 0.06798033 0.75183845 0
2 0.07355370 -0.25366777 1.02994955 2 0.10132818 0.06812741 0.75189942 0
2 0.07365943 -0.25369170 1.02986932 2 0.10168042 0.06821493 0.75219762 0
2 0.07368089 -0.25312451 1.02995598 2 0.10203303 0.06826459 0.75234103 0
2 0.07378776 -0.25320932 1.02993584 2 0.10225769 0.06841089 0.75293380 0
2 0.07380648 -0.25275612 1.02995789 2 0.10247960 0.06876928 0.75324875 0
2 0.07381376 -0.25237894 1.03006029 2 0.10291249 0.06899370 0.75378221 0
2 0.07379007 -0.25206298 1.03010476 2 0.10319306 0.06935512 0.75389749 0
2 0.07377542 -0.25182936 1.03013813 2 0.10369349 0.06965023 0.75414670 0
2 0.07375307 -0.25158802 1.03013575 2 0.10416798 0.07004374 0.75480217 0
2 0.07375591 -0.25132608 1.03020453 2 0.10460503 0.07051497 0.75562781 0
2 0.07375011 -0.25122678 1.03024065 2 0.10497127 0.07074407 0.75637317 0
2 0.07374606 -0.25117698 1.03031504 2 0.10533749 0.07094818 0.75757825 0
2 0.07384235 -0.25154132 1.03037703 2 0.10571766 0.07147925 0.75969893 0
2 0.07380828 -0.25200140 1.03059042 2 0.10694223 0.07224208 0.76027036 0
2 0.07341402 -0.25267515 1.03112125 2 0.10715657 0.07224208 0.76246977 0
2 0.07280993 -0.25341144 1.03177464 2 0.10750510 0.07224208 0.76477402 0
2 0.07182629 -0.25302094 1.03283095 2 0.10876007 0.07224208 0.76774800 0
2 0.07150009 -0.25393882 1.03320885 2 0.10876007 0.07224208 0.77304018 0
2 0.07118332 -0.25554422 1.03400290 2 0.10939106 0.07142860 0.79223549 0
2 0.07067839 -0.25665250 1.03483474 2 0.11021005 0.06960356 0.79149139 0
2 0.06989872 -0.25753877 1.03627026 2 0.11089331 0.06690878 0.82570368 0
2 0.06896642 -0.25848410 1.03738701 2 0.11167503 0.05642433 0.80834252 0
2 0.06837373 -0.25916386 1.03758717 2 0.11236136 0.03419964 0.81192458 0
2 0.06777363 -0.25980473 1.03789270 2 0.11367654 0.03238403 0.81634539 0
2 0.06741218 -0.26008728 1.03808820 2 0.11523897 -0.02044112 0.81916326 0
2 0.06714557 -0.26176921 1.03768516 2 0.14003494 -0.03510869 0.82871354 0
2 0.07536705 -0.27657288 1.03401649 2 0.14037807 -0.03885889 0.83017826 0
2 0.07445643 -0.27665764 1.03498840 2 0.14143327 -0.04222415 0.83022618 0
2 0.07324404 -0.27529341 1.03650486 2 0.14215241 -0.04616455 0.83237606 0
2 0.07245701 -0.27447328 1.03779006 2 0.14996924 -0.06149233 0.83562922 0
2 0.07236385 -0.27462825 1.03798962 2 0.15156806 -0.06149233 0.83608991 0
2 0.07010444 -0.29012838 1.03997362 2 0.15156806 -0.06149233 0.83149487 0
2 0.07074530 -0.29064929 1.03957033 2 0.15170498 -0.06249673 0.83900112 0
2 0.07075597 -0.28621480 1.04103589 2 0.15264206 -0.06249673 0.82589424 0
2 0.07056101 -0.28373477 1.04181111 2 0.15295711 -0.06149233 0.82533717 0
2 0.06935181 -0.28458294 1.04248488 2 0.15329632 -0.06116534 0.82556307 0
2 0.06844751 -0.28529629 1.04280913 2 0.16489595 -0.03143826 0.82531863 2
-999
