2 0.09001427 -0.25830594 0.91574067 2 0.13719094 -0.09844299 0.64500922 2
2 0.08996429 -0.25830489 0.91570032 2 0.13665512 -0.09772841 0.64506733 2
2 0.08995294 -0.25830019 0.91569442 2 0.13680016 -0.09754968 0.64704627 2
2 0.08993568 -0.25829473 0.91562551 2 0.13726309 -0.09696580 0.64535779 2
2 0.08993310 -0.25828040 0.91559076 2 0.13724478 -0.09579977 0.64741248 2
2 0.08993568 -0.25828028 0.91557097 2 0.13749211 -0.09533918 0.64759314 2
2 0.08993182 -0.25829861 0.91554713 2 0.13798399 -0.09565429 0.64750350 2
2 0.08992684 -0.25830704 0.91553468 2 0.13759156 -0.09623177 0.64751035 2
2 0.08986636 -0.25833321 0.91551852 2 0.13747744 -0.09718750 0.64746481 2
2 0.08974802 -0.25849113 0.91547531 2 0.13832986 -0.09905723 0.64641881 2
2 0.08962093 -0.25867891 0.91543174 2 0.13852759 -0.10272004 0.64562017 2
2 0.08941429 -0.25891134 0.91544139 2 0.13890468 -0.10864733 0.64602727 2
2 0.08897761 -0.25923938 0.91566360 2 0.14015281 -0.11947318 0.64694154 2
2 0.08813635 -0.25971904 0.91606820 2 0.14119169 -0.13275798 0.64870709 2
2 0.08749533 -0.25969651 0.91668218 2 0.14097308 -0.15196750 0.64911067 2
2 0.08677813 -0.25796407 0.91848934 2 0.14632900 -0.17659210 0.64972991 2
2 0.08633818 -0.25690654 0.91926885 2 0.14490815 -0.19747369 0.64931107 2
2 0.08626226 -0.25590637 0.92009592 2 0.14427994 -0.22494975 0.65503371 2
2 0.08634569 -0.25556678 0.92042196 2 0.14218917 -0.24734774 0.65778828 2
2 0.08661260 -0.25563452 0.92088628 2 0.14105657 -0.27660647 0.66413236 2
2 0.08702359 -0.25579742 0.92116809 2 0.13976932 -0.29371506 0.66514218 2
2 0.08798686 -0.25631896 0.92178696 2 0.14015144 -0.30661663 0.66876364 2
2 0.08913128 -0.25708473 0.92253798 2 0.14005284 -0.32223940 0.67106920 0
2 0.09003484 -0.25775912 0.92317843 2 0.12841697 -0.33518049 0.67464840 0
2 0.09072731 -0.25828421 0.92353553 2 0.14087757 -0.30234346 0.66083252 0
2 0.09128097 -0.25863707 0.92397231 2 0.12507987 -0.32796118 0.67188412 0
2 0.09154443 -0.25874147 0.92427361 2 0.10472551 -0.35084412 0.68014443 0
2 0.09191551 -0.25870922 0.92477435 2 0.09246434 -0.34806564 0.68129140 0
2 0.09216303 -0.25856969 0.92509937 2 0.07901476 -0.34184504 0.67854089 0
2 0.09280403 -0.25819179 0.92562503 2 0.08506180 -0.38099992 0.70157415 0
2 0.09350132 -0.25787702 0.92607373 2 0.03464593 -0.32728651 0.68098056 0
2 0.09394163 -0.25779602 0.92644072 2 0.00461170 -0.32248482 0.69039416 0
2 0.09400616 -0.25782260 0.92651206 2 -0.00611188 -0.32533848 0.68761593 1
2 0.09398486 -0.25801200 0.92652994 2 -0.01752423 -0.32157740 0.68524998 1
2 0.09381201 -0.25832632 0.92638427 2 -0.03361822 -0.31048244 0.68405616 1
2 0.09362681 -0.25857118 0.92630243 2 -0.04578028 -0.30338794 0.68510127 1
2 0.09333503 -0.25881413 0.92617506 2 -0.06269028 -0.27896512 0.68505311 2
2 0.09280540 -0.25915593 0.92591047 2 -0.07096595 -0.27865750 0.68479884 2
2 0.09243344 -0.25933722 0.92566711 2 -0.07762415 -0.27727416 0.68465590 2
2 0.09201934 -0.25948688 0.92541748 2 -0.08248208 -0.27728429 0.68542582 2
2 0.09156919 -0.25963944 0.92516005 2 -0.08615960 -0.27637413 0.68573505 0
2 0.09111683 -0.25981012 0.92490214 2 -0.08910262 -0.27766123 0.68636274 0
2 0.09060171 -0.25991321 0.92454416 2 -0.09102545 -0.27869415 0.68528068 2
2 0.09021625 -0.25993642 0.92432439 2 -0.09277551 -0.27891165 0.68547034 2
2 0.08986838 -0.25997776 0.92415977 2 -0.09429349 -0.27696648 0.68601769 0
2 0.08950780 -0.25996619 0.92400926 2 -0.09555544 -0.27624851 0.68748611 0
2 0.08910191 -0.25995544 0.92379022 2 -0.09582681 -0.27500069 0.68881488 2
2 0.08872541 -0.25988334 0.92346013 2 -0.09455599 -0.26834196 0.68809688 2
2 0.08851911 -0.25971347 0.92323357 2 -0.09733871 -0.24961446 0.69025838 2
2 0.08837970 -0.25917161 0.92263669 2 -0.09885615 -0.22026157 0.68304700 2
2 0.08862675 -0.25768939 0.92158705 2 -0.10099110 -0.18690258 0.67447054 1
2 0.08880439 -0.25539991 0.92060655 2 -0.10419606 -0.14856406 0.66844225 1
2 0.08901645 -0.25186414 0.91956031 2 -0.11146263 -0.10183883 0.66394222 0
2 0.09032258 -0.21776514 0.91913837 2 -0.11343238 -0.08301242 0.65967637 0
2 0.08992364 -0.21395713 0.91872448 2 -0.10368644 -0.09242041 0.64750308 0
2 0.08970602 -0.21103248 0.91910869 2 -0.11712325 -0.04434034 0.64988959 0
2 0.08933841 -0.20789209 0.91947883 2 -0.11843208 -0.03225848 0.64728040 2
2 0.08921999 -0.20521155 0.91996390 2 -0.11829828 -0.02508250 0.64542907 2
2 0.08923620 -0.20263545 0.92084539 2 -0.11943206 -0.01520577 0.64546621 0
2 0.08917286 -0.20070058 0.92133296 2 -0.11981285 -0.00857656 0.64479029 0
2 0.08934391 -0.20019569 0.92118192 2 -0.11909586 -0.00224493 0.64629877 2
2 0.08934625 -0.19970036 0.92102712 2 -0.11683317 0.00218933 0.64508712 2
2 0.08950157 -0.19934161 0.92103350 2 -0.11639597 0.00119881 0.64890468 0
2 0.08958393 -0.19908039 0.92100275 2 -0.11629665 -0.00176427 0.64974403 0
2 0.08957095 -0.19827740 0.92130172 2 -0.11459642 -0.00099013 0.65166265 0
2 0.09000841 -0.19801623 0.92156303 2 -0.10250704 0.00415008 0.64815104 0
2 0.09044640 -0.19755605 0.92213559 2 -0.09471796 0.00297993 0.64832729 2
2 0.08779266 -0.20281203 0.92191696 2 -0.07141633 0.00968010 0.63721442 2
2 0.08409411 -0.20939411 0.92145669 2 -0.04598904 -0.00396188 0.62655842 2
2 0.07995208 -0.21833715 0.91937256 2 -0.01962965 -0.00848327 0.62012053 2
2 0.07539669 -0.22789948 0.91735339 2 0.00969160 -0.00305299 0.61226803 0
2 0.06704544 -0.24428549 0.91240865 2 0.03488541 -0.01670977 0.60305107 0
2 0.06752136 -0.24421781 0.91218966 2 0.05988773 -0.02341588 0.59618104 2
1 0.06870801 -0.24369140 0.91240883 2 0.08583692 -0.02673350 0.58640265 2
2 0.07890863 -0.23431039 0.91413856 2 0.10622873 -0.02966729 0.57898432 2
2 0.08435851 -0.23111187 0.91521180 2 0.13174322 -0.03875016 0.57161069 2
2 0.10351770 -0.21461634 0.92206794 2 0.15182565 -0.03837699 0.56687689 0
2 0.10284419 -0.21445452 0.92254996 2 0.16669501 -0.04026873 0.56309396 0
2 0.10122906 -0.21544895 0.92253959 2 0.17897965 -0.04143571 0.55940843 0
2 0.10046583 -0.21591920 0.92263067 2 0.18567431 -0.04219601 0.55855417 0
-999
