2 0.14086041 -0.29874855 1.03148401 2 0.25365713 -0.07497073 0.84247303 3
2 0.14064468 -0.29882470 1.03124034 2 0.25599620 -0.07634109 0.84184831 3
2 0.14064229 -0.29888773 1.03107154 2 0.25963011 -0.07975683 0.84457356 3
2 0.14055300 -0.29899523 1.03106439 2 0.26304224 -0.08237099 0.84447891 3
2 0.14061640 -0.29909673 1.03119409 2 0.26565942 -0.08262204 0.84505570 3
2 0.14064145 -0.29928648 1.03120434 2 0.26657084 -0.08411994 0.84487158 3
2 0.14074315 -0.29940975 1.03122997 2 0.26974887 -0.09290098 0.84477562 3
2 0.14072713 -0.29960582 1.03118432 2 0.27175516 -0.09526997 0.84490621 3
2 0.14077429 -0.29982957 1.03114116 2 0.27342179 -0.09673560 0.84489828 3
2 0.14081469 -0.29998690 1.03119814 2 0.27465084 -0.09729733 0.84457248 3
2 0.14102510 -0.30023092 1.03120518 2 0.27637535 -0.09825337 0.84150499 3
2 0.14114627 -0.30052254 1.03131175 2 0.27882969 -0.09954150 0.84007567 3
2 0.14114805 -0.30070257 1.03143239 2 0.28134438 -0.10094966 0.83643842 3
2 0.14117719 -0.30093533 1.03173411 2 0.28134438 -0.10449579 0.83064854 3
2 0.14111261 -0.30114883 1.03206289 2 0.28134438 -0.11399551 0.82091540 3
2 0.14073247 -0.30160880 1.03243589 2 0.28134438 -0.11901905 0.86909306 3
2 0.14066529 -0.30209216 1.03275084 2 0.28134438 -0.12013493 0.79350543 3
2 0.14087087 -0.30271211 1.03284860 2 0.27739903 -0.12182069 0.78362167 3
2 0.14131051 -0.30406183 1.03275371 2 0.26355606 -0.12290823 0.77798933 3
2 0.14151694 -0.30435586 1.03254724 2 0.22154835 -0.12668371 0.78937644 3
2 0.14088261 -0.30382931 1.03296399 2 0.22011702 -0.13544911 0.78786916 3
2 0.14131279 -0.30333075 1.03354979 2 0.20787463 -0.14429149 0.78254944 3
1 0.14199403 -0.30337918 1.03407693 2 0.20073853 -0.14644107 0.77706516 3
1 0.14288516 -0.30243734 1.03483987 2 0.19825347 -0.20535730 0.77043664 3
1 0.14452365 -0.30143335 1.03560531 2 0.19662699 -0.21019630 0.79384017 3
1 0.14535043 -0.30112267 1.03597295 2 0.18700209 -0.21019630 0.77306163 3
1 0.14559859 -0.30105546 1.03617609 2 0.18693201 -0.21019630 0.77200460 3
1 0.14572912 -0.30106503 1.03627205 2 0.17677389 -0.21019630 0.77045113 3
1 0.14577474 -0.30125794 1.03642952 2 0.17234932 -0.21019630 0.76765317 3
1 0.14573200 -0.30122298 1.03666747 2 0.08288246 -0.12736212 0.76616919 3
1 0.14576618 -0.30119261 1.03673589 2 0.07715753 -0.12205765 0.76344514 3
1 0.14578454 -0.30096433 1.03676844 2 0.07416604 -0.11439802 0.76155233 3
1 0.14586116 -0.30072451 1.03688967 2 0.07416604 -0.10557677 0.75996643 3
1 0.14612041 -0.30051860 1.03704667 2 0.07416604 -0.10398396 0.76049471 3
1 0.14670330 -0.30009601 1.03733087 2 0.06791297 -0.09913662 0.73288894 3
1 0.14740500 -0.29950735 1.03760529 2 0.06791297 -0.09019571 0.76699686 3
1 0.17247678 -0.25517434 1.03406119 2 0.07416604 -0.08203679 0.76258647 3
1 0.17146549 -0.25693366 1.03450108 2 0.08364385 -0.07703259 0.75941801 3
1 0.17113684 -0.25733876 1.03445435 2 0.09339152 -0.07429174 0.76120108 3
2 0.14191313 -0.27449438 1.02383626 2 0.11709167 -0.05511114 0.76446307 3
2 0.13348326 -0.28069514 1.01876593 2 0.11831637 -0.03269039 0.77330589 3
2 0.13192284 -0.28200504 1.01745248 2 0.11931398 -0.02891533 0.77925521 3
2 0.13138497 -0.28206795 1.01714742 2 0.12588635 -0.02020682 0.78373510 3
2 0.13124654 -0.28206959 1.01717770 2 0.14201713 -0.01943696 0.79202110 3
2 0.13065161 -0.28237879 1.01715350 2 0.16080609 -0.01943696 0.80036008 3
2 0.12630318 -0.28614071 1.01675379 2 0.18443480 -0.01943696 0.80430996 3
2 0.12639612 -0.28608078 1.01678002 2 0.20467469 -0.01943696 0.80738407 3
2 0.12657075 -0.28592050 1.01693964 2 0.22248822 -0.01943696 0.80932730 3
2 0.12634410 -0.28578138 1.01708663 2 0.24235962 -0.03057613 0.81157118 3
2 0.12619004 -0.28569341 1.01721096 2 0.26056522 -0.03488165 0.81273592 3
2 0.12601849 -0.28561357 1.01749206 2 0.27233264 -0.03928801 0.81283021 3
2 0.12591431 -0.28556424 1.01753771 2 0.28175128 -0.04207523 0.81333578 3
2 0.12589261 -0.28548700 1.01755202 2 0.28812656 -0.04483054 0.81357944 3
2 0.12593390 -0.28543901 1.01776993 2 0.29171845 -0.04560450 0.81388479 3
2 0.12603579 -0.28516740 1.01808906 2 0.29405707 -0.04560450 0.81394672 3
2 0.12610923 -0.28484401 1.01846886 2 0.29477111 -0.04560450 0.81393594 0
2 0.12619016 -0.28469422 1.01861632 2 0.29477111 -0.04560450 0.81343025 0
2 0.12621447 -0.28445947 1.01891911 2 0.29477111 -0.04560450 0.81244284 2
-999
