2 0.11130063 -0.26020947 1.00625980 2 0.23433788 0.03427080 0.70629078 3
2 0.11132570 -0.26013619 1.00628531 2 0.23631036 0.03707145 0.70619065 3
2 0.11136158 -0.26003233 1.00631440 2 0.23618081 0.03838377 0.70500422 3
2 0.11140928 -0.25994152 1.00636506 2 0.23519656 0.03940675 0.70444214 3
2 0.11147007 -0.25959191 1.00628936 2 0.23267719 0.03934598 0.69865721 3
2 0.11150705 -0.25943112 1.00637043 2 0.23286884 0.04167986 0.70092261 3
2 0.11152075 -0.25912449 1.00637615 2 0.23165073 0.04320246 0.69694352 3
2 0.11153718 -0.25876442 1.00653136 2 0.23300977 0.04687978 0.69886279 3
2 0.11159141 -0.25858605 1.00667298 2 0.23548269 0.05130158 0.69953567 3
2 0.11158264 -0.25827205 1.00683653 2 0.23905328 0.05450999 0.69663811 3
2 0.11158983 -0.25799900 1.00697625 2 0.24558501 0.05811376 0.69554663 3
2 0.11159176 -0.25798509 1.00704885 2 0.25364968 0.06164186 0.69442385 3
2 0.11159551 -0.25808799 1.00707483 2 0.26399305 0.06238102 0.69335079 3
2 0.11177242 -0.25855079 1.00682485 2 0.27602482 0.05879088 0.68803751 3
2 0.11194124 -0.25900412 1.00685072 2 0.29060394 0.05229954 0.68749011 3
2 0.11173704 -0.25821206 1.00692689 2 0.30253986 0.04186377 0.68314326 3
2 0.11166658 -0.25829560 1.00690281 2 0.31915760 0.02620926 0.68117690 3
2 0.11084595 -0.25718424 1.00720012 2 0.33313394 0.01062646 0.67614591 3
2 0.10979977 -0.25606477 1.00750661 2 0.34873843 -0.02837821 0.68700302 3
2 0.10903403 -0.25541124 1.00747120 2 0.34877825 -0.03786844 0.67973548 0
2 0.10864048 -0.25504327 1.00739789 2 0.34729585 -0.05425353 0.67757928 0
2 0.10838684 -0.25473031 1.00742745 2 0.34059110 -0.06603718 0.67423356 3
2 0.10796133 -0.25422916 1.00735354 2 0.33146125 -0.07996803 0.67164886 3
2 0.10777341 -0.25403699 1.00736332 2 0.31992152 -0.09482054 0.67489320 3
2 0.10762692 -0.25373498 1.00733507 2 0.30519944 -0.10550969 0.67341751 3
2 0.10763185 -0.25362656 1.00734174 2 0.28790528 -0.11329297 0.67193097 3
2 0.10756070 -0.25343585 1.00727248 2 0.27136573 -0.11873642 0.67270756 3
2 0.10793837 -0.25523317 1.00738084 2 0.25416648 -0.11865170 0.67222917 3
2 0.10808456 -0.25613981 1.00757742 2 0.23924075 -0.11877217 0.67314208 3
2 0.10809233 -0.25663424 1.00783885 2 0.22230914 -0.11446213 0.67344630 3
2 0.10775737 -0.25677964 1.00837290 2 0.20588481 -0.10929823 0.67566925 3
2 0.10758549 -0.25668561 1.00888968 2 0.19078332 -0.10353932 0.67654103 3
2 0.10749967 -0.25630918 1.00917780 2 0.17765078 -0.09552977 0.67858529 3
2 0.10713542 -0.24814935 1.01041734 2 0.16819637 -0.08781730 0.68038368 3
1 0.09933166 -0.19216022 1.01754391 2 0.16245477 -0.07938336 0.68041575 3
1 0.10240161 -0.22127074 1.01831126 2 0.15298437 -0.06590106 0.68344408 3
1 0.09007494 -0.17702512 1.02573442 2 0.15302333 -0.05592198 0.68334889 3
1 0.10398573 -0.19451207 1.02384639 2 0.14774653 -0.03739125 0.68368709 3
1 0.10638924 -0.19600289 1.02384901 2 0.14831230 -0.02064970 0.68353546 3
2 0.18348080 -0.27909034 0.90889823 2 0.14471520 -0.00139290 0.68302590 3
2 0.13572453 -0.29721630 0.97354281 2 0.15088893 0.01728695 0.68181831 3
2 0.13575265 -0.29551160 0.97376376 2 0.15952997 0.02874361 0.68259609 3
2 0.14954224 -0.27542698 0.95840132 2 0.16375993 0.04594472 0.68358165 3
2 0.15002172 -0.27187949 0.95641363 2 0.17561492 0.05484507 0.68230087 1
2 0.13811943 -0.27183288 0.96732610 2 0.19062956 0.06307924 0.68156159 1
2 0.13345087 -0.27066505 0.97253269 2 0.19995147 0.07073681 0.68044490 1
2 0.13106823 -0.26988855 0.97569692 2 0.20875569 0.07221050 0.68046927 1
2 0.13162740 -0.26943448 0.97431970 2 0.21599485 0.07146887 0.68008494 1
2 0.13219880 -0.26909226 0.97380435 2 0.21934928 0.07034308 0.68062872 1
2 0.17627715 -0.27151027 0.92804354 2 0.21991496 0.06855513 0.67864412 3
2 0.14270703 -0.26727012 0.96443272 2 0.22141412 0.06688226 0.68036622 3
2 0.11700685 -0.26356125 0.99217600 2 0.22150689 0.06532680 0.67519844 1
2 0.11637915 -0.26363727 0.99359858 2 0.22165054 0.06445294 0.67591047 1
2 0.11726020 -0.26453701 0.99283749 2 0.22107174 0.06326034 0.67385525 1
2 0.11657140 -0.26397529 0.99405628 2 0.22079869 0.06234701 0.67211765 1
2 0.11705209 -0.26457307 0.99375975 2 0.22048628 0.06117897 0.67454720 1
2 0.11787688 -0.26486853 0.99314129 2 0.21952574 0.06113036 0.67396492 1
2 0.12193097 -0.26540080 0.98855090 2 0.21836604 0.06341069 0.67362893 3
2 0.12364325 -0.26558781 0.98689210 2 0.22114654 0.06273443 0.67911333 3
2 0.12302051 -0.26545081 0.98757285 1 0.21461774 0.06208175 0.66507053 0
2 0.12473874 -0.26580441 0.98575568 1 0.21418485 0.06414346 0.66463852 0
2 0.12507561 -0.26585189 0.98532522 1 0.21582907 0.06339820 0.66473681 0
2 0.12519443 -0.26594821 0.98501986 2 0.20127517 0.06120271 0.66819781 0
2 0.12538271 -0.26605392 0.98492008 2 0.20246361 0.06120574 0.66955751 2
-999
