1 0.23983219 -0.24052876 0.91109800 2 0.12253531 -0.01895941 0.68733865 3
1 0.23990397 -0.24075979 0.91115284 2 0.12110157 -0.01797378 0.68443775 3
1 0.23840636 -0.23493448 0.91015697 2 0.11934502 -0.01743964 0.68149227 3
1 0.23840505 -0.23492718 0.91014624 2 0.11671253 -0.01791721 0.67868620 3
1 0.23812792 -0.23401028 0.90990132 2 0.11471307 -0.01789731 0.67725527 3
1 0.23549695 -0.22694114 0.90873784 2 0.11241844 -0.01666783 0.67656571 3
1 0.23508373 -0.22595516 0.90846342 2 0.11099050 -0.01515803 0.67607212 3
1 0.23499198 -0.22511880 0.90818810 2 0.10920635 -0.01357753 0.67485863 3
1 0.23502293 -0.22509044 0.90816563 2 0.10745809 -0.01073099 0.67431307 3
1 0.23504835 -0.22504295 0.90815008 2 0.10577323 -0.00714058 0.67253143 3
1 0.23502703 -0.22477475 0.90810233 2 0.10452542 -0.00309542 0.67062646 3
1 0.23503833 -0.22460304 0.90811336 2 0.10406539 0.00116622 0.66965353 3
1 0.23510893 -0.22439224 0.90814930 2 0.10424594 0.00657963 0.66856873 3
1 0.23516873 -0.22422147 0.90821499 2 0.10283710 0.01228474 0.66748524 3
1 0.23520435 -0.22408642 0.90823013 2 0.10179888 0.01784500 0.66567230 3
1 0.23523408 -0.22392355 0.90830332 2 0.10310515 0.02371398 0.67024589 3
1 0.23528752 -0.22378220 0.90829509 2 0.10317697 0.02971406 0.66891354 3
1 0.23535457 -0.22362401 0.90829003 2 0.10256430 0.03923426 0.66859657 3
1 0.23536906 -0.22345813 0.90836740 2 0.10459349 0.04508188 0.66896552 3
2 0.21337396 -0.20350079 0.89774430 2 0.10572488 0.05280625 0.66788197 3
2 0.20057213 -0.19124456 0.89193946 2 0.10645811 0.06345318 0.66718924 3
2 0.19844529 -0.18908009 0.89059025 2 0.10863250 0.06999246 0.66732872 3
2 0.19781786 -0.18988919 0.89014310 2 0.11124895 0.07682668 0.66955602 3
2 0.19784561 -0.19048858 0.89006740 2 0.11428898 0.08312240 0.67189604 3
2 0.19807389 -0.19086464 0.89008760 2 0.11723723 0.09164067 0.67716253 3
2 0.19941708 -0.18940005 0.88834149 2 0.12205593 0.09647576 0.67684001 3
2 0.18973480 -0.19262576 0.90137160 2 0.12637576 0.10159212 0.67874354 3
2 0.16516072 -0.19095109 0.92592287 2 0.13235785 0.10762198 0.68352544 3
2 0.16426425 -0.21997194 0.93889219 2 0.13888028 0.11037313 0.68449944 3
2 0.15859418 -0.23125198 0.94931036 2 0.14475384 0.11337061 0.68517071 3
2 0.15835790 -0.23264958 0.95054561 2 0.14896530 0.12240296 0.68506479 3
2 0.15838760 -0.23304573 0.95083064 2 0.16007449 0.11825961 0.68816894 3
2 0.15852329 -0.23307686 0.95083421 2 0.16578053 0.12444711 0.68622339 3
2 0.15856284 -0.23308399 0.95097506 2 0.17545713 0.12022304 0.68784606 3
2 0.15826796 -0.23332149 0.95193237 2 0.18338951 0.12340385 0.69107240 3
2 0.15810177 -0.23380834 0.95265287 2 0.19181988 0.11684587 0.69241446 3
2 0.15771984 -0.23427284 0.95387375 2 0.19579814 0.12081883 0.69054717 3
2 0.15729566 -0.23473936 0.95538771 2 0.20449983 0.11096373 0.69254315 3
2 0.15679322 -0.23556432 0.95713806 2 0.20991027 0.10540526 0.69363552 3
2 0.15408941 -0.23976274 0.96531767 2 0.21407466 0.09893293 0.69108564 3
2 0.15216237 -0.24237463 0.97053480 2 0.21642558 0.09287908 0.69273835 3
2 0.15102629 -0.24377279 0.97365689 2 0.21948643 0.08374276 0.68950105 3
2 0.15059857 -0.24455518 0.97508162 2 0.22056319 0.07490949 0.68592495 3
2 0.14982511 -0.24533205 0.97665596 2 0.22169489 0.06639070 0.68132305 3
2 0.14865546 -0.24625009 0.97907192 2 0.22309691 0.05822707 0.68263817 3
2 0.14289474 -0.24383022 0.99018651 2 0.22149888 0.04897087 0.67496014 3
2 0.14160699 -0.24304403 0.99383444 2 0.21990672 0.03999800 0.67239004 3
2 0.14180438 -0.24416834 0.99480581 2 0.21839075 0.03045995 0.66933542 3
2 0.14804068 -0.24757764 0.99034393 2 0.21528152 0.02250022 0.66803747 3
2 0.15057415 -0.24941668 0.98844379 2 0.20908037 0.01443416 0.66590720 3
2 0.15204349 -0.25072372 0.98728776 2 0.20279820 0.00757515 0.66390634 3
2 0.15255389 -0.25161421 0.98711967 2 0.19799903 0.00152833 0.66322988 3
2 0.15232424 -0.25109124 0.98720753 2 0.18971664 -0.00373030 0.66250783 3
2 0.15221103 -0.25086269 0.98729533 2 0.18199220 -0.00805694 0.66060072 3
2 0.15217514 -0.25182146 0.98736739 2 0.17498380 -0.01132718 0.66016024 3
2 0.15212846 -0.25269771 0.98745811 2 0.16779974 -0.01322192 0.65948045 3
2 0.14954785 -0.25504711 0.99100399 2 0.16086634 -0.01279760 0.65631241 3
1 0.14982361 -0.25488478 0.99086851 2 0.15426366 -0.01156469 0.65386629 3
2 0.17804357 -0.25898722 0.94785821 2 0.14655326 -0.00915835 0.65395957 3
1 0.18854907 -0.26252362 0.93963301 2 0.13939619 -0.00666459 0.64766955 3
1 0.19673818 -0.26447350 0.92882121 2 0.13362186 -0.00440511 0.64399576 3
1 0.24793665 -0.13146585 0.88928676 2 0.12731993 -0.00180525 0.64248520 3
1 0.24782339 -0.13161924 0.88922650 2 0.12076613 0.00145439 0.63944310 3
1 0.24786128 -0.13158821 0.88920879 2 0.11341354 0.00524456 0.63685894 3
1 0.24785915 -0.13158868 0.88919449 2 0.10766176 0.00808703 0.63648802 3
1 0.24785185 -0.13158573 0.88918501 2 0.10204745 0.01119256 0.63674831 3
1 0.24781880 -0.13154066 0.88911229 2 0.09811247 0.01352390 0.63659751 3
1 0.24783091 -0.13155045 0.88910544 2 0.09581865 0.01671990 0.63769078 3
1 0.24782525 -0.13153160 0.88909894 2 0.09429093 0.01961553 0.63669914 3
1 0.24784334 -0.13149105 0.88909692 2 0.09400482 0.02415591 0.64024359 3
1 0.24787946 -0.13140751 0.88908935 2 0.09620576 0.02872604 0.63964373 3
1 0.24792077 -0.13130693 0.88918835 2 0.09858215 0.03445037 0.64125919 3
2 0.23354539 -0.14291723 0.85406595 2 0.10150474 0.03866517 0.64343309 3
2 0.22796221 -0.14604659 0.83944815 2 0.10568868 0.04315850 0.64526969 3
2 0.23974390 -0.13456537 0.80527508 2 0.11242083 0.04611505 0.64727265 3
2 0.25480732 -0.12319358 0.75470638 2 0.11950014 0.04806099 0.64767224 3
2 0.25477815 -0.12316396 0.75460529 2 0.12435945 0.05213422 0.64916211 3
2 0.25486571 -0.12313715 0.75458097 2 0.13085037 0.05425600 0.64883500 3
2 0.25519061 -0.12302202 0.75448447 2 0.13678175 0.05502689 0.64943933 3
2 0.25580531 -0.12295142 0.75444317 2 0.14173844 0.05652685 0.64996064 3
2 0.25696236 -0.12285662 0.75460601 2 0.14757890 0.05676197 0.65215921 3
2 0.25779307 -0.12209629 0.75367820 2 0.15174384 0.05595712 0.64996606 3
2 0.25866643 -0.12174819 0.75302762 2 0.15554778 0.05491911 0.65028650 3
2 0.15737167 -0.26458913 0.96521294 2 0.15865877 0.05461575 0.64874035 3
2 0.15736614 -0.26459113 0.96523154 2 0.16251950 0.05330841 0.64849687 3
2 0.15550163 -0.26150239 0.97108603 2 0.16784130 0.05073125 0.64614147 3
2 0.15440889 -0.26024920 0.97367513 2 0.17042610 0.05063839 0.64534283 3
2 0.15367700 -0.25926283 0.97541201 2 0.17327511 0.04939353 0.64549506 3
2 0.15259071 -0.25861421 0.97793365 2 0.17661981 0.04948620 0.64642304 3
2 0.15223317 -0.25815719 0.97873729 2 0.17805201 0.04830284 0.64505202 3
2 0.15188101 -0.25785989 0.97937542 2 0.17877029 0.04749342 0.64356172 3
2 0.15174791 -0.25766560 0.97954893 2 0.17917527 0.04729719 0.64265549 3
2 0.15172169 -0.25754103 0.97976714 2 0.17890844 0.04715375 0.64396393 3
2 0.15164807 -0.25737381 0.98003685 2 0.17857563 0.04842830 0.64593053 3
2 0.15162057 -0.25739363 0.98026091 2 0.17733572 0.05053771 0.64509517 3
2 0.15158376 -0.25722978 0.98061514 2 0.17862226 0.05361222 0.64791191 2
-999
