2 0.17718655 -0.30274901 0.96482611 2 0.10509357 0.06702085 0.70221281 3
2 0.17718655 -0.30274901 0.96482611 2 0.10038979 0.03008940 0.70221281 3
2 0.17981347 -0.30034435 0.96262527 2 0.12131315 0.06222885 0.70967001 3
2 0.17981347 -0.30034435 0.96262527 2 0.10038979 0.03837821 0.70967001 3
2 0.18004207 -0.30004901 0.96182048 2 0.12633169 0.07118013 0.71188140 3
2 0.18004207 -0.30004901 0.96182048 2 0.10038979 0.04650634 0.71188140 3
2 0.18036623 -0.29985186 0.96071643 2 0.13329463 0.07831264 0.71201670 3
2 0.18036623 -0.29985186 0.96071643 2 0.10038979 0.05643025 0.71201670 3
2 0.17897268 -0.29775441 0.95863605 2 0.14120345 0.08542530 0.71535110 3
2 0.17897268 -0.29775441 0.95863605 2 0.10509357 0.06222885 0.71535110 3
2 0.17916250 -0.29791433 0.95860583 2 0.14837748 0.09069421 0.71351403 3
2 0.17916250 -0.29791433 0.95860583 2 0.12131315 0.06702085 0.71351403 3
2 0.17937705 -0.29809374 0.95874548 2 0.15689769 0.09501865 0.71616507 3
2 0.17937705 -0.29809374 0.95874548 2 0.12633169 0.07118013 0.71616507 3
2 0.17958176 -0.29884031 0.95947009 2 0.16560508 0.09709989 0.71628904 3
2 0.17958176 -0.29884031 0.95947009 2 0.13329463 0.07831264 0.71628904 3
2 0.17970760 -0.29982111 0.96020675 2 0.17328668 0.09876472 0.71545279 3
2 0.17970760 -0.29982111 0.96020675 2 0.14120345 0.08542530 0.71545279 3
2 0.17975436 -0.30175349 0.96135116 2 0.18298151 0.09739396 0.71285069 3
2 0.17975436 -0.30175349 0.96135116 2 0.14837748 0.09069421 0.71285069 3
2 0.17986549 -0.30325413 0.96198237 2 0.18995723 0.09585106 0.71032709 3
2 0.17986549 -0.30325413 0.96198237 2 0.15689769 0.09501865 0.71032709 3
2 0.18009926 -0.30374968 0.96209764 2 0.19885829 0.09167740 0.70949423 3
2 0.18009926 -0.30374968 0.96209764 2 0.16560508 0.09501865 0.70949423 3
2 0.18053046 -0.30481538 0.96273518 2 0.20697135 0.08779724 0.70948583 3
2 0.18053046 -0.30481538 0.96273518 2 0.17328668 0.09501865 0.70948583 3
2 0.18055856 -0.30555496 0.96345997 2 0.21655586 0.08193007 0.70727623 3
2 0.18055856 -0.30555496 0.96345997 2 0.18298151 0.09501865 0.70727623 3
2 0.17656223 -0.30587539 0.96853536 2 0.22379883 0.07677238 0.70403773 3
2 0.17656223 -0.30587539 0.96853536 2 0.18995723 0.09501865 0.70403773 3
2 0.17419502 -0.30646104 0.97056526 2 0.23008035 0.06766307 0.70225632 3
2 0.17419502 -0.30646104 0.97056526 2 0.19885829 0.09167740 0.70225632 3
2 0.17472947 -0.30656728 0.97047138 2 0.23542286 0.06054242 0.70183545 3
2 0.17472947 -0.30656728 0.97047138 2 0.20697135 0.08779724 0.70183545 3
2 0.19024613 -0.30558008 0.95270526 2 0.23772824 0.05119178 0.70302910 3
2 0.19024613 -0.30558008 0.95270526 2 0.21655586 0.08193007 0.70302910 3
2 0.18615852 -0.30699313 0.95932269 2 0.23997232 0.03878219 0.69874269 3
2 0.18615852 -0.30699313 0.95932269 2 0.22379883 0.07677238 0.69874269 3
2 0.17441633 -0.31155455 0.96059573 2 0.23945868 0.02679298 0.69939137 3
2 0.17441633 -0.31155455 0.96059573 2 0.23008035 0.06766307 0.69939137 3
2 0.17220324 -0.31259415 0.96254164 2 0.23736936 0.01605902 0.69495583 3
2 0.17220324 -0.31259415 0.96254164 2 0.23542286 0.06054242 0.69495583 3
2 0.17145406 -0.31318125 0.96329880 2 0.23498517 0.00546351 0.69648808 3
2 0.17145406 -0.31318125 0.96329880 2 0.23542286 0.05119178 0.69648808 3
2 0.17083520 -0.31351531 0.96362674 2 0.23074396 -0.00271276 0.69107115 3
2 0.17083520 -0.31351531 0.96362674 2 0.23542286 0.03878219 0.69107115 3
2 0.17040022 -0.31392714 0.96388865 2 0.22753713 -0.00959526 0.68809897 3
2 0.17040022 -0.31392714 0.96388865 2 0.23542286 0.02679298 0.68809897 3
2 0.17009978 -0.31423295 0.96413839 2 0.22108875 -0.01454340 0.69114035 3
2 0.17009978 -0.31423295 0.96413839 2 0.23542286 0.01605902 0.69114035 3
2 0.16983238 -0.31450728 0.96412152 2 0.21432303 -0.01729003 0.68739218 3
2 0.16983238 -0.31450728 0.96412152 2 0.23498517 0.00546351 0.68739218 3
2 0.16962051 -0.31483689 0.96425891 2 0.20880194 -0.01862210 0.68692195 3
2 0.16962051 -0.31483689 0.96425891 2 0.23074396 -0.00271276 0.68692195 3
2 0.16938357 -0.31503072 0.96415466 2 0.19886670 -0.01876291 0.68380356 3
2 0.16938357 -0.31503072 0.96415466 2 0.22753713 -0.00959526 0.68380356 3
2 0.16920812 -0.31514373 0.96408987 2 0.19066700 -0.01813715 0.68505359 3
2 0.16920812 -0.31514373 0.96408987 2 0.22108875 -0.01454340 0.68505359 3
2 0.16915828 -0.31512478 0.96405393 2 0.18139781 -0.01665918 0.68379503 3
2 0.16915828 -0.31512478 0.96405393 2 0.21432303 -0.01665918 0.68379503 3
2 0.18526164 -0.30227315 0.96922410 2 0.17249519 -0.01488015 0.68552965 3
2 0.18526164 -0.30227315 0.96922410 2 0.20880194 -0.01665918 0.68552965 3
2 0.17844439 -0.30567971 0.96777683 2 0.16471998 -0.01098766 0.68401223 3
2 0.17844439 -0.30567971 0.96777683 2 0.19886670 -0.01665918 0.68401223 3
2 0.17472568 -0.30698192 0.96678644 2 0.15825793 -0.00804321 0.68224949 3
2 0.17472568 -0.30698192 0.96678644 2 0.19066700 -0.01665918 0.68224949 3
2 0.17171131 -0.30791065 0.96615106 2 0.15261273 -0.00440106 0.68233615 3
2 0.17171131 -0.30791065 0.96615106 2 0.18139781 -0.01665918 0.68233615 3
1 0.17518526 -0.27442187 0.95511627 2 0.14326665 0.00033802 0.68002307 3
1 0.17518526 -0.27442187 0.95511627 2 0.17249519 -0.01488015 0.68002307 3
1 0.16882168 -0.28986999 0.95838165 2 0.13920230 0.00561783 0.68299150 3
1 0.16882168 -0.28986999 0.95838165 2 0.16471998 -0.01098766 0.68299150 3
2 0.16886391 -0.29173169 0.96083337 2 0.13542560 0.01043769 0.68320620 3
2 0.16886391 -0.29173169 0.96083337 2 0.15825793 -0.00804321 0.68320620 3
2 0.16849726 -0.29299819 0.96119601 2 0.13294382 0.01544584 0.68234652 3
2 0.16849726 -0.29299819 0.96119601 2 0.15261273 -0.00440106 0.68234652 3
2 0.16828352 -0.29371420 0.96136284 2 0.12969920 0.02017234 0.68301755 3
2 0.16828352 -0.29371420 0.96136284 2 0.14326665 0.00033802 0.68301755 3
2 0.16881563 -0.29383972 0.96152359 2 0.12915784 0.02616911 0.68331325 3
2 0.16881563 -0.29383972 0.96152359 2 0.13920230 0.00561783 0.68331325 3
2 0.19774719 -0.27937302 0.92698181 2 0.12919417 0.03161654 0.68354464 3
2 0.19774719 -0.27937302 0.92698181 2 0.13542560 0.01043769 0.68354464 3
1 0.19775981 -0.27939206 0.92700183 2 0.13030705 0.03723972 0.68575716 3
1 0.19775981 -0.27939206 0.92700183 2 0.13294382 0.01544584 0.68575716 3
1 0.19775023 -0.27950829 0.92702228 2 0.13176480 0.04303386 0.68683505 3
1 0.19775023 -0.27950829 0.92702228 2 0.13176480 0.02017234 0.68683505 3
1 0.19771671 -0.28005886 0.92718351 2 0.13584058 0.04902811 0.68813682 3
1 0.19771671 -0.28005886 0.92718351 2 0.13176480 0.02616911 0.68813682 3
2 0.20239857 -0.26865125 0.91350120 2 0.13925661 0.05376866 0.68635517 3
2 0.20239857 -0.26865125 0.91350120 2 0.13176480 0.03161654 0.68635517 3
2 0.20584498 -0.26117867 0.90496981 2 0.14474073 0.05934367 0.68752450 3
2 0.20584498 -0.26117867 0.90496981 2 0.13176480 0.03723972 0.68752450 3
2 0.20960705 -0.25321093 0.89488137 2 0.14940770 0.06335796 0.68739438 3
2 0.20960705 -0.25321093 0.89488137 2 0.13176480 0.04303386 0.68739438 3
2 0.21695499 -0.25665927 0.88955086 2 0.15440831 0.06751069 0.68683070 3
2 0.21695499 -0.25665927 0.88955086 2 0.13584058 0.04902811 0.68683070 3
2 0.20394695 -0.24866939 0.90712762 2 0.15940298 0.07077658 0.68654531 3
2 0.20394695 -0.24866939 0.90712762 2 0.13925661 0.05376866 0.68654531 3
2 0.19633040 -0.24542727 0.92183501 2 0.16480820 0.07349762 0.68773752 3
2 0.19633040 -0.24542727 0.92183501 2 0.14474073 0.05934367 0.68773752 3
2 0.19584043 -0.24508592 0.92246181 2 0.17089407 0.07564102 0.68605196 3
2 0.19584043 -0.24508592 0.92246181 2 0.14940770 0.06335796 0.68605196 3
2 0.19554120 -0.24479513 0.92296314 2 0.17529552 0.07591110 0.68647021 3
2 0.19554120 -0.24479513 0.92296314 2 0.15440831 0.06751069 0.68647021 3
2 0.19542596 -0.24462941 0.92303401 2 0.17958942 0.07717879 0.68401617 3
2 0.19542596 -0.24462941 0.92303401 2 0.15940298 0.07077658 0.68401617 3
2 0.19533201 -0.24428624 0.92320037 2 0.18258314 0.07795060 0.68470585 3
2 0.19533201 -0.24428624 0.92320037 2 0.16480820 0.07349762 0.68470585 3
2 0.18463591 -0.26030901 0.94052088 2 0.18516994 0.07640965 0.68502879 3
2 0.18463591 -0.26030901 0.94052088 2 0.17089407 0.07564102 0.68502879 3
2 0.17690337 -0.27076167 0.95334017 2 0.18524320 0.07673941 0.68392938 3
2 0.17690337 -0.27076167 0.95334017 2 0.17529552 0.07591110 0.68392938 3
2 0.17565060 -0.27269113 0.95580119 2 0.18653296 0.07579713 0.68588763 3
2 0.17565060 -0.27269113 0.95580119 2 0.17958942 0.07591110 0.68588763 3
2 0.17493188 -0.27341425 0.95657682 2 0.18434204 0.07471552 0.68156672 3
2 0.17493188 -0.27341425 0.95657682 2 0.18258314 0.07591110 0.68156672 3
2 0.17440613 -0.27417329 0.95751542 2 0.18456592 0.07462120 0.68455106 3
2 0.17440613 -0.27417329 0.95751542 2 0.18434204 0.07591110 0.68455106 3
2 0.17414737 -0.27450064 0.95805633 2 0.18365379 0.07476364 0.68569881 3
2 0.17414737 -0.27450064 0.95805633 2 0.18434204 0.07591110 0.68569881 3
2 0.18133511 -0.26339841 0.94829375 2 0.18043001 0.07842635 0.69029063 3
2 0.18133511 -0.26339841 0.94829375 2 0.18434204 0.07640965 0.69029063 3
2 0.18366700 -0.26063561 0.94431055 2 0.17987280 0.08162316 0.69677067 2
2 0.18366700 -0.26063561 0.94431055 2 0.18434204 0.07640965 0.69677067 2
-999
