2 0.14926518 -0.26298952 0.94425118 2 0.23432715 -0.09367909 0.69734442 2
2 0.14926942 -0.26349348 0.94220936 2 0.23425291 -0.09365008 0.69723660 2
2 0.14919940 -0.26366478 0.94165355 2 0.23423930 -0.09364891 0.69722140 2
2 0.14927140 -0.26402283 0.94084775 2 0.23421539 -0.09371037 0.69722861 2
2 0.14936829 -0.26418296 0.94034523 2 0.23418339 -0.09377638 0.69723243 2
2 0.14876151 -0.26295945 0.94425917 2 0.23414335 -0.09385620 0.69736737 2
2 0.14899006 -0.26353753 0.94293743 2 0.23388711 -0.09353259 0.69743937 2
2 0.14910299 -0.26370949 0.94207358 2 0.23385945 -0.09350332 0.69746929 2
2 0.14909972 -0.26395175 0.94157362 2 0.23385268 -0.09346387 0.69761139 2
2 0.14919119 -0.26414987 0.94115490 2 0.23386595 -0.09347193 0.69773424 2
2 0.14864412 -0.26272070 0.94450742 2 0.23387270 -0.09348055 0.69789511 2
2 0.14913125 -0.26330826 0.94286686 2 0.23387346 -0.09352229 0.69812351 2
2 0.14907573 -0.26352504 0.94209254 2 0.23389177 -0.09347647 0.69824570 2
2 0.14911181 -0.26373121 0.94157124 2 0.23388864 -0.09343237 0.69835323 2
2 0.14908998 -0.26398280 0.94084412 2 0.23390919 -0.09342176 0.69840765 2
2 0.14905505 -0.26429570 0.94014108 2 0.23388982 -0.09341028 0.69846880 2
2 0.14825672 -0.26305288 0.94374931 2 0.23376654 -0.09198296 0.69857210 2
2 0.14793567 -0.26222897 0.94582522 2 0.23379330 -0.09199692 0.69864327 2
2 0.14839898 -0.26277348 0.94401532 2 0.23384984 -0.09199823 0.69868857 2
2 0.14881465 -0.26331860 0.94247282 2 0.23387425 -0.09199329 0.69869936 2
2 0.14909209 -0.26368177 0.94142753 2 0.23391557 -0.09199254 0.69887382 2
2 0.14844440 -0.26259506 0.94441193 2 0.23394878 -0.09197098 0.69884920 2
2 0.14835559 -0.26304898 0.94322801 2 0.23398487 -0.09196353 0.69884098 2
2 0.14872101 -0.26357192 0.94175404 2 0.23400706 -0.09196770 0.69882035 2
2 0.14878497 -0.26385763 0.94065332 2 0.23400663 -0.09193177 0.69878584 2
2 0.14850438 -0.26289192 0.94363922 2 0.23400530 -0.09192768 0.69877362 2
2 0.14900249 -0.26337484 0.94199157 2 0.23416205 -0.09256934 0.69883394 2
2 0.14845665 -0.26360953 0.94057775 2 0.23460735 -0.09406386 0.69892758 2
2 0.14791492 -0.26222998 0.94369984 2 0.23529691 -0.09588221 0.69950110 2
2 0.14834139 -0.26251104 0.94110388 2 0.23885733 -0.10580966 0.70530212 3
2 0.14862813 -0.26262808 0.94024527 2 0.23985958 -0.10843546 0.70705658 3
2 0.14830442 -0.26140359 0.94340932 2 0.24057543 -0.11025437 0.70825958 3
2 0.14891705 -0.26197326 0.94139874 2 0.23966098 -0.10837664 0.70692372 3
2 0.14847603 -0.26123962 0.94371015 2 0.24041824 -0.11151045 0.70771104 3
2 0.14906040 -0.26206905 0.94092065 2 0.24049531 -0.11281133 0.70742500 3
2 0.14878842 -0.26130471 0.94370967 2 0.24096780 -0.11469914 0.70805687 3
2 0.14892106 -0.26199526 0.94193286 2 0.24114959 -0.11541377 0.70799083 3
2 0.14903110 -0.26263216 0.94070333 2 0.24130225 -0.11585586 0.70812398 3
2 0.14863524 -0.26186803 0.94334167 2 0.24158421 -0.11650484 0.70841372 3
2 0.14920135 -0.26266196 0.94156861 2 0.24167722 -0.11671413 0.70851958 3
2 0.14938280 -0.26308417 0.94059575 2 0.24138217 -0.11586644 0.70805079 3
2 0.14905238 -0.26215336 0.94317102 2 0.24177922 -0.11663242 0.70844853 3
2 0.14891361 -0.26158088 0.94467223 2 0.24157406 -0.11594526 0.70802164 3
2 0.14960435 -0.26248348 0.94234204 2 0.24129614 -0.11524866 0.70765746 3
2 0.14938545 -0.26180577 0.94405299 2 0.24173594 -0.11618232 0.70797372 3
2 0.14984018 -0.26285878 0.94155777 2 0.24187960 -0.11658277 0.70814741 3
2 0.14942490 -0.26216611 0.94383639 2 0.24172021 -0.11607762 0.70781720 3
2 0.15022415 -0.26310068 0.94156331 2 0.24202649 -0.11673614 0.70793736 3
2 0.14983210 -0.26229149 0.94384390 2 0.24182878 -0.11610014 0.70753068 3
2 0.14988908 -0.26300827 0.94109863 2 0.24193282 -0.11633243 0.70744109 3
2 0.14951746 -0.26222521 0.94334227 2 0.24225239 -0.11689480 0.70759356 3
2 0.14937621 -0.26172394 0.94470000 2 0.24251962 -0.11748166 0.70785350 3
2 0.14995524 -0.26243135 0.94252992 2 0.24256881 -0.11742527 0.70774353 3
2 0.15040447 -0.26296946 0.94083267 2 0.24257475 -0.11733264 0.70759529 3
2 0.15064757 -0.26321223 0.93960249 2 0.24268791 -0.11747628 0.70748276 3
2 0.15009403 -0.26216647 0.94251108 2 0.24270435 -0.11730385 0.70727235 3
2 0.14974391 -0.26157281 0.94414628 2 0.24282128 -0.11756041 0.70740229 3
2 0.15038249 -0.26222968 0.94213718 2 0.24288760 -0.11770122 0.70741379 3
2 0.15078808 -0.26283684 0.94052303 2 0.24290214 -0.11771709 0.70738769 3
2 0.15102676 -0.26329526 0.93955600 2 0.24289052 -0.11767846 0.70734292 3
-999
