2 0.17527166 -0.26285779 1.00012720 2 0.39723760 0.09612015 0.80979258 3
2 0.17524815 -0.26284418 1.00005662 2 0.38370910 0.09687167 0.80618519 3
2 0.17530228 -0.26256454 0.99992150 2 0.35696748 0.07318818 0.80890548 3
2 0.17527196 -0.26245612 0.99989253 2 0.32831275 0.08090820 0.81116509 3
2 0.17531614 -0.26241285 0.99981040 2 0.29491833 0.08546112 0.81102341 3
2 0.17768136 -0.26022533 0.99811304 2 0.25992462 0.09885560 0.80329990 3
2 0.17857300 -0.25956610 0.99735332 2 0.23191294 0.09256323 0.79786539 3
2 0.17692620 -0.25908852 0.98913503 2 0.20952837 0.07758418 0.79899210 3
2 0.17623883 -0.25964728 0.99027026 2 0.18884940 0.06064111 0.80057245 3
2 0.17580238 -0.25763294 0.99626023 2 0.17776015 0.04135805 0.79698628 3
2 0.17624164 -0.25638211 0.99852276 2 0.16459396 0.02465333 0.79143810 3
2 0.17700198 -0.25590527 0.99853283 2 0.15360013 0.00672309 0.78571147 3
2 0.17754501 -0.25644788 0.99862337 2 0.15524089 -0.02202532 0.78414518 3
2 0.17811996 -0.25781983 0.99876976 2 0.15000015 -0.04694726 0.77970862 3
2 0.17679103 -0.25868502 0.99895149 2 0.14828458 -0.07297384 0.77517116 3
2 0.17649347 -0.25814250 0.99916595 2 0.15342499 -0.10633479 0.77325100 3
2 0.17731985 -0.25930431 0.99903655 2 0.15158615 -0.13599065 0.76885849 3
2 0.15764183 -0.29955754 0.96741104 2 0.16134481 -0.17140596 0.76646042 3
2 0.15925696 -0.30172819 0.96715498 2 0.16853070 -0.20292398 0.76164764 3
2 0.15578660 -0.29881299 0.96807599 2 0.17952240 -0.23277158 0.75249541 3
2 0.15551166 -0.29786938 0.96896553 2 0.19518615 -0.25965953 0.74765271 3
2 0.15543625 -0.29729557 0.96995533 2 0.21539639 -0.28491032 0.74364948 0
2 0.15549375 -0.29716954 0.97076094 2 0.24267739 -0.31754476 0.74929839 0
2 0.15524651 -0.29720056 0.97130966 2 0.23144871 -0.32547128 0.72737199 0
2 0.15491408 -0.29730716 0.97231704 2 0.29724196 -0.34917158 0.75213599 0
2 0.15460011 -0.29750794 0.97332370 2 0.32997781 -0.36377448 0.75993526 0
2 0.15429430 -0.29770458 0.97475123 2 0.36497101 -0.37431958 0.77034545 0
2 0.15411198 -0.29781902 0.97542572 2 0.39786294 -0.39739272 0.79961759 0
2 0.15399192 -0.29784924 0.97576892 2 0.41980097 -0.40610787 0.82864439 0
2 0.15384978 -0.29794666 0.97648019 2 0.44901055 -0.40315789 0.85102570 0
2 0.15378393 -0.29798612 0.97724098 2 0.47816232 -0.38863799 0.85795039 0
2 0.15380114 -0.29798910 0.97777152 2 0.49407548 -0.37888253 0.88056117 0
2 0.15404490 -0.29795793 0.97854638 2 0.52753979 -0.34560090 0.87993068 0
2 0.15461215 -0.29766577 0.98002124 2 0.54606724 -0.32645145 0.89745158 0
2 0.15561292 -0.29754373 0.98176646 2 0.55919641 -0.30965430 0.91780680 0
2 0.15641986 -0.29692218 0.98328125 2 0.57276386 -0.28225026 0.93153930 0
2 0.15750523 -0.29622218 0.98534381 2 0.56945920 -0.27204743 0.95247376 0
2 0.16155671 -0.29379642 0.99540192 2 0.59237427 -0.23369561 0.96194881 0
2 0.16411477 -0.29273051 0.99914485 2 0.59412593 -0.20949198 0.97111988 0
2 0.16766918 -0.29160115 1.00244021 2 0.60021305 -0.17096771 0.97751403 0
2 0.17067753 -0.29013178 1.00460017 2 0.60752243 -0.13271333 0.98139793 0
2 0.17078036 -0.29013130 1.00458431 2 0.61163181 -0.08874569 0.98465085 0
2 0.17079842 -0.29005998 1.00452256 2 0.58400702 -0.07528798 0.98894507 0
2 0.18782833 -0.27950698 1.01637864 2 0.58677697 -0.03425879 0.98845100 0
2 0.21613613 -0.25231841 1.03591800 2 0.58317369 0.01271309 0.98349887 0
2 0.21648009 -0.25163102 1.03625536 2 0.56592125 0.03745267 0.98048151 3
2 0.21657334 -0.25131872 1.03622484 2 0.54297525 0.05579568 0.97373676 3
2 0.21676779 -0.25090104 1.03612077 2 0.52349937 0.08180463 0.96588290 3
2 0.21709093 -0.25026044 1.03600466 2 0.50164956 0.10387617 0.95743942 3
2 0.21712404 -0.24971484 1.03552032 2 0.47646192 0.11858555 0.94566637 3
2 0.21700989 -0.24924056 1.03543806 2 0.45618004 0.12673704 0.94023484 3
2 0.21649165 -0.24864835 1.03481615 2 0.43105507 0.13611569 0.92452252 3
2 0.21600665 -0.24822593 1.03433943 2 0.40994859 0.13805985 0.91552776 3
2 0.21565241 -0.24791069 1.03404319 2 0.39121851 0.13868229 0.90746534 3
2 0.21524610 -0.24764058 1.03354383 2 0.37484699 0.13678317 0.89745122 3
2 0.21506038 -0.24761800 1.03340554 2 0.36309475 0.13328665 0.89251816 3
2 0.21473356 -0.24759565 1.03308487 2 0.35476327 0.12494211 0.88382113 3
2 0.21472771 -0.24757017 1.03262758 2 0.35111731 0.11657831 0.87532973 3
2 0.21419214 -0.24769102 1.03205931 2 0.35038710 0.11145922 0.86943215 3
2 0.21390595 -0.24776691 1.03184652 2 0.35402972 0.10906458 0.86814749 3
2 0.21359004 -0.24789476 1.03146815 2 0.35760140 0.10566923 0.86308980 3
2 0.21336505 -0.24807724 1.03124154 2 0.36181474 0.10566577 0.86679476 3
2 0.21322228 -0.24816072 1.03109753 2 0.36520982 0.10630656 0.86704195 3
2 0.21306764 -0.24829431 1.03083026 2 0.36918214 0.11782397 0.86670804 2
