2 0.09822547 -0.14796749 0.94767725 2 0.22823723 -0.04939126 0.70872647 2
2 0.09839438 -0.14797938 0.94786513 2 0.22879684 -0.04962870 0.70992815 2
2 0.09852034 -0.14801340 0.94796342 2 0.22969340 -0.04983489 0.71090919 2
2 0.09864759 -0.14806743 0.94805694 2 0.23143049 -0.04988327 0.71116316 2
2 0.09884755 -0.14816166 0.94832724 2 0.23176488 -0.05240969 0.71403813 2
2 0.09900096 -0.14828905 0.94839227 2 0.23278332 -0.05419831 0.71320432 2
2 0.09915246 -0.14843822 0.94847184 2 0.23489977 -0.06745719 0.71328551 2
2 0.09975016 -0.14936237 0.94893801 2 0.23749347 -0.07197683 0.71437937 2
2 0.09977058 -0.14936312 0.94893646 2 0.23935942 -0.07644953 0.71445948 2
2 0.09978453 -0.14937077 0.94894409 2 0.24161117 -0.08153065 0.71389377 2
2 0.09984536 -0.14943554 0.94905674 2 0.24590926 -0.08590952 0.71506006 2
2 0.09986980 -0.14948633 0.94905806 2 0.24704035 -0.09035420 0.71102113 2
2 0.09988431 -0.14954039 0.94904304 2 0.24899340 -0.09392335 0.70842397 2
2 0.09992369 -0.14963336 0.94911891 2 0.25268793 -0.10096297 0.70737296 2
2 0.09992725 -0.14964251 0.94912213 2 0.25314692 -0.11069731 0.70530021 2
2 0.09999219 -0.14978041 0.94917530 2 0.25320008 -0.11380547 0.70357293 2
2 0.09998494 -0.14978333 0.94918603 2 0.25439879 -0.12121357 0.70090860 2
2 0.09997427 -0.14983170 0.94921607 2 0.24946766 -0.12864564 0.69816840 2
2 0.09996430 -0.14983268 0.94921452 2 0.24561533 -0.13719951 0.69668692 2
2 0.09995867 -0.14983481 0.94921601 1 0.23883949 -0.13843313 0.69439101 2
2 0.09996209 -0.14990903 0.94921142 1 0.22974747 -0.14096701 0.68868107 0
2 0.09999406 -0.15027824 0.94935077 2 0.20307431 -0.20727718 0.69906712 0
2 0.10002176 -0.15059064 0.94967139 2 0.19313750 -0.20985246 0.70174986 2
2 0.09993009 -0.15072028 0.94975299 2 0.18910933 -0.21272410 0.69714355 2
2 0.09974641 -0.15073569 0.94985229 2 0.18194775 -0.21512441 0.69464231 2
2 0.09945599 -0.15074350 0.94996601 2 0.17420749 -0.21716739 0.69203591 2
2 0.09906776 -0.15060967 0.95006669 2 0.16685058 -0.21404748 0.68805552 2
2 0.09851325 -0.15041076 0.94993848 2 0.15662055 -0.21372110 0.68280286 2
2 0.08016659 -0.13953140 0.94233078 2 0.14700352 -0.21445140 0.68377018 2
2 0.08015112 -0.13966247 0.94228750 2 0.13712849 -0.20562638 0.67777824 2
2 0.08014153 -0.13965219 0.94226336 2 0.12371185 -0.21162258 0.67671722 2
2 0.06704314 -0.12591448 0.93632340 2 0.11440808 -0.20411254 0.67077887 2
2 0.06267445 -0.11719932 0.93226689 2 0.09875039 -0.19766721 0.66637057 1
2 0.06241481 -0.11620033 0.93212700 2 0.08559804 -0.19366050 0.66472375 1
2 0.06274365 -0.11601030 0.93185729 2 0.07250189 -0.16816308 0.65330291 1
2 0.06598728 -0.11541148 0.93270439 2 0.06897733 -0.16702563 0.65175861 1
1 0.06771763 -0.11511639 0.93316346 2 0.06065191 -0.16132894 0.64733160 1
1 0.07281191 -0.11346644 0.93205756 2 0.04991883 -0.14708228 0.64295065 1
1 0.07502947 -0.11239349 0.93091393 2 0.04528558 -0.15009968 0.63668406 1
1 0.07630353 -0.11118860 0.93047333 2 0.03449458 -0.12667240 0.63554227 1
1 0.07786719 -0.10895038 0.92931145 2 0.02880781 -0.12032221 0.63247877 1
1 0.08125883 -0.10131520 0.92208749 2 0.02412109 -0.11264099 0.63049006 1
1 0.07879525 -0.10035873 0.92141181 2 0.01722459 -0.11443381 0.63190687 1
1 0.07728806 -0.09948999 0.92084801 2 0.01522661 -0.10553006 0.62643695 1
1 0.07600563 -0.09866433 0.92057699 2 0.01327600 -0.08787587 0.62359333 1
1 0.07453417 -0.09633636 0.91905254 2 0.00841175 -0.06832388 0.62004542 1
1 0.07386326 -0.09565933 0.91869611 2 0.00781796 -0.05740299 0.61810189 1
1 0.07333969 -0.09547600 0.91855931 2 0.01010341 -0.04208397 0.61380470 1
1 0.07317240 -0.09543724 0.91857946 2 0.01319795 -0.02884426 0.61200249 2
1 0.07274264 -0.09549508 0.91871268 2 0.02030469 -0.01813739 0.60840011 2
1 0.07260547 -0.09515177 0.91868299 2 0.02378119 -0.01123712 0.60373133 2
1 0.07216561 -0.09373404 0.91810185 2 0.03090391 0.00136534 0.60316175 2
1 0.07289182 -0.07440718 0.91214156 2 0.03342736 0.01606537 0.60465479 2
1 0.07630447 -0.06297010 0.90978134 2 0.03784216 0.02499509 0.60605043 2
1 0.07638247 -0.06394128 0.91042346 2 0.04275316 0.03238809 0.60602075 2
1 0.07681502 -0.06469263 0.91106421 2 0.05122907 -0.00607554 0.60695124 2
1 0.07737608 -0.06587686 0.91183907 2 0.05940079 -0.00383342 0.60674429 2
1 0.07775703 -0.06749333 0.91273475 2 0.09386764 -0.02022612 0.59712124 2
1 0.09000670 -0.07278058 0.91938388 2 0.10137355 -0.01945779 0.60140139 2
1 0.08831154 -0.07291460 0.91877329 2 0.11259297 -0.01439441 0.60183704 2
1 0.08741794 -0.07206865 0.91815579 2 0.12236539 -0.01215241 0.60377252 2
1 0.09297475 -0.07084098 0.91910875 2 0.12961714 -0.01084981 0.60674942 2
1 0.09877758 -0.06782503 0.92222148 2 0.13774748 0.00262087 0.60926092 2
1 0.11164940 -0.05916871 0.93146008 2 0.14148130 0.04747484 0.62041056 2
1 0.11431815 -0.05772153 0.93314195 2 0.15654828 0.08201562 0.61811727 2
2 0.08767337 -0.12983979 0.92627454 2 0.17194368 0.08406066 0.62008923 2
2 0.08610749 -0.13943475 0.93009806 2 0.18775529 0.07392518 0.62512523 2
2 0.08681201 -0.13866332 0.92959201 2 0.19397071 0.06414146 0.62531030 2
2 0.08708682 -0.13836820 0.92973214 2 0.20462002 0.05436692 0.63455307 2
2 0.08763927 -0.13834390 0.92977381 2 0.21302144 0.04505386 0.63656741 2
2 0.08837582 -0.13851699 0.92984575 2 0.22426648 0.03503664 0.63961464 2
2 0.08923636 -0.13899642 0.92974699 2 0.23274057 0.02204984 0.63939875 2
2 0.08955713 -0.13924387 0.92973638 2 0.24194348 0.00977018 0.64425224 2
2 0.08988418 -0.13959229 0.92977250 2 0.24888740 -0.00376848 0.64621210 2
2 0.09020260 -0.13988578 0.92978102 2 0.25456083 -0.02081641 0.64771527 2
2 0.09062195 -0.14032970 0.92989701 2 0.26494256 -0.03659581 0.65192103 2
2 0.09088489 -0.14054701 0.92995429 2 0.27047426 -0.04410095 0.65550655 2
2 0.09094865 -0.14057815 0.93001354 2 0.27503964 -0.05528785 0.65775794 2
2 0.09099704 -0.14058051 0.93004143 2 0.28087527 -0.07476971 0.66072559 2
2 0.09101605 -0.14056167 0.93004918 2 0.28703356 -0.08697127 0.66546327 2
2 0.09105527 -0.14056621 0.93007350 2 0.28814253 -0.09818646 0.66803604 2
2 0.09107250 -0.14057046 0.93008441 2 0.28900149 -0.10872098 0.67139643 2
2 0.09106850 -0.14052880 0.93007153 2 0.28807923 -0.11481541 0.67358547 2
2 0.09105889 -0.14047499 0.93008173 2 0.28790063 -0.11906862 0.67458475 2
2 0.09103134 -0.14032227 0.93007159 2 0.28632003 -0.12241437 0.67465681 2
2 0.09102117 -0.14026216 0.93004763 2 0.28242075 -0.12389208 0.67381674 2
2 0.09098697 -0.14016792 0.93008524 2 0.28209949 -0.12539396 0.67574835 2
2 0.09103070 -0.14052428 0.93021369 2 0.27935061 -0.12653318 0.67358351 2
2 0.09117309 -0.14088994 0.93048787 2 0.27707252 -0.12684849 0.67388296 2
2 0.09112306 -0.14065126 0.93041170 2 0.27559587 -0.12730233 0.67389214 2
2 0.09106389 -0.14041872 0.93034178 2 0.27386713 -0.12747358 0.67384326 2
-999
