2 0.00000000 0.00000000 0.82121015 2 0.36645755 0.06606280 0.82121015 3
2 0.00000000 0.00000000 0.81909996 2 0.36402807 0.06533958 0.81909996 3
2 0.00000000 0.00000000 0.82044119 2 0.36040500 0.06571612 0.82044119 3
2 0.00000000 0.00000000 0.81988490 2 0.35417449 0.06764893 0.81988490 3
2 0.00000000 0.00000000 0.81699765 2 0.34353131 0.06968965 0.81699765 3
2 0.00000000 0.00000000 0.81778848 2 0.33288550 0.07197880 0.81778848 3
2 0.00000000 0.00000000 0.82048124 2 0.31884944 0.07405300 0.82048124 3
2 0.00000000 0.00000000 0.82246244 2 0.30151445 0.07536694 0.82246244 3
2 0.00000000 0.00000000 0.82469338 2 0.28136563 0.06821074 0.82469338 3
2 0.00000000 0.00000000 0.83109206 2 0.25470617 0.06238797 0.83109206 3
2 0.00000000 0.00000000 0.84089488 2 0.22524782 0.05787021 0.84089488 3
2 0.00000000 0.00000000 0.84378046 2 0.20211890 0.04164087 0.84378046 3
2 0.00000000 0.00000000 0.84397405 2 0.18110043 0.02410576 0.84397405 3
2 0.00000000 0.00000000 0.84760404 2 0.16489457 -0.00127225 0.84760404 3
2 0.00000000 0.00000000 0.84024060 2 0.16425948 -0.03463986 0.84024060 3
2 0.00000000 0.00000000 0.84246206 2 0.14137636 -0.04393727 0.84246206 3
2 0.00000000 0.00000000 0.84041953 2 0.12755704 -0.06166414 0.84041953 3
2 0.00000000 0.00000000 0.83725566 2 0.12549831 -0.08907785 0.83725566 3
2 0.00000000 0.00000000 0.83557421 2 0.12113533 -0.11191402 0.83557421 3
2 0.00000000 0.00000000 0.83341050 2 0.12528981 -0.13979211 0.83341050 3
2 0.00000000 0.00000000 0.82887489 2 0.12676597 -0.16152130 0.82887489 3
2 0.00000000 0.00000000 0.82690948 2 0.13039641 -0.18286832 0.82690948 3
2 0.00000000 0.00000000 0.82320267 2 0.13185060 -0.20166621 0.82320267 3
2 0.00000000 0.00000000 0.81949252 2 0.14010730 -0.21579207 0.81949252 3
2 0.00000000 0.00000000 0.81258500 2 0.14825313 -0.22548556 0.81258500 3
2 0.00000000 0.00000000 0.80353254 2 0.16023202 -0.23403487 0.80353254 3
2 0.00000000 0.00000000 0.79816639 2 0.17496321 -0.23971981 0.79816639 3
2 0.00000000 0.00000000 0.78930581 2 0.18715020 -0.24606931 0.78930581 3
2 0.00000000 0.00000000 0.77664864 2 0.20162553 -0.24659906 0.77664864 3
2 0.00000000 0.00000000 0.77447456 2 0.23764691 -0.24023737 0.77447456 3
1 0.00000000 0.00000000 0.65034527 1 0.18142110 -0.15805218 0.65034527 3
1 0.00000000 0.00000000 0.61904353 1 0.26914737 -0.16637819 0.61904353 0
1 0.00000000 0.00000000 0.61814487 1 0.33012384 -0.16673927 0.61814487 0
1 0.00000000 0.00000000 0.65570325 1 0.38636929 -0.15525904 0.65570325 0
1 0.00000000 0.00000000 0.68336952 1 0.43348384 -0.15855031 0.68336952 0
1 0.00000000 0.00000000 0.71635211 1 0.46270961 -0.16993628 0.71635211 1
1 0.00000000 0.00000000 0.77154648 1 0.43897709 -0.21333526 0.77154648 1
1 0.00000000 0.00000000 0.82962936 1 0.48938024 -0.24958216 0.82962936 0
1 0.00000000 0.00000000 0.79299814 1 0.47745496 -0.20172928 0.79299814 0
1 0.00000000 0.00000000 0.79167801 1 0.48452291 -0.20648320 0.79167801 0
2 0.00000000 0.00000000 0.78800881 2 0.48654076 -0.19198278 0.78800881 0
2 0.00000000 0.00000000 0.80057591 2 0.46937206 -0.18303967 0.80057591 0
2 0.00000000 0.00000000 0.80604619 2 0.47691351 -0.17921916 0.80604619 0
2 0.00000000 0.00000000 0.80651110 2 0.48323858 -0.16125506 0.80651110 0
2 0.00000000 0.00000000 0.80228215 2 0.48401782 -0.13228782 0.80228215 0
2 0.00000000 0.00000000 0.80143309 2 0.48564687 -0.11823836 0.80143309 0
2 0.00000000 0.00000000 0.80600399 2 0.48637083 -0.09928817 0.80600399 0
2 0.00000000 0.00000000 0.81100005 2 0.48666170 -0.08953478 0.81100005 0
2 0.00000000 0.00000000 0.81414860 2 0.48234215 -0.07815182 0.81414860 0
2 0.00000000 0.00000000 0.81349397 2 0.47432795 -0.05080235 0.81349397 0
2 0.00000000 0.00000000 0.81408930 2 0.46288025 -0.03439798 0.81408930 0
2 0.00000000 0.00000000 0.81470084 2 0.45286286 -0.02283585 0.81470084 0
2 0.00000000 0.00000000 0.81431723 2 0.44177344 -0.01256212 0.81431723 0
2 0.00000000 0.00000000 0.81934893 2 0.43164665 -0.00425003 0.81934893 3
2 0.00000000 0.00000000 0.82093000 2 0.41583240 0.00743789 0.82093000 3
2 0.00000000 0.00000000 0.82651776 2 0.40314469 0.01469461 0.82651776 3
2 0.00000000 0.00000000 0.83281922 2 0.39009047 0.02406284 0.83281922 3
2 0.00000000 0.00000000 0.83532542 2 0.37483057 0.03359503 0.83532542 3
2 0.00000000 0.00000000 0.83935672 2 0.36306021 0.03904247 0.83935672 3
2 0.00000000 0.00000000 0.84304190 2 0.35163671 0.04314029 0.84304190 3
2 0.00000000 0.00000000 0.84502357 2 0.33877617 0.04934311 0.84502357 3
2 0.00000000 0.00000000 0.84905279 2 0.32850170 0.05198973 0.84905279 3
2 0.00000000 0.00000000 0.85285503 2 0.31895661 0.05384447 0.85285503 3
2 0.00000000 0.00000000 0.85479748 2 0.31024882 0.05414765 0.85479748 3
2 0.00000000 0.00000000 0.85552377 2 0.30241689 0.05316510 0.85552377 3
2 0.00000000 0.00000000 0.85711062 2 0.29627147 0.05253543 0.85711062 3
2 0.00000000 0.00000000 0.85645008 2 0.29139352 0.05227492 0.85645008 3
2 0.00000000 0.00000000 0.85524547 2 0.28776118 0.05257590 0.85524547 3
2 0.00000000 0.00000000 0.85934091 2 0.28580382 0.05418887 0.85934091 3
2 0.00000000 0.00000000 0.86437684 2 0.28287995 0.05946533 0.86437684 3
2 0.00000000 0.00000000 0.87848258 2 0.27785492 0.08294426 0.87848258 3
2 0.00000000 0.00000000 0.87803072 2 0.28561690 0.10066251 0.87803072 2
-999
