2 0.09825752 -0.17255928 0.99017924 2 0.20981500 -0.18766227 0.65692759 0
2 0.09819996 -0.17254639 0.99012613 2 0.21025352 -0.18714975 0.65550339 2
2 0.09816197 -0.17253368 0.99016422 2 0.21013595 -0.18702701 0.65762877 2
2 0.09808479 -0.17251623 0.99013996 2 0.20960751 -0.18660101 0.65516806 2
2 0.09800312 -0.17248724 0.99010241 2 0.20860514 -0.18642795 0.65375662 2
2 0.09793422 -0.17246519 0.99009001 2 0.20636021 -0.18531896 0.65485972 2
2 0.09787100 -0.17245887 0.99007082 2 0.20326565 -0.18419008 0.65486509 2
2 0.09778565 -0.17244135 0.99005044 2 0.19879775 -0.18064572 0.65340358 0
2 0.09771987 -0.17236783 0.98999131 2 0.19143452 -0.17971995 0.65294248 0
2 0.09766847 -0.17232877 0.98990208 2 0.18061583 -0.14895475 0.64622951 2
2 0.09765666 -0.17227437 0.98991287 2 0.17012779 -0.15729049 0.64967275 2
2 0.09757596 -0.17218406 0.98994124 2 0.16048256 -0.12972957 0.64617300 2
2 0.09706171 -0.17182410 0.99012214 2 0.15005501 -0.11650857 0.64300334 2
2 0.09485683 -0.17075239 0.99060476 2 0.13470282 -0.10708844 0.64497834 2
1 0.09503821 -0.17076774 0.99065888 2 0.11996021 -0.09801619 0.64572418 2
1 0.09680540 -0.17058752 0.99033862 2 0.10288138 -0.09162975 0.64784795 2
1 0.09839144 -0.17051798 0.98979741 2 0.08824201 -0.08202676 0.65052187 2
1 0.10824262 -0.14925282 0.97184938 2 0.07347824 -0.07250847 0.65360624 2
1 0.10659915 -0.15552929 0.97684371 2 0.05999104 -0.06732742 0.65520501 2
1 0.10596664 -0.15610902 0.97707629 2 0.04727168 -0.06451622 0.65826786 2
1 0.10457572 -0.15771414 0.97768223 2 0.03229064 -0.06006658 0.66353244 2
2 0.11095998 -0.16459711 0.97566485 2 0.01613235 -0.04897186 0.66620451 2
2 0.11141414 -0.16576412 0.97551835 2 -0.00090778 -0.04526732 0.67248243 2
2 0.11071707 -0.16517927 0.97549295 2 -0.01745914 -0.04668427 0.68306202 2
2 0.10751501 -0.16544245 0.97503161 2 -0.03655549 -0.04786362 0.69343704 2
2 0.10514775 -0.16514173 0.97620875 2 -0.05213092 -0.05244432 0.70171130 2
2 0.10321748 -0.16496165 0.97747421 2 -0.07375092 -0.04670566 0.71394986 2
2 0.10043270 -0.16413999 0.97838730 2 -0.08626667 -0.05922502 0.72403669 2
2 0.08892867 -0.16025564 0.97995359 1 -0.07681272 -0.11036620 0.73209798 2
2 0.08314261 -0.15745942 0.98038167 2 -0.02415597 -0.19264066 0.72801983 0
2 0.08376773 -0.15747468 0.98093683 2 -0.02890947 -0.19686413 0.73071849 0
2 0.08421130 -0.15876637 0.97859305 1 -0.03555742 -0.19346374 0.73584431 0
2 0.08729123 -0.16081381 0.97811574 1 -0.03949169 -0.19638921 0.73805279 0
2 0.08724576 -0.16074440 0.97864479 1 -0.02900073 -0.20670432 0.73498511 0
2 0.08735097 -0.16085102 0.97890323 2 0.02364183 -0.24963124 0.71908665 0
2 0.08962230 -0.16269058 0.97765726 2 -0.04106128 -0.20731387 0.74026150 0
2 0.09034820 -0.16651510 0.97285104 2 -0.04575351 -0.20585619 0.74411869 0
2 0.09075154 -0.16783127 0.97073078 2 -0.04855209 -0.20580426 0.74579245 0
2 0.09070475 -0.16979264 0.96684343 1 -0.14686778 -0.10627032 0.77960581 0
2 0.09181234 -0.16987433 0.96761501 1 -0.16432752 -0.09487522 0.78775084 1
2 0.09257168 -0.16989617 0.96810913 1 -0.14908624 -0.10708059 0.78132606 1
2 0.09317054 -0.16999912 0.96835893 1 -0.14898376 -0.10769337 0.78129065 1
2 0.09358414 -0.17002960 0.96868974 1 -0.14901243 -0.10779763 0.78033531 1
2 0.09391110 -0.17010574 0.96880978 1 -0.14955296 -0.10796376 0.78037643 1
2 0.09422450 -0.17018782 0.96888977 1 -0.15011978 -0.10825360 0.78017616 1
2 0.09451941 -0.17021775 0.96904957 1 -0.15034889 -0.10837276 0.77876943 1
2 0.09474389 -0.17024419 0.96909916 1 -0.16472921 -0.09720104 0.78316909 1
2 0.09490516 -0.17032774 0.96913964 1 -0.16527526 -0.09722565 0.78518850 1
-999
