2 0.14930519 -0.25766024 1.01206839 2 0.15464932 0.05576015 0.64442849 3
2 0.14995453 -0.25817367 1.01024580 2 0.14892705 0.05301381 0.63936520 3
2 0.14996125 -0.25953197 1.00978875 2 0.14253303 0.05169825 0.63520533 3
2 0.14981438 -0.26110023 1.00916517 2 0.13565426 0.05025332 0.62923235 3
2 0.14920153 -0.26280916 1.00858653 2 0.12763032 0.04818603 0.62658900 3
1 0.23542163 -0.07903392 0.97771549 2 0.11734906 0.04860977 0.62509996 3
1 0.23530553 -0.07916083 0.97763467 2 0.10956895 0.04670592 0.62269932 3
1 0.23512608 -0.07929029 0.97750819 2 0.10052903 0.04660177 0.62014502 3
1 0.23503096 -0.07954605 0.97736645 2 0.09577611 0.04492840 0.62056684 3
1 0.23487435 -0.07954742 0.97733742 2 0.08484875 0.04678754 0.61735839 3
1 0.23470546 -0.07951907 0.97723711 2 0.07654043 0.04552985 0.61313814 3
1 0.23458819 -0.07948288 0.97712821 2 0.06948176 0.04492802 0.61066151 3
1 0.23450671 -0.07945522 0.97697473 2 0.06189024 0.04441462 0.60752445 3
1 0.23445681 -0.07944560 0.97690332 2 0.05627504 0.04532444 0.60552031 3
1 0.23334235 -0.07973068 0.97626269 2 0.05122422 0.04532820 0.60357755 3
1 0.23309250 -0.07975299 0.97607410 2 0.04801911 0.04767925 0.60146284 3
1 0.23277262 -0.07961763 0.97592318 2 0.04583192 0.05047435 0.60082060 3
1 0.23237969 -0.07919800 0.97558355 2 0.04511167 0.05431792 0.59670222 3
1 0.23235682 -0.07942130 0.97549576 2 0.04584107 0.05890305 0.59420401 3
1 0.23239379 -0.07944129 0.97547853 2 0.04849482 0.06463224 0.59280330 3
1 0.23250133 -0.07938993 0.97546864 2 0.05230311 0.07079647 0.59089208 3
1 0.23270679 -0.07936813 0.97550702 2 0.05690126 0.07783462 0.59125072 3
1 0.22990119 -0.06083712 0.96369392 2 0.06272054 0.08522725 0.59112829 3
1 0.23683819 -0.06000214 0.96418571 2 0.06953444 0.09261574 0.59104121 3
1 0.23698717 -0.06985983 0.97159314 2 0.07686473 0.09985276 0.59286004 3
1 0.23670958 -0.07197120 0.97232366 2 0.08564524 0.10600844 0.59532005 3
1 0.23625299 -0.08536050 0.97507614 2 0.09514815 0.11242583 0.59696800 3
1 0.23715694 -0.09328712 0.97679532 2 0.10640514 0.11764112 0.59989744 3
1 0.24637243 -0.10738171 0.98647666 2 0.11717026 0.12293962 0.60462499 3
1 0.24833345 -0.10798886 0.98774952 2 0.12689027 0.12712805 0.60647464 3
2 0.20913461 -0.12033905 0.89992058 2 0.13954794 0.13336982 0.61081010 3
2 0.14190158 -0.14475501 0.88385516 2 0.15217404 0.13695350 0.61354864 3
2 0.19048199 -0.13860536 0.84107596 2 0.16728887 0.14197645 0.62057358 3
2 0.16807705 -0.16559449 0.89013249 2 0.18288161 0.14402413 0.62294227 3
2 0.14942518 -0.18924206 0.93617624 2 0.19630076 0.14442497 0.62719250 3
2 0.14953940 -0.18940033 0.93605310 2 0.21113279 0.14330682 0.63272977 3
2 0.15631402 -0.18102790 0.92738366 2 0.22475344 0.14294173 0.63919491 3
2 0.16168535 -0.16732855 0.91833544 2 0.23783314 0.14051981 0.64118516 3
2 0.17129858 -0.17166683 0.91613489 2 0.25102785 0.13875747 0.64483428 3
2 0.17578414 -0.17686619 0.91791677 2 0.26296386 0.13517119 0.64774251 3
2 0.17773180 -0.17884645 0.91817105 2 0.27317593 0.12948760 0.64846158 3
2 0.17972186 -0.18054922 0.91818660 2 0.28396598 0.12328339 0.65308517 3
2 0.15823704 -0.20433660 0.95761138 2 0.29363379 0.11584384 0.65535468 3
2 0.13010184 -0.22356874 0.99748993 2 0.30303991 0.10641912 0.65645826 3
2 0.13011985 -0.22354868 0.99755645 2 0.31125516 0.09655529 0.65900093 3
2 0.13012904 -0.22350040 0.99769908 2 0.31856060 0.08660005 0.65912122 3
2 0.13019074 -0.22351100 0.99790448 2 0.32494462 0.07613133 0.65909576 3
2 0.13019021 -0.22354800 0.99810821 2 0.33176756 0.06267732 0.65966666 3
2 0.13048208 -0.22398256 0.99881661 2 0.33637315 0.04980243 0.65839857 3
2 0.13083096 -0.22455253 0.99935842 2 0.33824596 0.03304704 0.65547460 0
2 0.13116752 -0.22509310 1.00020087 2 0.34031543 0.01741704 0.65638369 0
2 0.13140778 -0.22557060 1.00057340 2 0.33741853 0.00371277 0.65022278 0
2 0.13164233 -0.22597800 1.00107789 2 0.33862540 -0.01733471 0.65116596 0
2 0.13180321 -0.22629775 1.00140226 2 0.33321524 -0.02803003 0.64648199 0
2 0.13170895 -0.22633830 1.00155544 2 0.32888401 -0.03958484 0.64501727 0
2 0.13164800 -0.22639835 1.00171161 2 0.32154825 -0.04610115 0.63963217 3
2 0.