1 0.18036073 -0.05903494 0.98714346 2 0.15495674 0.03177565 0.78626561 0
1 0.18031467 -0.05918575 0.98706412 2 0.15479773 0.03183021 0.78616184 0
1 0.18028174 -0.05932440 0.98700804 2 0.15407763 0.03234953 0.78595525 0
1 0.18025446 -0.05943594 0.98695374 2 0.15395117 0.03239717 0.78588086 0
1 0.18023115 -0.05954870 0.98689216 2 0.15318708 0.03278576 0.78565031 0
1 0.18018420 -0.05967763 0.98689061 2 0.15287971 0.03301634 0.78560263 0
1 0.18015774 -0.05976924 0.98682290 2 0.15263015 0.03321464 0.78543729 0
1 0.18014026 -0.05986668 0.98683476 2 0.15248023 0.03328477 0.78547412 0
1 0.18011403 -0.05997216 0.98677355 2 0.15221384 0.03334371 0.78511494 0
1 0.18010381 -0.06002662 0.98675776 2 0.15206698 0.03341359 0.78502554 0
1 0.18008743 -0.06010835 0.98671138 2 0.15198059 0.03343257 0.78489143 0
1 0.18008657 -0.06016278 0.98669088 2 0.15182345 0.03355797 0.78477323 0
1 0.18008173 -0.06023087 0.98664081 2 0.15174855 0.03358017 0.78462082 0
1 0.18007292 -0.06027798 0.98662430 2 0.15172981 0.03358656 0.78457344 0
1 0.18006918 -0.06031273 0.98660934 2 0.15176399 0.03357230 0.78449243 0
1 0.18005887 -0.06036552 0.98659515 2 0.15579279 0.02746136 0.78489041 0
2 0.17941737 -0.06115932 0.98684794 2 0.15873365 0.02386347 0.78523028 0
2 0.17915112 -0.06158383 0.98680544 2 0.16355316 0.02069252 0.78466034 0
2 0.17905013 -0.06291419 0.98762709 2 0.16610472 0.01907893 0.78474140 0
2 0.17928477 -0.06379703 0.98867369 2 0.16729788 0.02325685 0.78488564 0
2 0.17962337 -0.06414686 0.98962015 2 0.16883303 0.02765566 0.78438115 0
2 0.18003684 -0.06421434 0.99067867 2 0.17245224 0.03213849 0.78533942 0
2 0.18045337 -0.06379668 0.99148065 2 0.17641328 0.03590062 0.78438169 0
2 0.18101075 -0.06280176 0.99255604 2 0.18002084 0.03898753 0.78391773 0
2 0.18176879 -0.06124942 0.99396944 2 0.18627211 0.04248557 0.78414571 0
2 0.18249080 -0.05983745 0.99522823 2 0.19259411 0.04417217 0.78526318 0
2 0.18297933 -0.05875584 0.99594015 2 0.19727488 0.04774175 0.78433734 0
2 0.18380435 -0.05775869 0.99668008 2 0.20047002 0.05147528 0.78453785 0
2 0.18439333 -0.05711749 0.99735248 2 0.20356447 0.05402148 0.78343737 0
2 0.18485156 -0.05670046 0.99780047 2 0.20689571 0.05583068 0.78264588 0
2 0.18537910 -0.05640214 0.99845296 2 0.21103010 0.05631114 0.78230530 0
2 0.18581145 -0.05617737 0.99884415 2 0.21388151 0.05648175 0.78218806 0
2 0.18625043 -0.05599521 0.99921113 2 0.21659920 0.05553583 0.78200799 0
2 0.18657969 -0.05581705 0.99950206 2 0.21899803 0.05496528 0.78151107 0
2 0.18698914 -0.05580464 0.99982679 2 0.22250634 0.05281727 0.78129184 0
2 0.18731080 -0.05585772 1.00003457 2 0.22687952 0.04928014 0.78056800 2
2 0.18762344 -0.05600175 1.00022542 2 0.23092717 0.04542700 0.78001744 2
2 0.18803328 -0.05623599 1.00067091 2 0.23715113 0.03826534 0.78153104 2
2 0.18850160 -0.05648546 1.00106835 2 0.24381125 0.03088076 0.78379202 2
2 0.18894212 -0.05674049 1.00154471 2 0.25139606 0.02115485 0.78707612 2
2 0.18924327 -0.05691027 1.00178099 2 0.26175568 0.00470618 0.79385281 2
2 0.18955457 -0.05701903 1.00209975 2 0.27048773 -0.00366916 0.79472500 2
2 0.18995549 -0.05721455 1.00254667 2 0.27440050 -0.01175805 0.79983866 2
2 0.19015817 -0.05741375 1.00278890 2 0.27651075 -0.01624132 0.80142146 2
2 0.19036683 -0.05758400 1.00308371 2 0.27903238 -0.02157467 0.80350250 2
2 0.19047695 -0.05770493 1.00319612 2 0.28215775 -0.02894448 0.80518186 2
2 0.19058906 -0.05785576 1.00330615 2 0.28720200 -0.04305601 0.81388777 2
2 0.19076864 -0.05809546 1.00352311 2 0.28966090 -0.04764850 0.81586617 2
2 0.19088669 -0.05830177 1.00370133 2 0.29274297 -0.05362423 0.81846488 2
2 0.19098698 -0.05850400 1.00385988 2 0.29504091 -0.05741328 0.81990856 2
2 0.19110960 -0.05871064 1.00413287 2 0.29747999 -0.06125966 0.82105917 2
2 0.19121508 -0.05887933 1.00431097 2 0.29945290 -0.06525303 0.82213932 2
2 0.19126728 -0.05896040 1.00437260 2 0.30117235 -0.07138958 0.82285339 2
2 0.19137457 -0.05916262 1.00445759 2 0.30391237 -0.08632661 0.82675505 2
2 0.19904602 -0.06035862 1.01580024 2 0.30469260 -0.09263302 0.82588100 2
2 0.20080736 -0.06098343 1.01823592 2 0.30470121 -0.09952187 0.83104789 2
2 0.20191769 -0.06140359 1.01979911 2 0.30393982 -0.10434450 0.83071411 2
2 0.20269449 -0.06167879 1.02094555 2 0.30282643 -0.10748456 0.82920706 2
2 0.19943093 -0.06190129 1.01615512 2 0.30022418 -0.11284041 0.82795900 2
2 0.20081492 -0.06234739 1.01815557 2 0.29560432 -0.11863267 0.82402641 2
2 0.20164624 -0.06256734 1.01978469 2 0.29095408 -0.12357503 0.82207930 2
2 0.20211740 -0.06260125 1.02082193 2 0.28618297 -0.13074699 0.82153225 2
2 0.20231643 -0.06257975 1.02142668 2 0.28246957 -0.13450176 0.81999689 2
2 0.19837481 -0.06230047 1.01575029 2 0.27858755 -0.13685207 0.81778133 2
2 0.19689876 -0.06204196 1.01393306 2 0.27380452 -0.13884634 0.81703806 2
2 0.19830790 -0.06138914 1.01771736 2 0.26825604 -0.14026837 0.81516027 2
2 0.19874740 -0.06087105 1.01928377 2 0.26233137 -0.14162494 0.81339437 2
2 0.19531661 -0.05958701 1.01460850 2 0.25606894 -0.14294539 0.81133986 2
2 0.19360894 -0.05877727 1.01248980 2 0.25031552 -0.14384001 0.80942339 2
2 0.19235051 -0.05806984 1.01121020 2 0.24394026 -0.14303356 0.80664980 2
2 0.19114554 -0.05735210 1.01008010 2 0.23786272 -0.14272612 0.80371904 2
2 0.19012427 -0.05656198 1.00890470 2 0.23238987 -0.14079237 0.79781741 2
2 0.18929182 -0.05570412 1.00807619 2 0.22727120 -0.14004534 0.79469794 2
2 0.18842319 -0.05459706 1.00741100 2 0.23004740 -0.16769752 0.83429193 2
2 0.18776226 -0.05356129 1.00681722 2 0.22555208 -0.16535862 0.83197701 2
2 0.18728003 -0.05258562 1.00654817 2 0.22153178 -0.16314532 0.83007813 2
2 0.18675648 -0.05135831 1.00608993 2 0.21494804 -0.15961881 0.82700658 2
2 0.18657476 -0.05050015 1.00587964 2 0.20849982 -0.15572394 0.82417822 2
2 0.18731275 -0.04611302 1.00790536 2 0.20088162 -0.15180285 0.82098269 2
2 0.18797141 -0.04411878 1.00881219 2 0.19475289 -0.14880185 0.81914622 2
2 0.18858777 -0.04279944 1.00949860 2 0.18953818 -0.14554738 0.81730556 2
2 0.18902929 -0.04190655 1.00988865 2 0.18463422 -0.14341214 0.81539834 2
2 0.18934557 -0.04139331 1.01003551 2 0.17874008 -0.13965386 0.81256527 2
2 0.18971732 -0.04097327 1.01016068 2 0.17544998 -0.13928023 0.81168360 2
2 0.18994045 -0.04068351 1.01014793 2 0.17067583 -0.13851850 0.81031066 2
2 0.19016741 -0.04027114 1.01022840 2 0.12951922 -0.10740270 0.75645238 2
2 0.19034021 -0.03994547 1.01014769 2 0.12532286 -0.10577794 0.76026440 2
2 0.19064838 -0.03961800 1.01017940 2 0.12411159 -0.10595077 0.76042992 2
2 0.19086121 -0.03936271 1.01010597 2 0.12294715 -0.10522310 0.75967377 2
2 0.19108765 -0.03915462 1.00993657 2 0.12056421 -0.10306018 0.75767243 2
2 0.19127312 -0.03895352 1.00979042 2 0.11990368 -0.10105172 0.75848353 2
2 0.19145031 -0.03881283 1.00960350 2 0.11820521 -0.09943093 0.75762928 2
2 0.19168441 -0.03868120 1.00934577 2 0.15370329 -0.08004076 0.72587264 2
2 0.19202054 -0.03853325 1.00892961 2 0.13943428 -0.11875337 0.79566574 2
2 0.19240035 -0.03840005 1.00828111 2 0.13753538 -0.11404537 0.79209977 2
2 0.19282025 -0.03833146 1.00792468 2 0.13477848 -0.10770464 0.78955781 2
2 0.19317709 -0.03828806 1.00734067 2 0.13434689 -0.10335763 0.78689647 2
2 0.19358990 -0.03818739 1.00655639 2 0.09088887 -0.05761712 0.75134718 2
2 0.19427548 -0.03813569 1.00584030 2 0.09259388 -0.05682244 0.75040144 2
2 0.19559172 -0.03993935 1.00340724 2 0.07977922 -0.04530204 0.72727579 2
2 0.19770929 -0.04285069 1.00088239 2 0.08055159 -0.04447115 0.72572500 2
2 0.19906393 -0.04490545 0.99957025 2 0.08211309 -0.04277065 0.72416854 0
2 0.20107637 -0.04527306 0.99854809 2 0.08406217 -0.04017029 0.72189325 0
2 0.20251597 -0.04526699 0.99792022 2 0.08590144 -0.03531125 0.71842605 0
1 0.20210303 -0.04516052 0.99807513 2 0.14671849 -0.06820224 0.76661944 0
1 0.20021063 -0.04491312 0.99894089 2 0.14855699 -0.06880228 0.76661474 2
1 0.19771454 -0.04477197 0.99993443 2 0.15113609 -0.06853495 0.76598597 2
1 0.19558620 -0.04455961 1.00096309 2 0.15426667 -0.06763749 0.76611716 2
1 0.19401456 -0.04454821 1.00157654 2 0.15739523 -0.06587309 0.76535290 2
1 0.19297832 -0.04456513 1.00203204 2 0.15961264 -0.06287591 0.76434076 2
1 0.19233087 -0.04431519 1.00203991 2 0.16175105 -0.06075508 0.76368344 2
1 0.19118254 -0.04455224 1.00279117 2 0.16316514 -0.05804388 0.76352024 2
1 0.19045199 -0.04464864 1.00318849 2 0.16448501 -0.05578800 0.76342857 2
1 0.18992250 -0.04470176 1.00329459 2 0.16544583 -0.05338374 0.76282156 2
1 0.18948317 -0.04471476 1.00342894 2 0.16636413 -0.05154972 0.76262110 2
1 0.18911406 -0.04473729 1.00348759 2 0.16689548 -0.04959793 0.76208401 2
1 0.18880694 -0.04474485 1.00358045 2 0.16741145 -0.04794605 0.76222467 2
1 0.18858659 -0.04473379 1.00363839 2 0.16771175 -0.04660758 0.76221526 2
1 0.18841006 -0.04472553 1.00367296 2 0.16788016 -0.04563523 0.76231438 2
1 0.18822950 -0.04472951 1.00370646 2 0.16800031 -0.04500027 0.76229197 2
1 0.18807371 -0.04473587 1.00374985 2 0.16801859 -0.04457191 0.76240784 2
-999
