2 0.26277661 -0.00962096 0.63127220 2 0.26113066 -0.03225857 0.63127220 3
2 0.26277661 -0.01028122 0.63159740 2 0.26057455 -0.03489580 0.63159740 3
2 0.26277661 -0.02232532 0.63081032 2 0.25800550 -0.03756683 0.63081032 3
2 0.26202965 -0.02496125 0.63440561 2 0.25611463 -0.03936163 0.63440561 3
2 0.26113066 -0.03225857 0.63838065 2 0.25585982 -0.04070000 0.63838065 3
2 0.26057455 -0.03489580 0.64620626 2 0.25502259 -0.04261306 0.64620626 3
2 0.25800550 -0.03756683 0.64621079 2 0.25248608 -0.04345286 0.64621079 3
2 0.25611463 -0.03936163 0.64941698 2 0.25101784 -0.04344649 0.64941698 3
2 0.25585982 -0.04070000 0.65150464 2 0.25035477 -0.04343244 0.65150464 3
2 0.25502259 -0.04261306 0.65618390 2 0.25051719 -0.04333891 0.65618390 3
2 0.25248608 -0.04314706 0.65788221 2 0.24978103 -0.04314706 0.65788221 3
2 0.25101784 -0.04314706 0.66162676 2 0.25030434 -0.04290488 0.66162676 3
2 0.25051719 -0.04314706 0.66376948 2 0.25014752 -0.04255506 0.66376948 3
2 0.25035477 -0.04314706 0.66639352 2 0.24928246 -0.04182559 0.66639352 3
2 0.25030434 -0.04314706 0.66848624 2 0.24976099 -0.04171007 0.66848624 3
2 0.25027362 -0.04290488 0.67054284 2 0.25027362 -0.04168960 0.67054284 3
2 0.25014752 -0.04255506 0.67073989 2 0.24930240 -0.04138964 0.67073989 3
2 0.25014752 -0.04182559 0.67458457 2 0.25095525 -0.04146606 0.67458457 3
2 0.25014752 -0.04182559 0.67576188 2 0.25157064 -0.04225723 0.67576188 3
2 0.25027362 -0.04182559 0.67513168 2 0.25135031 -0.04275822 0.67513168 3
2 0.25027362 -0.04182559 0.67688745 2 0.25191733 -0.04303031 0.67688745 3
2 0.25095525 -0.04182559 0.67877465 2 0.25220266 -0.04395328 0.67877465 3
2 0.25135031 -0.04225723 0.67979169 2 0.25316679 -0.04453676 0.67979169 3
2 0.25157064 -0.04275822 0.68038511 2 0.25324038 -0.04470004 0.68038511 3
2 0.25191733 -0.04303031 0.68067402 2 0.25324365 -0.04514682 0.68067402 3
2 0.25220266 -0.04377871 0.68435603 2 0.25357574 -0.04377871 0.68435603 3
2 0.25220266 -0.04377871 0.69034523 2 0.25054833 -0.03434010 0.69034523 3
2 0.25220266 -0.04377871 0.69985473 2 0.24785277 -0.01724412 0.69985473 2
-999
