2 0.10004725 0.05773020 1.08883989 2 -0.05166159 0.11297980 0.99354756 3
2 0.11055779 0.05366950 1.07874966 1 -0.03509365 0.10129751 0.97870374 0
2 0.12476221 0.05083306 1.06787610 1 -0.01952191 0.10280814 0.97283918 0
2 0.13774662 0.05010882 1.05848551 1 -0.00551365 0.10061261 0.96543705 0
2 0.15948020 0.04698811 1.04232705 2 0.00905587 0.09820607 0.95153332 0
2 0.16905230 0.04603252 1.03221703 1 0.04619556 0.05627857 0.93160105 0
2 0.18289074 0.04865658 1.02226448 2 0.04339098 0.08803220 0.93008667 0
2 0.19825466 0.05105550 1.01294649 1 0.07742079 0.05419284 0.91453278 0
2 0.21204232 0.05187269 1.00230551 1 0.08718655 0.05466054 0.90513289 0
2 0.22583228 0.05288534 0.99411714 1 0.08001135 0.09591993 0.90245366 0
2 0.23683353 0.05422571 0.98790866 2 0.08604382 0.09867761 0.89613390 0
2 0.23775585 0.05456102 0.98780787 2 0.09044881 0.10592580 0.89287931 0
2 0.24066085 0.05482199 0.98729140 2 0.09917991 0.10785735 0.88801539 0
2 0.28591815 0.06037439 0.97477758 2 0.10834622 0.10870122 0.88509434 0
2 0.28799140 0.06037318 0.97390044 2 0.11670352 0.10965922 0.88194460 0
2 0.29363006 0.06062698 0.97240973 2 0.12404006 0.11101134 0.87825400 0
2 0.30041236 0.06195183 0.97016513 2 0.12926809 0.11445105 0.87264514 0
2 0.30788830 0.06335703 0.96846521 2 0.13465604 0.11790875 0.86829597 0
2 0.30883330 0.06324811 0.96813470 2 0.14292377 0.11924069 0.86350942 0
2 0.31045935 0.06315260 0.96793514 2 0.14468643 0.12048204 0.85959995 0
2 0.31231847 0.06318601 0.96789145 2 0.14799646 0.11857782 0.85895675 0
2 0.32491407 0.06301347 0.96156842 2 0.14754090 0.11580325 0.84947407 0
2 0.33001515 0.06375299 0.96138453 2 0.14928554 0.11254128 0.85054559 0
2 0.33418179 0.06409960 0.96153212 2 0.15163094 0.10865968 0.84551352 0
2 0.33803689 0.06439886 0.96188575 2 0.15304099 0.10543057 0.83775824 0
2 0.34252810 0.06486932 0.96333879 2 0.15640502 0.10312547 0.82383358 0
2 0.34921232 0.06608873 0.96849203 2 0.16432491 0.10085991 0.80417258 0
2 0.35226539 0.06651742 0.97133183 2 0.17950462 0.09851362 0.79318154 3
2 0.35307857 0.06640866 0.97154158 2 0.19483399 0.09539597 0.78856552 3
2 0.35503769 0.06564133 0.97321719 2 0.21352521 0.09544728 0.78493130 3
2 0.35576230 0.06422032 0.97370279 2 0.23226060 0.09706774 0.77447349 3
2 0.35452580 0.06323908 0.97382158 2 0.25007257 0.09577569 0.76618910 0
1 0.35738921 0.06274085 0.97365147 2 0.26675987 0.09414793 0.76075983 0
1 0.35889021 0.06144259 0.97326237 2 0.28104848 0.09378248 0.75169545 2
-999
