2 0.13802491 0.40167043 1.05299485 2 0.14677927 0.39600733 1.05299485 3
2 0.14514187 0.39733228 1.05165625 2 0.16110793 0.39563847 1.05165625 3
2 0.15766604 0.39659038 1.05115259 2 0.18671936 0.39759806 1.05115259 3
2 0.17595178 0.39750090 1.04997015 2 0.21300188 0.40104941 1.04997015 3
2 0.19991262 0.39879921 1.05056918 2 0.24345390 0.40125495 1.05056918 3
2 0.23016202 0.39844680 1.04804766 2 0.28287855 0.39368951 1.04804766 3
2 0.26397240 0.39390117 1.04794109 2 0.32280675 0.37832722 1.04794109 3
2 0.30148953 0.38347208 1.04878497 2 0.36360505 0.35816532 1.04878497 3
2 0.34105679 0.36679524 1.05140877 2 0.40166849 0.33360183 1.05140877 3
2 0.37934628 0.34505871 1.05554843 2 0.43568975 0.30604899 1.05554843 3
2 0.41486838 0.32013899 1.06117654 2 0.46420193 0.27820709 1.06117654 3
2 0.44594169 0.29357085 1.06743133 2 0.48703024 0.25179389 1.06743133 3
2 0.47186467 0.26730329 1.07539237 2 0.50441831 0.22878696 1.07539237 3
2 0.49198011 0.24320173 1.07865798 2 0.51515555 0.21016949 1.07865798 3
2 0.50648093 0.22270483 1.08179915 2 0.52124107 0.19696555 1.08179915 3
2 0.51629895 0.20706865 1.08709252 2 0.52555883 0.19016495 1.08709252 3
2 0.52226561 0.19642986 1.09045899 2 0.52782440 0.18713287 1.09045899 3
2 0.52552855 0.19063093 1.09124851 2 0.52786511 0.18773985 1.09124851 3
2 0.52701199 0.18879279 1.09270835 2 0.52686685 0.19014268 1.09270835 3
2 0.52675265 0.18926804 1.09287441 2 0.52425593 0.19236347 1.09287441 3
2 0.52520818 0.19150005 1.09413624 2 0.52147567 0.19622324 1.09413624 3
2 0.52261412 0.19516754 1.09421074 2 0.51732570 0.20264171 1.09421074 3
2 0.51882559 0.20075138 1.09120131 2 0.51152760 0.21293172 1.09120131 3
2 0.51402831 0.21023346 1.08559346 2 0.50484014 0.23108420 1.08559346 3
2 0.50796658 0.22215036 1.08708405 2 0.49702734 0.24437338 1.08708405 3
2 0.50008059 0.23722923 1.08229971 2 0.48546982 0.26331469 1.08229971 3
2 0.49021503 0.25516829 1.07696199 2 0.47163874 0.28496149 1.07696199 3
2 0.47768018 0.27342331 1.07245088 2 0.45417127 0.30446619 1.07245088 3
2 0.46209553 0.29500699 1.06588614 2 0.43419921 0.33106086 1.06588614 3
2 0.44360179 0.31680596 1.06296837 2 0.41097486 0.35051951 1.06296837 3
2 0.42192551 0.33842602 1.06028688 2 0.38441625 0.37139031 1.06028688 3
2 0.39723074 0.36005247 1.05710864 2 0.35484773 0.39062148 1.05710864 3
2 0.36929825 0.37880337 1.05547297 2 0.32192504 0.40582007 1.05547297 3
2 0.33898300 0.39502344 1.05566132 2 0.28935111 0.41472280 1.05566132 3
2 0.30589461 0.40860808 1.05748034 2 0.25165543 0.42517588 1.05748034 3
2 0.27245483 0.41737598 1.05981803 2 0.22112335 0.42493424 1.05981803 3
2 0.24050809 0.42244363 1.06685627 2 0.19456539 0.42548475 1.06685627 3
2 0.21093540 0.42412022 1.06761312 2 0.17189150 0.42066598 1.06761312 3
2 0.18332557 0.42368627 1.06999815 2 0.14127779 0.42350578 1.06999815 3
2 0.16145761 0.42081273 1.06910062 2 0.13452393 0.41300806 1.06910062 3
2 0.14428173 0.41667196 1.07064903 2 0.12703860 0.40872276 1.07064903 3
2 0.13148357 0.41279796 1.07011986 2 0.12198616 0.40493849 1.07011986 3
2 0.12574446 0.40712729 1.06756341 2 0.11853028 0.40117392 1.06756341 3
2 0.12133402 0.40358117 1.06813431 2 0.11722340 0.39892763 1.06813431 3
2 0.11877745 0.40087485 1.06763458 2 0.11709929 0.39807212 1.06763458 3
2 0.11786088 0.39897206 1.06619012 2 0.11859158 0.39751396 1.06619012 3
2 0.11864204 0.39824873 1.06635678 2 0.12191786 0.39844730 1.06635678 3
2 0.12123757 0.39836633 1.06633151 2 0.12794963 0.39952150 1.06633151 3
2 0.12569945 0.39878955 1.06284416 2 0.13529000 0.39981046 1.06284416 3
2 0.13288824 0.39950266 1.06014609 2 0.14783789 0.40033209 1.06014609 3
2 0.14300950 0.40012461 1.05591035 2 0.16295302 0.40091401 1.05591035 3
2 0.15670307 0.40042031 1.05271184 2 0.18343563 0.40067863 1.05271184 3
2 0.17427525 0.40063193 1.04950941 2 0.20618862 0.40061331 1.04950941 3
2 0.19492671 0.40057951 1.04744387 2 0.23097388 0.40006793 1.04744387 3
2 0.21950202 0.39917636 1.03998888 2 0.26181546 0.39505011 1.03998888 3
2 0.24772865 0.39565462 1.03398180 2 0.29708099 0.38606215 1.03398180 3
2 0.27998331 0.38697267 1.03109181 2 0.33600095 0.36476293 1.03109181 3
2 0.31562072 0.37368786 1.02771282 2 0.37394676 0.34602228 1.02771282 3
2 0.35267588 0.35643414 1.02524281 2 0.41006288 0.32549173 1.02524281 3
2 0.38972506 0.33402658 1.02472901 2 0.44504642 0.29598415 1.02472901 3
2 0.42469579 0.30941057 1.02728522 2 0.47548285 0.26555231 1.02728522 3
2 0.45667735 0.28141329 1.03005147 2 0.50127083 0.23342794 1.03005147 3
2 0.48532182 0.25032973 1.03611112 2 0.52393562 0.20097928 1.03611112 3
2 0.50999320 0.22009517 1.03548872 2 0.54310602 0.17528114 1.03548872 3
2 0.53023738 0.18978900 1.04350460 2 0.55573106 0.14451087 1.04350460 3
2 0.54573619 0.16089636 1.04931915 2 0.56233889 0.11807726 1.04931915 3
2 0.55716062 0.13495590 1.05474734 2 0.56888944 0.09755408 1.05474734 3
2 0.56392276 0.11139549 1.06099486 2 0.56954503 0.08190871 1.06099486 3
2 0.56790113 0.09352978 1.06516778 2 0.57129782 0.07407654 1.06516778 3
2 0.57079536 0.08145574 1.07084727 2 0.57372469 0.07078999 1.07084727 3
2 0.57201129 0.07490944 1.06914246 2 0.57373154 0.07231920 1.06914246 3
2 0.57307553 0.07342806 1.06890631 2 0.57366872 0.07668504 1.06890631 3
2 0.57366943 0.07559582 1.06888652 2 0.57354236 0.08329909 1.06888652 3
2 0.57303184 0.08094133 1.06740761 2 0.57104605 0.09260563 1.06740761 3
2 0.57179350 0.08947049 1.06592679 2 0.56861776 0.10699090 1.06592679 3
2 0.56947005 0.10160968 1.06109154 2 0.56415552 0.12595591 1.06109154 3
2 0.56499654 0.11694230 1.06009507 2 0.55529010 0.14521317 1.06009507 3
2 0.55859590 0.13597901 1.05492973 2 0.54496729 0.16924806 1.05492973 3
2 0.54960698 0.15840754 1.05038464 2 0.53221607 0.19724526 1.05038464 3
2 0.53693354 0.18435627 1.04026794 2 0.51288849 0.23053135 1.04026794 3
2 0.52078557 0.21232060 1.04009926 2 0.48994499 0.25729907 1.04009926 3
2 0.49960434 0.24139665 1.03923750 2 0.45926985 0.28544956 1.03923750 3
2 0.47340274 0.27034330 1.04021490 2 0.42660022 0.31275100 1.04021490 3
2 0.44284463 0.29839450 1.03721881 2 0.38992393 0.34289333 1.03721881 3
2 0.40844375 0.32625127 1.03770959 2 0.35189986 0.36865276 1.03770959 3
2 0.37227878 0.35208747 1.04037964 2 0.31433836 0.38833252 1.04037964 3
2 0.33542696 0.37302315 1.04259562 2 0.27928326 0.39520755 1.04259562 3
2 0.29776460 0.39164495 1.04269159 2 0.23921297 0.41695976 1.04269159 3
2 0.26234347 0.40411249 1.04545927 2 0.21058451 0.41781801 1.04545927 3
2 0.22929285 0.41137674 1.04748893 2 0.18269415 0.41662526 1.04748893 3
2 0.19806452 0.41533792 1.05059433 2 0.15501232 0.40955180 1.05059433 3
2 0.17122240 0.41119990 1.05806220 2 0.13214082 0.39976674 1.05806220 3
2 0.14705405 0.40373230 1.06263328 2 0.11451445 0.38732997 1.06263328 3
2 0.12686256 0.39382958 1.06619477 2 0.10283060 0.37679330 1.06619477 3
2 0.11143468 0.38322338 1.06939018 2 0.09412163 0.36716732 1.06939018 3
2 0.10084175 0.37398824 1.07132101 2 0.09053333 0.36327615 1.07132101 3
2 0.09434987 0.36771336 1.07109952 2 0.08915786 0.36284131 1.07109952 3
2 0.09101864 0.36436906 1.06996596 2 0.09003039 0.36402425 1.06996596 3
2 0.09055790 0.36401111 1.06858361 2 0.09263146 0.36606455 1.06858361 3
2 0.09180321 0.36512545 1.06581748 2 0.09577359 0.36786157 1.06581748 3
2 0.09452049 0.36681798 1.06256747 2 0.10021780 0.36963737 1.06256747 3
2 0.09852234 0.36872265 1.06494820 2 0.10623344 0.37164071 1.06494820 3
2 0.10380261 0.37072071 1.06107199 2 0.11401513 0.37409401 1.06107199 3
2 0.11128553 0.37311554 1.05730045 2 0.12612495 0.37753311 1.05730045 3
2 0.12215742 0.37610239 1.05125022 2 0.14440219 0.38171208 1.05125022 3
2 0.13733457 0.38002905 1.04931307 2 0.16784282 0.38753107 1.04931307 3
2 0.15723182 0.38464680 1.04323089 2 0.19442764 0.39267981 1.04323089 3
2 0.18165320 0.38903084 1.03619897 2 0.22446159 0.39496133 1.03619897 3
2 0.21126664 0.38939881 1.03203416 2 0.26371861 0.38219011 1.03203416 3
2 0.24447455 0.38675913 1.02097309 2 0.30139473 0.37614822 1.02097309 3
2 0.28130236 0.37869227 1.01105273 2 0.34226295 0.35956737 1.01105273 3
2 0.32111183 0.36478886 1.00631297 2 0.38387322 0.33876041 1.00631297 3
2 0.36061099 0.34740245 0.99782979 2 0.42173749 0.31149361 0.99782979 3
2 0.40018168 0.32361543 0.99752867 2 0.45945373 0.28013954 0.99752867 3
2 0.43743721 0.29483709 1.00001383 2 0.49075845 0.24358392 1.00001383 3
2 0.47024164 0.26145577 0.99972516 2 0.51425159 0.20454860 0.99972516 3
2 0.49835151 0.22478324 1.00419879 2 0.53308439 0.16430967 1.00419879 3
2 0.52053070 0.18675026 1.01067340 2 0.54721832 0.12799966 1.01067340 3
2 0.53662050 0.14898376 1.01845241 2 0.55419832 0.09277847 1.01845241 3
2 0.54756230 0.11340795 1.02607071 2 0.55708683 0.06278474 1.02607071 3
2 0.55567867 0.08209611 1.03125918 2 0.56517321 0.03983002 1.03125918 3
2 0.56081671 0.05548245 1.03570390 2 0.56762832 0.02257801 1.03570390 3
2 0.56461489 0.03508327 1.03942204 2 0.56923020 0.01227987 1.03942204 3
2 0.56787622 0.02119494 1.04196084 2 0.56973219 0.00831487 1.04196084 3
2 0.56939346 0.01365925 1.04362392 2 0.57117182 0.01079806 1.04362392 3
2 0.57041866 0.01294326 1.04097891 2 0.57168984 0.02085853 1.04097891 3
2 0.57038504 0.01832233 1.03843164 2 0.56891352 0.03483694 1.03843164 3
2 0.56946683 0.02981846 1.03496730 2 0.56577051 0.05527895 1.03496730 3
2 0.56818610 0.04752298 1.02845430 2 0.56602955 0.08260356 1.02845430 3
2 0.56562907 0.07003196 1.02497947 2 0.56142634 0.11178409 1.02497947 3
2 0.56100792 0.09808262 1.01826155 2 0.54992139 0.14786631 1.01826155 3
2 0.55420917 0.13045266 1.01511228 2 0.53783059 0.18539491 1.01511228 3
2 0.54265809 0.16657355 1.01115251 2 0.51909667 0.22778326 1.01115251 3
2 0.52597421 0.20413542 1.01162720 2 0.49388129 0.26202005 1.01162720 3
2 0.50433868 0.24217300 1.00848985 2 0.46227711 0.29989618 1.00848985 3
2 0.47710484 0.27937794 1.01241171 2 0.42799646 0.33384734 1.01241171 3
2 0.44480348 0.31301892 1.01876199 2 0.38915285 0.36196977 1.01876199 3
2 0.40852547 0.34442165 1.02378106 2 0.34821746 0.38687256 1.02378106 3
2 0.36982790 0.37010381 1.03093231 2 0.30710396 0.40159228 1.03093231 3
2 0.32999828 0.38856032 1.04146802 2 0.26869711 0.40631077 1.04146802 3
2 0.28930452 0.40296829 1.05025101 2 0.22635204 0.41880101 1.05025101 3
2 0.25077134 0.40972966 1.06154323 2 0.19448833 0.41300666 1.06154323 3
2 0.21506350 0.41082409 1.07588410 2 0.16489853 0.40501374 1.07588410 3
2 0.18238539 0.40743470 1.08845758 2 0.13885194 0.39138803 1.08845758 3
2 0.15634111 0.39588466 1.09851992 2 0.12305178 0.37180424 1.09851992 3
2 0.13619249 0.38047138 1.10254419 2 0.11517142 0.35057977 1.10254419 3
2 0.11454105 0.36675060 1.11288965 2 0.07785393 0.35080722 1.11288965 3
2 0.09907873 0.35447934 1.11360693 2 0.07727781 0.34327954 1.11360693 3
2 0.08749214 0.34595627 1.11031675 2 0.07775301 0.33841226 1.11031675 3
2 0.07803214 0.34389168 1.11145914 2 0.07932679 0.34256613 1.11145914 3
1 0.07921241 0.34223849 1.10734892 1 0.08279949 0.34484610 1.10734892 3
1 0.08163610 0.34339735 1.10280323 1 0.08720455 0.34830666 1.10280323 0
2 0.08921591 0.34606168 1.09804499 2 0.10912250 0.34890899 1.09804499 0
2 0.09800687 0.34903097 1.09562814 2 0.11490492 0.35456663 1.09562814 3
2 0.10832891 0.35296020 1.09191763 2 0.12405545 0.36078909 1.09191763 3
2 0.12050903 0.35775596 1.08881545 2 0.13544688 0.36782646 1.08881545 3
2 0.13066494 0.36414763 1.08355033 2 0.15024246 0.37454337 1.08355033 3
2 0.14388005 0.37100792 1.07633305 2 0.16827463 0.38206860 1.07633305 3
2 0.15998685 0.37831292 1.06967330 2 0.18901275 0.39007184 1.06967330 3
2 0.17934427 0.38537410 1.06399381 2 0.21341066 0.39604133 1.06399381 3
2 0.20220971 0.39212018 1.05721116 2 0.24231930 0.40138215 1.05721116 3
2 0.22849780 0.39698014 1.04417801 2 0.27406305 0.40107521 1.04417801 3
2 0.25831363 0.39712468 1.04060423 2 0.30885252 0.38967091 1.04060423 3
2 0.29011977 0.39385220 1.02912867 2 0.34084350 0.38210720 1.02912867 3
2 0.32288781 0.38563398 1.02501225 2 0.37338468 0.36786580 1.02501225 3
2 0.35528851 0.37315020 1.01942289 2 0.40343404 0.35073575 1.01942289 3
2 0.38610819 0.35898754 1.01324594 2 0.43191031 0.33242479 1.01324594 3
2 0.41438797 0.34076139 1.00758159 2 0.45337266 0.30870050 1.00758159 3
2 0.43954578 0.31989339 1.00715911 2 0.47338679 0.28391266 1.00715911 3
2 0.46129528 0.29686636 1.00456214 2 0.48979378 0.25823495 1.00456214 3
2 0.47924384 0.27203941 1.00375831 2 0.50323564 0.23302646 1.00375831 3
2 0.49441263 0.24615742 1.00591934 2 0.51350188 0.20501667 1.00591934 3
2 0.50634527 0.21967693 1.00485635 2 0.52058959 0.17786846 1.00485635 3
2 0.51578158 0.19293018 1.00739515 2 0.52713454 0.15118769 1.00739515 3
2 0.52295250 0.16624139 1.00670099 2 0.53161591 0.12644538 1.00670099 3
2 0.52839291 0.14141281 1.00877416 2 0.53504241 0.10608010 1.00877416 3
2 0.53247106 0.11876567 1.01031864 2 0.53663230 0.08778021 1.01031864 3
2 0.53481972 0.09955110 1.01259816 2 0.53625095 0.07497119 1.01259816 3
2 0.53611004 0.08516777 1.01423228 2 0.53658652 0.06977654 1.01423228 3
2 0.53648955 0.07535586 1.01409125 2 0.53648663 0.06779104 1.01409125 3
2 0.53601915 0.07075156 1.01149070 2 0.53467053 0.07019073 1.01149070 3
2 0.53560871 0.07160155 1.01141083 2 0.53455716 0.07916598 1.01141083 3
2 0.53444999 0.07656433 1.01040637 2 0.53184777 0.09041193 1.01040637 3
2 0.53283209 0.08623315 1.00800169 2 0.52996784 0.10723832 1.00800169 3
2 0.53021574 0.10046660 1.00582778 2 0.52391726 0.12780873 1.00582778 3
2 0.52529711 0.11802746 1.00234437 2 0.51446933 0.15003100 1.00234437 3
2 0.51841438 0.13965800 1.00286281 2 0.50381297 0.17750344 1.00286281 3
2 0.50729609 0.16391885 1.00018466 2 0.48481596 0.20470798 1.00018466 3
2 0.49230954 0.18918042 1.00401533 2 0.46321163 0.22895336 1.00401533 3
2 0.47446072 0.21706180 1.00669563 2 0.44251949 0.26177856 1.00669563 3
2 0.45272687 0.24455333 1.01117361 2 0.41653791 0.28754163 1.01117361 3
2 0.42886075 0.27261445 1.01595497 2 0.38895801 0.31710312 1.01595497 3
2 0.40338314 0.30078033 1.02238202 2 0.36089948 0.34123945 1.02238202 3
2 0.37515455 0.32669598 1.02797484 2 0.32931209 0.36526057 1.02797484 3
2 0.34596848 0.35136965 1.03815281 2 0.29962668 0.38577440 1.03815281 3
2 0.31596696 0.37139553 1.04708707 2 0.26884577 0.39646342 1.04708707 3
2 0.28443927 0.39060530 1.05676436 2 0.23463678 0.41777414 1.05676436 3
2 0.24043903 0.40370530 1.09017467 2 0.15048355 0.41674519 1.09017467 3
2 0.19871759 0.40925068 1.09917152 2 0.13254751 0.40651354 1.09917152 3
2 0.16092218 0.40928006 1.10454309 2 0.11988189 0.39474282 1.10454309 3
2 0.12749265 0.40163517 1.10717499 2 0.10450508 0.38681790 1.10717499 3
2 0.11393089 0.39149907 1.10925961 2 0.09670598 0.37624881 1.10925961 3
2 0.10391300 0.38243011 1.10685289 2 0.09306319 0.37049899 1.10685289 3
2 0.09697074 0.37623551 1.10968006 2 0.09295992 0.37044644 1.10968006 3
2 0.09433945 0.37217337 1.10553479 2 0.09451559 0.37124392 1.10553479 3
2 0.09478092 0.37157544 1.10308743 2 0.09890857 0.37432030 1.10308743 3
2 0.09755367 0.37334985 1.10050213 2 0.10449140 0.37781551 1.10050213 3
2 0.10246995 0.37631413 1.09955776 2 0.11299869 0.38250878 1.09955776 3
2 0.10956213 0.38027555 1.09495819 2 0.12323077 0.38719162 1.09495819 3
2 0.11875308 0.38470596 1.09134281 2 0.13607062 0.39211437 1.09134281 3
2 0.13076892 0.38929796 1.08444965 2 0.15302868 0.39615431 1.08444965 3
2 0.14523385 0.39388892 1.07829916 2 0.17133898 0.40085876 1.07829916 3
2 0.16200271 0.39798456 1.07400787 2 0.19065860 0.40346789 1.07400787 3
2 0.18114300 0.40153182 1.06815016 2 0.21291842 0.40620136 1.06815016 3
2 0.20194566 0.40403008 1.05944550 2 0.23656027 0.40589476 1.05944550 3
2 0.22505116 0.40506595 1.05344522 2 0.26420787 0.40476027 1.05344522 3
2 0.25024158 0.40408200 1.04343700 2 0.29175717 0.39909083 1.04343700 3
2 0.27668107 0.39826113 1.03802574 2 0.31885010 0.38198692 1.03802574 3
2 0.30431077 0.38968411 1.03143120 2 0.34710205 0.37088615 1.03143120 3
2 0.33143771 0.37737197 1.02300143 2 0.37263271 0.35509899 1.02300143 3
2 0.35786065 0.36163756 1.01807761 2 0.39727840 0.33597076 1.01807761 3
2 0.38314644 0.34508145 1.01186097 2 0.41968074 0.31521499 1.01186097 3
2 0.40597087 0.32561418 1.00287127 2 0.43799487 0.29264459 1.00287127 3
2 0.42673540 0.30380088 1.00219131 2 0.45524544 0.26750958 1.00219131 3
2 0.44465038 0.28018564 1.00082254 2 0.46845278 0.24118301 1.00082254 3
2 0.46034700 0.25565439 0.99820840 2 0.48216465 0.21698725 0.99820840 3
2 0.47466382 0.23063157 0.99497616 2 0.49504876 0.19262888 0.99497616 3
2 0.48716357 0.20541832 0.99838495 2 0.50506824 0.16667262 0.99838495 3
2 0.49803948 0.18032146 0.99495417 2 0.51153970 0.14067693 0.99495417 3
2 0.50719512 0.15523425 0.99744743 2 0.51842195 0.11665487 0.99744743 3
2 0.51362568 0.13051577 0.99715376 2 0.52036750 0.09395394 0.99715376 3
2 0.51838100 0.10779659 1.00021684 2 0.52385408 0.07623936 1.00021684 3
2 0.52217382 0.08825139 1.00405014 2 0.52652264 0.06313581 1.00405014 3
2 0.52429265 0.07301767 1.00433457 2 0.52679849 0.05662120 1.00433457 3
2 0.52568781 0.06347565 1.00168467 2 0.52567327 0.05680777 1.00168467 3
2 0.52650398 0.05956812 1.00493360 2 0.52702826 0.06163454 1.00493360 3
2 0.52627361 0.06158200 1.00270367 2 0.52555400 0.07213514 1.00270367 3
2 0.52565557 0.06898598 1.00056088 2 0.52427030 0.08708389 1.00056088 3
2 0.52494645 0.08139901 0.99665719 2 0.52269107 0.10731875 0.99665719 3
2 0.52251440 0.09828472 0.99440223 2 0.51708472 0.12988028 0.99440223 3
2 0.51831448 0.11921874 0.99329752 2 0.50830507 0.15650430 0.99329752 3
2 0.51115066 0.14313301 0.99601108 2 0.49496314 0.18313506 0.99601108 3
2 0.50030118 0.17007697 0.99553889 2 0.47867256 0.21559811 0.99553889 3
2 0.48541996 0.19871518 0.99788803 2 0.45684636 0.24465573 0.99788803 3
2 0.46606973 0.22866584 1.00310862 2 0.43013033 0.27651513 1.00310862 3
2 0.44284910 0.25926715 1.01023662 2 0.40136334 0.30540612 1.01023662 3
2 0.41590750 0.28874454 1.01825523 2 0.37040713 0.33340350 1.01825523 3
2 0.38672230 0.31654298 1.02853203 2 0.33987445 0.35532925 1.02853203 3
2 0.35612953 0.34156111 1.03352582 2 0.30758747 0.37607026 1.03352582 3
2 0.32604590 0.36207858 1.04457188 2 0.28123301 0.38656607 1.04457188 3
2 0.29563710 0.38058603 1.05036259 2 0.24877463 0.40719360 1.05036259 3
2 0.26675135 0.39461535 1.06272519 2 0.22464256 0.41074422 1.06272519 3
2 0.24033184 0.40315828 1.07362163 2 0.20225218 0.40934783 1.07362163 3
2 0.21377452 0.40883461 1.08362114 2 0.17531392 0.40807384 1.08362114 3
2 0.18972775 0.40750837 1.09559643 2 0.15258163 0.40136927 1.09559643 3
2 0.16724214 0.40211767 1.10341430 2 0.13501680 0.38850638 1.10341430 3
2 0.14720380 0.39357358 1.10893178 2 0.12294220 0.37441531 1.10893178 3
2 0.13224807 0.38277221 1.11869395 2 0.11640763 0.36469418 1.11869395 3
2 0.12207704 0.37134260 1.11825538 2 0.11269581 0.35593349 1.11825538 3
2 0.11610124 0.36223772 1.11696804 2 0.11172607 0.35265291 1.11696804 3
2 0.11307195 0.35695311 1.11385906 2 0.11117583 0.35392892 1.11385906 3
2 0.11167576 0.35504127 1.10848284 2 0.11101030 0.35776448 1.10848284 3
2 0.11139981 0.35636970 1.10468340 2 0.11168198 0.36165521 1.10468340 3
2 0.11233386 0.35925674 1.09989238 2 0.11570924 0.36427009 1.09989238 3
2 0.11486993 0.36264384 1.09569323 2 0.12168948 0.36742088 1.09569323 3
2 0.11957540 0.36569476 1.08873868 2 0.13026729 0.36990574 1.08873868 3
2 0.12683609 0.36896491 1.08427083 2 0.14111561 0.37484258 1.08427083 3
2 0.13646396 0.37281704 1.07770085 2 0.15464291 0.37981272 1.07770085 3
2 0.14837286 0.37698400 1.06978953 2 0.16969998 0.38418525 1.06978953 3
2 0.16192861 0.38186893 1.06358421 2 0.18472879 0.38945210 1.06358421 3
2 0.17674294 0.38623232 1.05542612 2 0.20048578 0.39219826 1.05542612 3
2 0.19311307 0.38979694 1.04666018 2 0.22038186 0.39389226 1.04666018 3
2 0.21144775 0.38954741 1.04106414 2 0.24352124 0.38231274 1.04106414 3
2 0.23187661 0.38754606 1.02841234 2 0.26688606 0.38101619 1.02841234 3
2 0.25434151 0.38357061 1.01705468 2 0.29054031 0.37613648 1.01705468 3
2 0.27771854 0.37700295 1.00416601 2 0.31390637 0.36772183 1.00416601 3
2 0.30173832 0.37004131 0.99278510 2 0.33972004 0.35376239 0.99278510 3
2 0.32608131 0.35863444 0.97965264 2 0.36434901 0.33456677 0.97965264 3
2 0.35014749 0.34204200 0.96913391 2 0.38673508 0.30879545 0.96913391 3
2 0.37413925 0.32095253 0.96272987 2 0.40969014 0.28263196 0.96272987 3
2 0.39592665 0.29541475 0.95696634 2 0.42648074 0.25097069 0.95696634 3
2 0.41498977 0.26568425 0.95474130 2 0.44004852 0.21503481 0.95474130 3
2 0.43056431 0.23287697 0.95542872 2 0.44822738 0.17688437 0.95542872 3
2 0.44163588 0.19702944 0.95615029 2 0.45328867 0.13888183 0.95615029 3
2 0.45052207 0.16055192 0.95359296 2 0.46171090 0.10517652 0.95359296 3
2 0.45693350 0.12453210 0.95891500 2 0.46552962 0.07124281 0.95891500 3
2 0.46021843 0.08987997 0.96689379 2 0.46079069 0.03854151 0.96689379 3
2 0.46478841 0.05838187 0.96516919 2 0.47154200 0.01334287 0.96516919 3
2 0.46845284 0.02985759 0.96814191 2 0.47669920 -0.00816142 0.96814191 3
2 0.47128576 0.00620415 0.97353470 2 0.47702396 -0.02236791 0.97353470 3
2 0.47584507 -0.01128322 0.97353578 2 0.47847304 -0.03041203 0.97353578 3
2 0.47804821 -0.02258400 0.97575384 2 0.48019919 -0.03067577 0.97575384 3
2 0.47868869 -0.02677246 0.97317404 2 0.47919837 -0.02370665 0.97317404 3
2 0.47895625 -0.02477519 0.97123522 2 0.47790879 -0.01331905 0.97123522 3
2 0.47814724 -0.01638932 0.97113180 2 0.47499615 0.00408791 0.97113180 3
2 0.47507066 -0.00215264 0.96817148 2 0.46753699 0.02721132 0.96817148 3
2 0.47055137 0.01720091 0.96794194 2 0.46076539 0.05467258 0.96794194 3
2 0.46537483 0.04150457 0.96382105 2 0.45718008 0.08460607 0.96382105 3
2 0.46050349 0.07128970 0.95373452 2 0.45587793 0.12410287 0.95373452 3
2 0.45418981 0.10348126 0.95703286 2 0.44195735 0.15638478 0.95703286 3
2 0.44631931 0.14024879 0.94865602 2 0.42857122 0.20244014 0.94865602 3
2 0.43435338 0.17815220 0.95942771 2 0.40836415 0.23615941 0.95942771 3
2 0.41653931 0.21596026 0.96215200 2 0.38397375 0.27548414 0.96215200 3
2 0.39580193 0.25219810 0.97706056 2 0.35831276 0.30035388 0.97706056 3
2 0.37101433 0.28361291 0.98939145 2 0.32893288 0.32752118 0.98939145 3
2 0.34353495 0.31261218 1.00144053 2 0.29805365 0.35141057 1.00144053 3
2 0.31454626 0.33551949 1.01850057 2 0.26775783 0.36656389 1.01850057 3
2 0.28414506 0.35511604 1.03667974 2 0.23662901 0.37778097 1.03667974 3
2 0.25433540 0.36924812 1.05089355 2 0.20989065 0.38303515 1.05089355 3
2 0.22500573 0.38061747 1.05748487 2 0.18087445 0.39671186 1.05748487 3
2 0.19750014 0.38773394 1.07051468 2 0.15812281 0.39448911 1.07051468 3
2 0.17271566 0.39101088 1.08544171 2 0.13793011 0.39013052 1.08544171 3
2 0.15096591 0.39081049 1.09460199 2 0.12368619 0.38103968 1.09460199 3
2 0.13440640 0.38470086 1.10449219 2 0.11547665 0.37183833 1.10449219 3
2 0.12161261 0.37752298 1.11233377 2 0.10768022 0.36568439 1.11233377 3
2 0.11335296 0.36999902 1.11566508 2 0.10551258 0.36027345 1.11566508 3
2 0.10888107 0.36410001 1.11606014 2 0.10635424 0.35779828 1.11606014 3
2 0.10644903 0.36091372 1.11361790 2 0.10618743 0.35954461 1.11361790 3
2 0.10640033 0.36018851 1.11182439 2 0.10765306 0.36332232 1.11182439 3
2 0.10780852 0.36167228 1.10460484 2 0.11131649 0.36653209 1.10460484 3
2 0.11070562 0.36467248 1.09911609 2 0.11834582 0.36987039 1.09911609 3
2 0.11585857 0.36840779 1.09214783 2 0.12723368 0.37453291 1.09214783 3
2 0.12359650 0.37207314 1.08078170 2 0.13905087 0.37802035 1.08078170 3
2 0.13384984 0.37581655 1.07041049 2 0.15271699 0.38149264 1.07041049 3
2 0.14630851 0.37939647 1.05957437 2 0.16856574 0.38408455 1.05957437 3
2 0.16096017 0.38234222 1.04733503 2 0.18617165 0.38623285 1.04733503 3
2 0.17846489 0.38167068 1.04397333 2 0.20959570 0.37455639 1.04397333 3
2 0.19799049 0.37974310 1.02944553 2 0.23121125 0.37335509 1.02944553 3
2 0.21943909 0.37613982 1.01060843 2 0.25462478 0.36954609 1.01060843 3
2 0.24285831 0.37018347 0.99430269 2 0.27997702 0.36260396 0.99430269 3
2 0.26620704 0.36360252 0.97713041 2 0.30310020 0.34747112 0.97713041 3
2 0.29010171 0.35353184 0.96891218 2 0.32676494 0.33235878 0.96891218 3
2 0.31292659 0.33967295 0.95586330 2 0.34560215 0.31350529 0.95586330 3
2 0.33412513 0.32199296 0.94922352 2 0.36447319 0.29146957 0.94922352 3
2 0.35399568 0.30245990 0.94179159 2 0.38228533 0.26890603 0.94179159 3
2 0.37210754 0.28056616 0.93919647 2 0.39909118 0.24449211 0.93919647 3
2 0.38880241 0.25690451 0.93700814 2 0.41206467 0.21863301 0.93700814 3
2 0.40406319 0.23234397 0.93778443 2 0.42521426 0.19304930 0.93778443 3
2 0.41682535 0.20604153 0.93661809 2 0.43287188 0.16343661 0.93661809 3
2 0.42739356 0.17880467 0.93843400 2 0.44102576 0.13536380 0.93843400 3
2 0.43620384 0.15112142 0.94123024 2 0.44694671 0.10782681 0.94123024 3
2 0.44270888 0.12360407 0.94696963 2 0.45101398 0.08324479 0.94696963 3
2 0.44751593 0.09847134 0.95355988 2 0.45168838 0.06337274 0.95355988 3
2 0.45075873 0.07659677 0.95972908 2 0.45374280 0.04859408 0.95972908 3
2 0.45288798 0.05946669 0.96044511 2 0.45536274 0.04021682 0.96044511 3
2 0.45433950 0.04784882 0.96403164 2 0.45685428 0.03776769 0.96403164 3
2 0.45583782 0.04183436 0.96374428 2 0.45761353 0.04029537 0.96374428 3
2 0.45694074 0.04120408 0.96334988 2 0.45808357 0.04692011 0.96334988 3
2 0.45724586 0.04516388 0.96221566 2 0.45641777 0.05674986 0.96221566 3
2 0.45829427 0.05323556 0.95691651 2 0.46121728 0.07068894 0.95691651 3
2 0.45951217 0.06513848 0.94808191 2 0.46264330 0.08854794 0.94808191 3
2 0.46068692 0.08053128 0.94161880 2 0.46281898 0.10910311 0.94161880 3
2 0.46040782 0.09839845 0.94351304 2 0.45461917 0.12854397 0.94351304 3
2 0.45601061 0.11793104 0.94542921 2 0.44281375 0.14892887 0.94542921 3
2 0.44792634 0.13894816 0.94433874 2 0.42956239 0.17280105 0.94433874 3
2 0.43642247 0.16213968 0.94329333 2 0.41653341 0.20244724 0.94329333 3
2 0.42251256 0.18728733 0.94715303 2 0.39867556 0.22957529 0.94715303 3
2 0.40659001 0.21564831 0.94878262 2 0.37869978 0.26280597 0.94878262 3
2 0.38786146 0.24401961 0.96040040 2 0.35401982 0.28606495 0.96040040 3
2 0.36584023 0.27179274 0.97329199 2 0.32795128 0.31338027 0.97329199 3
2 0.34155956 0.29776153 0.98916548 2 0.30118403 0.33281785 0.98916548 3
2 0.31458294 0.32146236 0.99964952 2 0.27047488 0.35755065 0.99964952 3
2 0.28684065 0.34283230 1.01895630 2 0.24290761 0.37092566 1.01895630 3
2 0.25946414 0.35896862 1.03303683 2 0.21862495 0.37705639 1.03303683 3
2 0.23345660 0.37227082 1.04735243 2 0.19770731 0.38505292 1.04735243 3
2 0.20834738 0.38284346 1.05561388 2 0.17009267 0.39995027 1.05561388 3
2 0.18509342 0.39032733 1.07446182 2 0.14999084 0.40070471 1.07446182 3
2 0.16362578 0.39470369 1.08483410 2 0.13308573 0.39355177 1.08483410 3
2 0.14465782 0.39493337 1.09739769 2 0.12276923 0.38462633 1.09739769 3
2 0.13004108 0.38924932 1.10530972 2 0.11222327 0.37674487 1.10530972 3
2 0.11937776 0.38135394 1.11662459 2 0.10797738 0.36911681 1.11662459 3
2 0.11219021 0.37367505 1.11956120 2 0.10480557 0.36298233 1.11956120 3
2 0.10761466 0.36766380 1.11905050 2 0.10503303 0.36090168 1.11905050 3
2 0.10610207 0.36379123 1.11624801 2 0.10652214 0.36175442 1.11624801 3
2 0.10615772 0.36277398 1.11442208 2 0.10848232 0.36560529 1.11442208 3
2 0.10804974 0.36415991 1.10779548 2 0.11257833 0.36884755 1.10779548 3
2 0.11159300 0.36725360 1.10199165 2 0.11951951 0.37345716 1.10199165 3
2 0.11741227 0.37134755 1.09279799 2 0.13029571 0.37819862 1.09279799 3
2 0.12651464 0.37609616 1.08561063 2 0.14552282 0.38477132 1.08561063 3
2 0.13893485 0.38144782 1.07457685 2 0.16286336 0.39033365 1.07457685 3
2 0.15429528 0.38697350 1.06615901 2 0.18139124 0.39556780 1.06615901 3
2 0.17234872 0.39213291 1.05385077 2 0.20284623 0.39865342 1.05385077 3
2 0.19246784 0.39568824 1.04078615 2 0.22636296 0.39867446 1.04078615 3
2 0.21539697 0.39488605 1.03389311 2 0.25513577 0.38617107 1.03389311 3
2 0.24086526 0.39074299 1.01749027 2 0.28371578 0.37822220 1.01749027 3
2 0.26761547 0.38325840 1.00060475 2 0.30998370 0.36828595 1.00060475 3
2 0.29548413 0.37116492 0.98707247 2 0.33774707 0.34997141 0.98707247 3
2 0.32223088 0.35669047 0.96904200 2 0.36192426 0.32738701 0.96904200 3
2 0.34743765 0.33756563 0.95588785 2 0.38428333 0.30080411 0.95588785 3
2 0.37115109 0.31335902 0.94858485 2 0.40441874 0.27079716 0.94858485 3
2 0.39198059 0.28678769 0.94017792 2 0.42062190 0.24338248 0.94017792 3
2 0.41004249 0.25845689 0.93858439 2 0.43362978 0.21396349 0.93858439 3
2 0.42432380 0.22919567 0.93892765 2 0.44068950 0.18371291 0.93892765 3
2 0.43596113 0.20110771 0.93765444 2 0.45054451 0.15854549 0.93765444 3
2 0.44487593 0.17321192 0.93394291 2 0.45594147 0.13203326 0.93394291 3
2 0.45212978 0.14720534 0.93773115 2 0.46254644 0.11035003 0.93773115 3
2 0.45907766 0.12406196 0.93757820 2 0.46829256 0.09154476 0.93757820 3
2 0.46427229 0.10336188 0.93648422 2 0.47118104 0.07637043 0.93648422 3
2 0.46823865 0.08688930 0.93648374 2 0.47143558 0.06682144 0.93648374 3
2 0.47108236 0.07474983 0.93939805 2 0.47369945 0.06263065 0.93939805 3
2 0.47252166 0.06733297 0.94053799 2 0.47394973 0.06274554 0.94053799 3
2 0.47299126 0.06478679 0.93856245 2 0.47296214 0.06695846 0.93856245 3
2 0.47323623 0.06650152 0.93811417 2 0.47224280 0.07433813 0.93811417 3
2 0.47219905 0.07142204 0.93714553 2 0.46939790 0.08279034 0.93714553 3
2 0.47021791 0.07931723 0.93719256 2 0.46585938 0.09473775 0.93719256 3
2 0.46747288 0.08973180 0.93652725 2 0.46180052 0.10902731 0.93652725 3
2 0.46438450 0.10297938 0.93621916 2 0.45993000 0.12789795 0.93621916 3
2 0.46003476 0.11953593 0.93585908 2 0.45180273 0.14958964 0.93585908 3
2 0.45408791 0.13867421 0.94246554 2 0.44165641 0.17173828 0.94246554 3
2 0.44635221 0.16184357 0.94445819 2 0.43034333 0.20230733 0.94445819 3
2 0.43526193 0.18740115 0.95045090 2 0.41519192 0.23060700 0.95045090 3
2 0.42201534 0.21618409 0.95708913 2 0.39841411 0.26532191 0.95708913 3
2 0.40580469 0.24604261 0.96768320 2 0.37623370 0.29103410 0.96768320 3
2 0.38653111 0.27480668 0.97968799 2 0.35273287 0.31709731 0.97968799 3
2 0.36495525 0.30211926 0.99532616 2 0.32848635 0.33922312 0.99532616 3
2 0.34087715 0.32683557 1.01074696 2 0.30186319 0.36407685 1.01074696 3
2 0.31578103 0.34806755 1.02849984 2 0.27567208 0.37525117 1.02849984 3
2 0.28979945 0.36579293 1.04596007 2 0.24867404 0.38725212 1.04596007 3
2 0.26338100 0.38210970 1.05866277 2 0.22283898 0.40409696 1.05866277 3
2 0.23915806 0.39217204 1.07936573 2 0.20543805 0.40382639 1.07936573 3
2 0.21766607 0.39819407 1.09494317 2 0.19045816 0.39815041 1.09494317 3
2 0.19761069 0.40261045 1.10898304 2 0.16870090 0.40428123 1.10898304 3
2 0.18055856 0.40114385 1.11807895 2 0.15468784 0.39813167 1.11807895 3
2 0.15903783 0.40498078 1.13276076 2 0.11840311 0.42038625 1.13276076 3
2 0.14534330 0.40254727 1.12948430 2 0.13737348 0.38688242 1.12948430 3
2 0.13656253 0.39719754 1.13186777 2 0.13511184 0.38200176 1.13186777 3
2 0.13055274 0.39254943 1.12910545 2 0.13197426 0.37872618 1.12910545 3
2 0.13404091 0.38180938 1.12886643 2 0.13134432 0.37918004 1.12886643 3
2 0.13236035 0.38050479 1.12688363 2 0.13078009 0.38212514 1.12688363 3
2 0.13153864 0.38112080 1.12188578 2 0.13205020 0.38481113 1.12188578 3
2 0.13239777 0.38352293 1.11979699 2 0.13565733 0.38849458 1.11979699 3
2 0.13484141 0.38641906 1.11358929 2 0.14148341 0.39074615 1.11358929 3
2 0.14010036 0.38992348 1.11000896 2 0.15234099 0.39626247 1.11000896 3
2 0.14820424 0.39404941 1.09797478 2 0.16501187 0.40144649 1.09797478 3
2 0.15883075 0.39833066 1.08601677 2 0.17858814 0.40571663 1.08601677 3
2 0.17235893 0.40337881 1.07388961 2 0.19594179 0.41090661 1.07388961 3
2 0.18823135 0.40745804 1.06070960 2 0.21628483 0.41240773 1.06070960 3
2 0.20704541 0.41058335 1.04553032 2 0.24087901 0.41373557 1.04553032 3
2 0.22927572 0.40924007 1.02996743 2 0.26808223 0.39934501 1.02996743 3
2 0.25368536 0.40443385 1.00961828 2 0.29390314 0.39091006 1.00961828 3
2 0.28031170 0.39631712 0.99539107 2 0.32299548 0.37938845 0.99539107 3
2 0.30777383 0.38289446 0.98149866 2 0.35081422 0.35972446 0.98149866 3
2 0.33505383 0.36714566 0.96827084 2 0.37720987 0.33540401 0.96827084 3
2 0.36203659 0.34669212 0.95740169 2 0.40156946 0.30822060 0.95740169 3
2 0.38654336 0.32047749 0.95651233 2 0.42053801 0.27372736 0.95651233 3
2 0.40900081 0.29187936 0.94800335 2 0.44021082 0.24498317 0.94800335 3
2 0.42937726 0.26119801 0.94256282 2 0.45841467 0.21250694 0.94256282 3
2 0.44640288 0.22867765 0.94311023 2 0.46923256 0.17807919 0.94311023 3
2 0.46135661 0.19659245 0.94555682 2 0.47976285 0.14514026 0.94555682 3
2 0.47278970 0.16417386 0.94742239 2 0.48529395 0.11547704 0.94742239 3
2 0.48072153 0.13343517 0.95041001 2 0.48973292 0.09006619 0.95041001 3
2 0.48705500 0.10634656 0.95383465 2 0.49424177 0.07047554 0.95383465 3
2 0.49099302 0.08411334 0.95696867 2 0.49528807 0.05713603 0.95696867 3
2 0.49400908 0.06737062 0.95977956 2 0.49716935 0.04951677 0.95977956 3
2 0.49604326 0.05634258 0.95991737 2 0.49768060 0.04691484 0.95991737 3
2 0.49725905 0.05085227 0.96108788 2 0.49910069 0.04940417 0.96108788 3
2 0.49807984 0.05060406 0.95898044 2 0.49845836 0.05700334 0.95898044 3
2 0.49843425 0.05480705 0.95821172 2 0.49852967 0.06705891 0.95821172 3
2 0.49831182 0.06315068 0.95598233 2 0.49705583 0.08090867 0.95598233 3
2 0.49712974 0.07526442 0.95363867 2 0.49423537 0.09842784 0.95363867 3
2 0.49487299 0.09013512 0.95266008 2 0.48914614 0.11698038 0.95266008 3
2 0.49058384 0.10748018 0.95035058 2 0.48099509 0.13675806 0.95035058 3
2 0.48445159 0.12703770 0.95201552 2 0.47216958 0.15942112 0.95201552 3
2 0.47643548 0.14856875 0.94986600 2 0.46189591 0.18495597 0.94986600 3
2 0.46579528 0.17172098 0.95253921 2 0.44617590 0.20990069 0.95253921 3
2 0.45307386 0.19680375 0.95208097 2 0.42962423 0.23732105 0.95208097 3
2 0.43810919 0.22326231 0.95938540 2 0.41191903 0.26542810 0.95938540 3
2 0.41997555 0.24981289 0.96708184 2 0.38897446 0.29121262 0.96708184 3
2 0.39978108 0.27592054 0.97863978 2 0.36492807 0.31405938 0.97863978 3
2 0.37736574 0.30118185 0.98858911 2 0.33955425 0.33811030 0.98858911 3
2 0.35231116 0.32496259 0.99890524 2 0.31141406 0.36039338 0.99890524 3
2 0.32596165 0.34589016 1.01132500 2 0.28332385 0.37444583 1.01132500 3
2 0.29888573 0.36350387 1.02717316 2 0.25655431 0.38361812 1.02717316 3
2 0.27166018 0.37693501 1.04062104 2 0.23079550 0.39099410 1.04062104 3
2 0.24611916 0.38483131 1.04978907 2 0.20961867 0.39124650 1.04978907 3
2 0.22088863 0.39185938 1.05446470 2 0.18245959 0.40254548 1.05446470 3
2 0.19771719 0.39538386 1.06573808 2 0.16414571 0.39725944 1.06573808 3
2 0.17641491 0.39557832 1.07747424 2 0.14588454 0.39116836 1.07747424 3
2 0.15737289 0.39310023 1.08874977 2 0.13424037 0.38018760 1.08874977 3
2 0.14278901 0.38475823 1.09973896 2 0.12468138 0.36878350 1.09973896 3
2 0.13174348 0.37487134 1.11085260 2 0.12072638 0.35743749 1.11085260 3
2 0.12410475 0.36382478 1.11505234 2 0.11576437 0.34701136 1.11505234 3
2 0.11893497 0.35378224 1.12521195 2 0.11393737 0.34027007 1.12521195 3
2 0.11591951 0.34581745 1.12996519 2 0.11281677 0.33741865 1.12996519 3
2 0.11409375 0.34047771 1.13005650 2 0.11373427 0.33663481 1.13005650 3
2 0.11376698 0.33886603 1.12762713 2 0.11463029 0.34117326 1.12762713 0
2 0.11465902 0.34053966 1.12133431 2 0.11771923 0.34752268 1.12133431 0
2 0.11752892 0.34485969 1.11546957 2 0.12463873 0.35515749 1.11546957 3
2 0.12265360 0.35150522 1.10498023 2 0.13476734 0.36342853 1.10498023 3
2 0.13091196 0.35885134 1.09397089 2 0.14824647 0.37061083 1.09397089 3
2 0.14241433 0.36668989 1.07912207 2 0.16424721 0.37889120 1.07912207 3
2 0.15672994 0.37407801 1.06766474 2 0.18234937 0.38459826 1.06766474 3
2 0.17359158 0.38068599 1.05606532 2 0.20259352 0.38971165 1.05606532 3
2 0.19309944 0.38597745 1.04333448 2 0.22672775 0.39143306 1.04333448 3
2 0.21598050 0.38629660 1.03217649 2 0.25642708 0.37919807 1.03217649 3
2 0.24127218 0.38451999 1.01888478 2 0.28398216 0.37687719 1.01888478 3
2 0.26838973 0.37992364 1.00443709 2 0.31118327 0.37111378 1.00443709 3
2 0.29612917 0.37190408 0.99264365 2 0.33750796 0.35931882 0.99264365 3
2 0.32277298 0.36289388 0.98098725 2 0.36287630 0.34230807 0.98098725 3
2 0.34850362 0.34977037 0.97183102 2 0.38671765 0.32363853 0.97183102 3
2 0.37340549 0.33242211 0.96188998 2 0.41064286 0.30114874 0.96188998 3
2 0.39739782 0.31065324 0.95271236 2 0.43334302 0.27153796 0.95271236 3
2 0.42028487 0.28543746 0.94906765 2 0.45425481 0.24070580 0.94906765 3
2 0.44168994 0.25701940 0.94351643 2 0.47199300 0.20950252 0.94351643 3
2 0.46043161 0.22675408 0.94739217 2 0.48506629 0.18009138 0.94739217 3
2 0.47564289 0.19700865 0.94978201 2 0.49347323 0.15276484 0.94978201 3
2 0.48707148 0.16895758 0.95184213 2 0.49928361 0.12891051 0.95184213 3
2 0.49536905 0.14392513 0.95681983 2 0.50475258 0.10996368 0.95681983 3
2 0.50033921 0.12219074 0.95766670 2 0.50450093 0.09380481 0.95766670 3
2 0.50327533 0.10422768 0.95898837 2 0.50484264 0.08154965 0.95898837 3
2 0.50495476 0.09025405 0.95981359 2 0.50578094 0.07364355 0.95981359 3
2 0.50534487 0.08011130 0.96002501 2 0.50636578 0.07010829 0.96002501 3
2 0.50587505 0.07385311 0.96104586 2 0.50661063 0.06943505 0.96104586 3
2 0.50587797 0.07146384 0.95975101 2 0.50470400 0.07260419 0.95975101 3
2 0.50515854 0.07305212 0.95755440 2 0.50273693 0.08065070 0.95755440 3
2 0.50396383 0.07815972 0.95558083 2 0.50151116 0.09119157 0.95558083 3
2 0.50202185 0.08715980 0.95531207 2 0.49881515 0.10607323 0.95531207 3
2 0.49896345 0.09951045 0.95153689 2 0.49220955 0.12250679 0.95153689 3
2 0.49451855 0.11457986 0.94884092 2 0.48456469 0.14137825 0.94884092 3
2 0.48799315 0.13253249 0.94748545 2 0.47504494 0.16340680 0.94748545 3
2 0.47933695 0.15275274 0.94668007 2 0.46392927 0.18739173 0.94668007 3
2 0.46875834 0.17507355 0.94613123 2 0.44952443 0.21212102 0.94613123 3
2 0.45581216 0.19919868 0.94943714 2 0.43233413 0.23809183 0.94943714 3
2 0.44002658 0.22385131 0.95191807 2 0.41135380 0.26203629 0.95191807 3
2 0.42161942 0.24933267 0.95836294 2 0.38987678 0.28941768 0.95836294 3
2 0.40097129 0.27411339 0.96696985 2 0.36661485 0.31108323 0.96696985 3
2 0.37797567 0.29777542 0.97698188 2 0.34003672 0.33251536 0.97698188 3
2 0.35370889 0.31897482 0.99066198 2 0.31399855 0.34613001 0.99066198 3
2 0.32765177 0.33776796 1.00182593 2 0.28538531 0.36427885 1.00182593 3
2 0.30073228 0.35247821 1.01818573 2 0.25889787 0.36915952 1.01818573 3
2 0.27364266 0.36328766 1.03301811 2 0.23165289 0.37514001 1.03301811 3
2 0.24789570 0.37164792 1.04814303 2 0.21142423 0.37885585 1.04814303 3
2 0.22239527 0.37870023 1.05762625 2 0.18342568 0.39291644 1.05762625 3
2 0.19886257 0.38362446 1.06685781 2 0.16508831 0.38850334 1.06685781 3
2 0.17781019 0.38665962 1.08565950 2 0.14775430 0.38668621 1.08565950 3
2 0.15785633 0.38710120 1.09694278 2 0.13226166 0.37959048 1.09694278 3
2 0.14255400 0.38116252 1.10442924 2 0.12269346 0.36874521 1.10442924 3
2 0.13017601 0.37335655 1.11018276 2 0.11622946 0.35669550 1.11018276 3
2 0.12083057 0.36368060 1.11544371 2 0.11094421 0.34787425 1.11544371 3
2 0.11465082 0.35425162 1.11927271 2 0.10789403 0.34219190 1.11927271 3
2 0.11051398 0.34662509 1.12215471 2 0.10643867 0.33872882 1.12215471 3
2 0.10776886 0.34143403 1.11803174 2 0.10549687 0.33629367 1.11803174 3
2 0.10670175 0.33901209 1.12174642 2 0.10691149 0.33861056 1.12174642 3
2 0.10660798 0.33904937 1.12066090 2 0.10767156 0.34281126 1.12066090 3
2 0.10744816 0.34132209 1.12006009 2 0.10995214 0.34825212 1.12006009 3
2 0.10977208 0.34554985 1.11332023 2 0.11500324 0.35336804 1.11332023 3
2 0.11364737 0.35049060 1.10380030 2 0.12281834 0.35841095 1.10380030 3
2 0.12030551 0.35615858 1.09495199 2 0.13484661 0.36556917 1.09495199 3
2 0.13029827 0.36182910 1.08312213 2 0.15053552 0.37098530 1.08312213 3
2 0.14355867 0.36767524 1.06956041 2 0.16862947 0.37676039 1.06956041 3
2 0.15985961 0.37367865 1.05881858 2 0.18845962 0.38235092 1.05881858 3
2 0.17834894 0.37808543 1.04069102 2 0.20908433 0.38294810 1.04069102 3
2 0.19974899 0.37864104 1.03531647 2 0.23662974 0.37228748 1.03531647 3
2 0.22338946 0.37669593 1.01433492 2 0.26367557 0.36830214 1.01433492 3
2 0.24864298 0.37144920 0.99890643 2 0.28974190 0.36107963 0.99890643 3
2 0.27525392 0.36212051 0.98257357 2 0.31541640 0.34531909 0.98257357 3
2 0.30153900 0.35177886 0.96908265 2 0.34172598 0.33021066 0.96908265 3
2 0.32687554 0.33688292 0.95699966 2 0.36488456 0.30796555 0.95699966 3
2 0.35151342 0.31785300 0.94914275 2 0.38811588 0.28444433 0.94914275 3
2 0.37472108 0.29613289 0.94141626 2 0.40791738 0.25783211 0.94141626 3
2 0.39560080 0.27141672 0.93909502 2 0.42487115 0.23106363 0.93909502 3
2 0.41413671 0.24560030 0.93637413 2 0.43849123 0.20454471 0.93637413 3
2 0.42967042 0.21972404 0.93365586 2 0.44976038 0.18110484 0.93365586 3
2 0.44189075 0.19448075 0.93448520 2 0.45622551 0.15704907 0.93448520 3
2 0.45196125 0.17078306 0.93780613 2 0.46481606 0.13656950 0.93780613 3
2 0.46013880 0.14902033 0.93661928 2 0.47097772 0.11779145 0.93661928 3
2 0.46649700 0.12851791 0.94036448 2 0.47502929 0.09941271 0.94036448 3
2 0.47224969 0.11004201 0.94352156 2 0.47896376 0.08337823 0.94352156 3
2 0.47634786 0.09307498 0.94619793 2 0.48099679 0.06896292 0.94619793 3
2 0.47959080 0.07831079 0.95020449 2 0.48385674 0.05920024 0.95020449 3
2 0.48221877 0.06643172 0.95170242 2 0.48543540 0.05244723 0.95170242 3
2 0.48412886 0.05796470 0.95264775 2 0.48653492 0.05017882 0.95264775 3
2 0.48539719 0.05386538 0.95076567 2 0.48588344 0.05329662 0.95076567 3
2 0.48595816 0.05404678 0.95099062 2 0.48599634 0.06073891 0.95099062 3
2 0.48545131 0.05843976 0.94987398 2 0.48322415 0.07071503 0.94987398 3
2 0.48435530 0.06718643 0.94619727 2 0.48207673 0.08581785 0.94619727 3
2 0.48234698 0.07935423 0.94581854 2 0.47764674 0.10252584 0.94581854 3
2 0.47899351 0.09450332 0.94165248 2 0.47240093 0.12183719 0.94165248 3
2 0.47426823 0.11225625 0.93884695 2 0.46393722 0.14202967 0.93884695 3
2 0.46762744 0.13197419 0.94003671 2 0.45524216 0.16502419 0.94003671 3
2 0.45886746 0.15357107 0.93804902 2 0.44220689 0.18920861 0.93804902 3
2 0.44686890 0.17631908 0.93566078 2 0.42382893 0.21303415 0.93566078 3
2 0.43225822 0.19989021 0.94086123 2 0.40488270 0.23632306 0.94086123 3
2 0.41430554 0.22428940 0.94301420 2 0.38297045 0.26272464 0.94301420 3
2 0.39350533 0.24896227 0.94818556 2 0.35865387 0.28802797 0.94818556 3
2 0.37072363 0.27274331 0.95852131 2 0.33228388 0.30796954 0.95852131 3
2 0.34637406 0.29498416 0.97464848 2 0.30729309 0.32470402 0.97464848 3
2 0.32073388 0.31553850 0.98797256 2 0.28029677 0.34461325 0.98797256 3
2 0.29480252 0.33187240 1.00264025 2 0.25494638 0.35282081 1.00264025 3
2 0.26857382 0.34484306 1.01790214 2 0.22725993 0.35912338 1.01790214 3
2 0.24339287 0.35480022 1.03365993 2 0.20686533 0.36372188 1.03365993 3
2 0.21979354 0.36090434 1.05054009 2 0.18626457 0.36884397 1.05054009 3
2 0.19666378 0.36659139 1.06275058 2 0.16262986 0.37560096 1.06275058 3
2 0.17588423 0.36926040 1.07834673 2 0.14418969 0.36927146 1.07834673 3
2 0.15695825 0.36837709 1.09417832 2 0.13165981 0.35919398 1.09417832 3
2 0.14136377 0.36316219 1.10860026 2 0.12484193 0.34695494 1.10860026 3
2 0.13036276 0.35378042 1.11884522 2 0.11938272 0.33789861 1.11884522 3
2 0.12315399 0.34403357 1.12776852 2 0.11583430 0.33047289 1.12776852 3
2 0.11868290 0.33587253 1.13320887 2 0.11406448 0.32702440 1.13320887 3
2 0.11617508 0.33059400 1.13690603 2 0.11517486 0.32633367 1.13690603 3
2 0.11519804 0.32785699 1.13275969 2 0.11573213 0.32743055 1.13275969 3
2 0.11575244 0.32846814 1.13019454 2 0.11826114 0.33342811 1.13019454 3
2 0.11772905 0.33151034 1.12327826 2 0.12214538 0.33962652 1.12327826 3
2 0.12099362 0.33620021 1.11387587 2 0.12855361 0.34533083 1.11387587 3
2 0.12655626 0.34222209 1.10371983 2 0.13839740 0.35151953 1.10371983 3
2 0.13483675 0.34804767 1.08926606 2 0.15193202 0.35668615 1.08926606 3
2 0.14577888 0.35343009 1.07209313 2 0.16638553 0.36107177 1.07209313 3
2 0.15920408 0.35857040 1.05810559 2 0.18259360 0.36580491 1.05810559 3
2 0.17441465 0.36278707 1.04329646 2 0.19943768 0.36825383 1.04329646 3
2 0.19248855 0.36283430 1.03160381 2 0.22479272 0.35598987 1.03160381 3
2 0.21298061 0.36106396 1.01810217 2 0.24889967 0.35336694 1.01810217 3
2 0.23599230 0.35622033 0.99243283 2 0.27509469 0.34609970 0.99243283 3
2 0.26170039 0.34800375 0.97812951 2 0.30240482 0.33538777 0.97812951 3
2 0.28821895 0.34011281 0.96342415 2 0.33112019 0.32391781 0.96342415 3
2 0.31596470 0.32802942 0.95285195 2 0.36004528 0.30439758 0.95285195 3
2 0.34355366 0.31187731 0.94115090 2 0.38535225 0.28069419 0.94115090 3
2 0.37016678 0.29203197 0.93470341 2 0.40851358 0.25522366 0.93470341 3
2 0.39462763 0.26811120 0.93392032 2 0.42847130 0.22780302 0.93392032 3
2 0.41579169 0.24185283 0.93009973 2 0.44415805 0.19907562 0.93009973 3
2 0.43438673 0.21439081 0.93154156 2 0.45924968 0.17067493 0.93154156 3
2 0.45019534 0.18579321 0.93513584 2 0.47133783 0.14070942 0.93513584 3
2 0.46287590 0.15665987 0.93751907 2 0.47872034 0.11120355 0.93751907 3
2 0.47305289 0.12725359 0.94034374 2 0.48430270 0.08138624 0.94034374 3
2 0.48015788 0.09849690 0.94804019 2 0.48717034 0.05586908 0.94804019 3
2 0.48313978 0.07134077 0.95874822 2 0.48261219 0.03246822 0.95874822 3
2 0.48396218 0.04666802 0.96398395 2 0.48154604 0.01307862 0.96398395 3
2 0.48331830 0.02576211 0.96774048 2 0.48164561 -0.00161927 0.96774048 3
2 0.48194957 0.00902318 0.97028768 2 0.48196313 -0.01025640 0.97028768 3
2 0.48190984 -0.00258110 0.97128773 2 0.48254058 -0.01299975 0.97128773 3
2 0.48193038 -0.00881638 0.96907854 2 0.48157853 -0.01090895 0.96907854 3
2 0.48204601 -0.00968180 0.96930182 2 0.48209202 -0.00421970 0.96930182 3
2 0.48241153 -0.00558259 0.96680009 2 0.48349211 0.00692450 0.96680009 3
2 0.48318860 0.00313441 0.96156090 2 0.48583177 0.02263638 0.96156090 3
2 0.48578712 0.01653927 0.95296466 2 0.49229082 0.04350909 0.95296466 3
2 0.48835093 0.03421907 0.94451141 2 0.49234885 0.06722627 0.94451141 3
2 0.48979652 0.05548754 0.93908364 2 0.48887014 0.09253456 0.93908364 3
2 0.48902935 0.07953595 0.93454784 2 0.48202673 0.11914893 0.93454784 3
2 0.48474276 0.10568786 0.92882007 2 0.47471258 0.14842135 0.92882007 3
2 0.47755563 0.13339722 0.92597097 2 0.46318293 0.17834336 0.92597097 3
2 0.46670741 0.16161703 0.92457646 2 0.44482011 0.20544979 0.92457646 3
2 0.45391878 0.19160363 0.92607439 2 0.43039480 0.23927934 0.92607439 3
2 0.43770728 0.22061729 0.93340558 2 0.40945479 0.26434293 0.93340558 3
2 0.41870666 0.25001177 0.93285364 2 0.38685465 0.29600430 0.93285364 3
2 0.39870802 0.27848890 0.94248545 2 0.36438850 0.31891495 0.94248545 3
2 0.37598997 0.30376562 0.95211577 2 0.33931476 0.34003752 0.95211577 3
2 0.35146946 0.32736084 0.96162355 2 0.31103995 0.35799670 0.96162355 3
2 0.32609019 0.34663165 0.97657782 2 0.28510699 0.37261215 0.97657782 3
2 0.29999149 0.36164284 0.99266809 2 0.26003340 0.37810850 0.99266809 3
2 0.27343008 0.37318036 1.01395023 2 0.23315479 0.38549554 1.01395023 3
2 0.24825875 0.37934306 1.02520227 2 0.21049018 0.38174567 1.02520227 3
2 0.22374269 0.38208294 1.04460561 2 0.18720512 0.38317618 1.04460561 3
2 0.19976377 0.38435674 1.05912507 2 0.16430974 0.38711625 1.05912507 3
2 0.17791553 0.38242075 1.07986486 2 0.14598933 0.37749553 1.07986486 3
2 0.15830919 0.37803903 1.09525812 2 0.13264799 0.36318883 1.09525812 3
2 0.14225747 0.37011731 1.11269736 2 0.12379670 0.35056773 1.11269736 3
2 0.12967479 0.35817558 1.12197196 2 0.11451470 0.33929390 1.12197196 3
2 0.12070210 0.34627771 1.13009465 2 0.11056903 0.33019146 1.13009465 3
2 0.11429633 0.33674121 1.13363528 2 0.10740451 0.32548186 1.13363528 3
2 0.10530323 0.33412182 1.14404988 2 0.08728655 0.34155527 1.14404988 3
2 0.09844693 0.33445042 1.14019930 2 0.08698760 0.34141624 1.14019930 3
2 0.09302708 0.33768627 1.13478291 2 0.08951494 0.34318981 1.13478291 3
2 0.08967176 0.34313330 1.12930703 2 0.09535085 0.34666154 1.12930703 3
2 0.09346376 0.34560198 1.12166178 2 0.10291019 0.35172328 1.12166178 3
2 0.10144331 0.34857145 1.11048102 2 0.11965808 0.35331160 1.11048102 3
2 0.11124677 0.35281554 1.09718275 2 0.12906617 0.36028537 1.09718275 3
2 0.12268244 0.35856262 1.08283854 2 0.14120184 0.36997661 1.08283854 3
2 0.13595279 0.36507285 1.06871176 2 0.15593536 0.37814471 1.06871176 3
2 0.14889085 0.37255216 1.05360579 2 0.17178176 0.38310042 1.05360579 3
2 0.16550219 0.37735027 1.04756975 2 0.19615248 0.37870726 1.04756975 3
2 0.18385655 0.37965241 1.03195429 2 0.21497145 0.37860626 1.03195429 3
2 0.20388572 0.37893909 1.01601458 2 0.23623332 0.37492508 1.01601458 3
2 0.22585702 0.37579471 0.99343419 2 0.25966039 0.37045845 0.99343419 3
2 0.24738069 0.37103951 0.97532207 2 0.28248769 0.35910073 0.97532207 3
2 0.27012292 0.36293918 0.95783567 2 0.30604702 0.34558821 0.95783567 3
2 0.29338679 0.35043895 0.94198328 2 0.32929197 0.32401806 0.94198328 3
2 0.31653029 0.33330384 0.92862332 2 0.35223493 0.30119860 0.92862332 3
2 0.33924705 0.31225297 0.91850358 2 0.37321869 0.27418986 0.91850358 3
2 0.36046085 0.28662282 0.91404253 2 0.39056921 0.24248098 0.91404253 3
2 0.37980017 0.25876150 0.91290939 2 0.40621680 0.21210918 0.91290939 3
2 0.39637008 0.22840226 0.91362983 2 0.41801882 0.17949946 0.91362983 3
2 0.41134557 0.19692859 0.90654844 2 0.43293148 0.14828224 0.90654844 3
2 0.42384899 0.16408367 0.91040641 2 0.44021001 0.11076146 0.91040641 3
2 0.43404052 0.12936063 0.91594291 2 0.44657719 0.07284002 0.91594291 3
2 0.44087756 0.09367324 0.92638719 2 0.44448704 0.03648170 0.92638719 3
2 0.44522971 0.05768827 0.93433994 2 0.45011273 0.00465857 0.93433994 3
2 0.44784293 0.02427790 0.94467837 2 0.45048904 -0.02224278 0.94467837 3
2 0.44885129 -0.00448327 0.95060867 2 0.45063540 -0.04123838 0.95060867 3
2 0.45139858 -0.02783161 0.95519829 2 0.45458710 -0.05590534 0.95519829 3
2 0.45295149 -0.04481026 0.95926017 2 0.45646527 -0.06213136 0.95926017 3
2 0.45513269 -0.05491810 0.96013361 2 0.45931625 -0.06153487 0.96013361 3
2 0.45790783 -0.05856502 0.96065557 2 0.46167126 -0.05461268 0.96065557 3
2 0.45989230 -0.05548162 0.95564574 2 0.46246120 -0.04253376 0.95564574 3
2 0.46142116 -0.04670421 0.95175624 2 0.46240640 -0.02613057 0.95175624 3
2 0.46233886 -0.03298160 0.94684625 2 0.46287695 -0.00589413 0.94684625 3
2 0.46183056 -0.01549633 0.94433779 2 0.45943159 0.01588664 0.94433779 3
2 0.45960057 0.00464876 0.94054961 2 0.45315874 0.03838259 0.94054961 3
2 0.45678195 0.02618808 0.93682045 2 0.45094767 0.06011491 0.93682045 3
2 0.45335495 0.04910546 0.92724138 2 0.44933075 0.08596958 0.92724138 3
2 0.44955334 0.07298648 0.92353076 2 0.44429830 0.11164212 0.92353076 3
2 0.44550401 0.09878357 0.91240871 2 0.43662581 0.14200678 0.91240871 3
2 0.43861157 0.12549318 0.91829300 2 0.42270762 0.16698854 0.91829300 3
2 0.42852497 0.15307960 0.92240375 2 0.40840733 0.19641487 0.92240375 3
2 0.41581041 0.18183547 0.92176110 2 0.39304245 0.22673884 0.92176110 3
2 0.40036514 0.21051458 0.92541903 2 0.37459642 0.25700721 0.92541903 3
2 0.38345894 0.24004364 0.93745869 2 0.35474849 0.28503266 0.93745869 3
2 0.36410359 0.26830718 0.94886780 2 0.33051103 0.30911350 0.94886780 3
2 0.34216017 0.29386359 0.96333754 2 0.30482626 0.32833609 0.96333754 3
2 0.31774715 0.31696206 0.98027831 2 0.27648810 0.34894145 0.98027831 3
2 0.29130861 0.33607206 0.99923199 2 0.24877250 0.36087850 0.99923199 3
2 0.26407114 0.35060930 1.02201235 2 0.22149049 0.36641991 1.02201235 3
2 0.23718849 0.36142519 1.04149663 2 0.19752540 0.37065911 1.04149663 3
2 0.21009035 0.36994386 1.05435371 2 0.16806296 0.38301539 1.05435371 3
2 0.18462458 0.37394202 1.07299685 2 0.14713958 0.37639001 1.07299685 3
2 0.16184635 0.37424985 1.09049499 2 0.13091591 0.36661705 1.09049499 3
2 0.14272499 0.37060323 1.10528684 2 0.12217315 0.35478961 1.10528684 3
2 0.12921613 0.36127201 1.11381912 2 0.11484566 0.34552127 1.11381912 3
2 0.12055746 0.35232663 1.12068295 2 0.11327390 0.34091458 1.12068295 3
2 0.11592007 0.34521264 1.12146282 2 0.11288887 0.33873048 1.12146282 3
2 0.11389598 0.34185538 1.12165022 2 0.11455411 0.34204122 1.12165022 3
2 0.11433639 0.34212318 1.11320353 2 0.11683812 0.34718123 1.11320353 3
2 0.11681979 0.34493166 1.10714674 2 0.12358043 0.35256425 1.10714674 3
2 0.12167984 0.34986594 1.09533381 2 0.13278815 0.35861081 1.09533381 3
2 0.12930195 0.35504326 1.07725751 2 0.14562072 0.36270875 1.07725751 3
2 0.14029898 0.36047432 1.06429791 2 0.16134433 0.36891425 1.06429791 3
2 0.15429153 0.36495766 1.04676056 2 0.18008432 0.37029615 1.04676056 3
2 0.17187461 0.36523601 1.03862095 2 0.20372097 0.35885227 1.03862095 3
2 0.19171223 0.36331236 1.01828182 2 0.22535466 0.35424706 1.01828182 3
2 0.21397564 0.35849488 0.99522150 2 0.25069988 0.34944585 0.99522150 3
2 0.23884103 0.34916362 0.97374600 2 0.27989122 0.33269805 0.97374600 3
2 0.26462421 0.33828086 0.95435631 2 0.30720791 0.31442365 0.95435631 3
2 0.29185563 0.32251561 0.93440688 2 0.33433938 0.29017115 0.93440688 3
2 0.31921455 0.30090958 0.92360753 2 0.35995036 0.26235780 0.92360753 3
2 0.34503758 0.27634448 0.91940677 2 0.38293737 0.23385729 0.91940677 3
2 0.36852750 0.24886803 0.91749609 2 0.40064397 0.20423308 0.91749609 3
2 0.38881370 0.21976069 0.91832048 2 0.41481283 0.17357828 0.91832048 3
2 0.40563527 0.19019897 0.91818023 2 0.42660758 0.14404075 0.91818023 3
2 0.41936502 0.16033940 0.91700172 2 0.43746796 0.11443907 0.91700172 3
2 0.43051291 0.13023469 0.91901594 2 0.44487602 0.08381470 0.91901594 3
2 0.43812430 0.09986220 0.93208140 2 0.44458532 0.05195277 0.93208140 3
2 0.44334418 0.06988577 0.93762612 2 0.44692326 0.02420853 0.93762612 0
2 0.44721687 0.04051514 0.94053137 2 0.45293218 -0.00278928 0.94053137 0
2 0.44957396 0.01307090 0.95052850 2 0.45445901 -0.02548343 0.95052850 3
2 0.45185941 -0.01097076 0.95797372 2 0.45348266 -0.04365415 0.95797372 3
2 0.45405897 -0.03180224 0.96536785 2 0.45547479 -0.05841868 0.96536785 3
2 0.45476329 -0.04789295 0.96859288 2 0.45573536 -0.06634340 0.96859288 3
2 0.45612845 -0.05941829 0.96796149 2 0.46016514 -0.07077005 0.96796149 3
2 0.45786926 -0.06591960 0.96829808 2 0.46042871 -0.06874645 0.96829808 3
2 0.45908329 -0.06702570 0.96658158 2 0.46023738 -0.06198711 0.96658158 3
2 0.46080279 -0.06334180 0.96101689 2 0.46249518 -0.05073003 0.96101689 3
2 0.46080944 -0.05446115 0.95653355 2 0.46009788 -0.03444611 0.95653355 3
2 0.46105325 -0.04124326 0.95041698 2 0.46140113 -0.01515237 0.95041698 3
2 0.46082184 -0.02411540 0.94708109 2 0.45914486 0.00713628 0.94708109 3
2 0.45802477 -0.00387583 0.94260556 2 0.45095187 0.03064646 0.94260556 3
2 0.45483759 0.01859238 0.93489176 2 0.44698042 0.05574246 0.93489176 3
2 0.45112637 0.04385416 0.92293912 2 0.44672969 0.08634434 0.92293912 3
2 0.44510591 0.07074070 0.91996568 2 0.43494347 0.11503937 0.91996568 3
2 0.43791556 0.09945630 0.92019039 2 0.42151403 0.14576271 0.92019039 3
2 0.42784831 0.13000096 0.91926801 2 0.40590242 0.17804067 0.91926801 3
2 0.41352364 0.16178174 0.92044324 2 0.38914111 0.21385589 0.92044324 3
2 0.39700928 0.19477105 0.92861384 2 0.36849988 0.24718927 0.92861384 3
2 0.37778637 0.22778240 0.93649405 2 0.34411028 0.27767491 0.93649405 3
2 0.35611314 0.25935578 0.95211613 2 0.31870651 0.30379277 0.95211613 3
2 0.33215818 0.28788242 0.96825296 2 0.29304904 0.32739353 0.96825296 3
2 0.30645880 0.31300968 0.98549980 2 0.26553941 0.34710801 0.98549980 3
2 0.28016299 0.33436048 1.00604069 2 0.23882914 0.36246514 1.00604069 3
2 0.25522065 0.35003918 1.02691662 2 0.21926031 0.36538196 1.02691662 3
2 0.23129787 0.36164606 1.04179347 2 0.19778584 0.37299487 1.04179347 3
2 0.20996408 0.36932933 1.05165207 2 0.18065926 0.37736186 1.05165207 3
2 0.19054918 0.37513670 1.06290579 2 0.16125144 0.38592678 1.06290579 3
2 0.17298032 0.37965676 1.07236433 2 0.14943740 0.38299727 1.07236433 3
2 0.15883175 0.38167509 1.08128953 2 0.14180291 0.38052565 1.08128953 3
2 0.14814076 0.38168171 1.08399582 2 0.13880032 0.37676957 1.08399582 3
2 0.14224282 0.37900096 1.08571744 2 0.13831419 0.37525398 1.08571744 3
2 0.13972694 0.37704992 1.08225143 2 0.13988458 0.37536228 1.08225143 3
2 0.14034231 0.37577662 1.07610965 2 0.14469658 0.37566638 1.07610965 3
2 0.14344117 0.37574083 1.06666970 2 0.15162787 0.37676251 1.06666970 3
2 0.14892477 0.37640709 1.05866706 2 0.16066411 0.37798929 1.05866706 3
2 0.15651971 0.37742907 1.05034673 2 0.17055845 0.37951452 1.05034673 3
2 0.16677019 0.37592736 1.04491675 2 0.18615356 0.36907828 1.04491675 3
2 0.17821302 0.37349108 1.03207028 2 0.19761933 0.36662760 1.03207028 3
2 0.19098386 0.36929926 1.01889360 2 0.21190059 0.36099339 1.01889360 3
2 0.20513622 0.36367571 1.00775552 2 0.22720060 0.35730970 1.00775552 3
2 0.21983983 0.35941601 0.99308467 2 0.24532378 0.35192323 0.99308467 3
2 0.23697008 0.35290492 0.97505969 2 0.26654083 0.34024715 0.97505969 3
2 0.25565282 0.34469473 0.95728797 2 0.28694347 0.32758978 0.95728797 3
2 0.27639914 0.33374012 0.94786102 2 0.31044555 0.31300694 0.94786102 3
2 0.29834369 0.31969896 0.93584549 2 0.33323440 0.29542577 0.93584549 3
2 0.32050306 0.30312365 0.92606920 2 0.35524824 0.27341977 0.92606920 3
2 0.34237286 0.28347906 0.91931283 2 0.37417698 0.24840607 0.91931283 3
2 0.36282110 0.26095155 0.91675508 2 0.39193016 0.22241843 0.91675508 3
2 0.38081050 0.23571369 0.91701835 2 0.40470210 0.19413881 0.91701835 3
2 0.39632255 0.20854780 0.91726738 2 0.41686818 0.16448124 0.91726738 3
2 0.41000038 0.18005510 0.91640896 2 0.42857042 0.13419324 0.91640896 3
2 0.42176536 0.15007727 0.91682982 2 0.43885565 0.10231335 0.91682982 3
2 0.43171576 0.11853132 0.92700052 2 0.44412923 0.06767473 0.92700052 3
2 0.43870774 0.08586957 0.93545514 2 0.44415760 0.03359468 0.93545514 3
2 0.44437385 0.05275674 0.93884450 2 0.45096937 0.00175334 0.93884450 3
2 0.44779843 0.02021861 0.94811714 2 0.45247751 -0.02752885 0.94811714 3
2 0.44981828 -0.00976852 0.96036315 2 0.45209795 -0.05172799 0.96036315 3
2 0.45196155 -0.03617685 0.96625888 2 0.45236599 -0.07133018 0.96625888 3
2 0.45310229 -0.05836961 0.97071034 2 0.45563272 -0.08620730 0.97071034 3
2 0.45436648 -0.07521318 0.97429091 2 0.45770991 -0.09398822 0.97429091 3
2 0.45612633 -0.08635490 0.97707170 2 0.45917833 -0.09524159 0.97707170 3
2 0.45829108 -0.09183785 0.97596794 2 0.46093807 -0.09224242 0.97596794 3
2 0.46007252 -0.09170464 0.97359020 2 0.46274990 -0.08482982 0.97359020 3
2 0.46154046 -0.08686858 0.97094417 2 0.46354848 -0.07395234 0.97094417 3
2 0.46341553 -0.07781180 0.96493614 2 0.46673396 -0.05831302 0.96493614 3
2 0.46537867 -0.06503005 0.95845419 2 0.46884635 -0.04050617 0.95845419 3
2 0.46643022 -0.04904792 0.95399022 2 0.46679288 -0.02039508 0.95399022 3
2 0.46674982 -0.03034228 0.95009816 2 0.46447644 0.00121274 0.95009816 3
2 0.46460530 -0.01010090 0.94671184 2 0.45769945 0.02287387 0.94671184 3
2 0.46033412 0.01157440 0.94434506 2 0.45147395 0.04636794 0.94434506 3
2 0.45566964 0.03526418 0.93448633 2 0.44809002 0.07473902 0.93448633 3
2 0.45090163 0.06171460 0.92713588 2 0.44567424 0.10767012 0.92713588 3
2 0.44430235 0.09038424 0.92634815 2 0.43088332 0.13797610 0.92634815 3
2 0.43522713 0.12197225 0.92755502 2 0.41429162 0.17301448 0.92755502 3
2 0.42278481 0.15621024 0.93094289 2 0.39756241 0.21208331 0.93094289 3
2 0.40459687 0.19103180 0.93621445 2 0.37239245 0.24727297 0.93621445 3
2 0.38322562 0.22697972 0.94971657 2 0.34469032 0.28166938 0.94971657 3
2 0.35839611 0.26063782 0.96346158 2 0.31423259 0.30693135 0.96346158 3
2 0.32998228 0.29083079 0.98209172 2 0.28358176 0.33219570 0.98209172 3
2 0.30071479 0.31559151 1.00168526 2 0.25528911 0.34522977 1.00168526 3
2 0.27088365 0.33481237 1.02419078 2 0.22543660 0.35769475 1.02419078 3
2 0.24397483 0.34812054 1.04109657 2 0.20720220 0.35893273 1.04109657 3
2 0.21881542 0.35710296 1.05342197 2 0.18336771 0.36771908 1.05342197 3
2 0.19548586 0.36479804 1.06472898 2 0.16232382 0.37592125 1.06472898 3
2 0.17606322 0.36838266 1.07890832 2 0.14799178 0.37174830 1.07890832 3
2 0.15881126 0.37048095 1.09252357 2 0.13906619 0.36639720 1.09252357 3
2 0.14577889 0.36879194 1.10114241 2 0.13204278 0.36021146 1.10114241 3
2 0.13706593 0.36334321 1.11001492 2 0.12802887 0.35400903 1.11001492 3
2 0.13121405 0.35741752 1.11362064 2 0.12493161 0.34801251 1.11362064 3
2 0.12726253 0.35158023 1.11816454 2 0.12356324 0.34311706 1.11816454 3
2 0.12485834 0.34652069 1.11886168 2 0.12261096 0.34015682 1.11886168 3
2 0.12323999 0.34290612 1.11694670 2 0.12167226 0.33987409 1.11694670 3
2 0.12276650 0.34117129 1.11499619 2 0.12318439 0.34144747 1.11499619 3
2 0.12328500 0.34130210 1.11116707 2 0.12586342 0.34394953 1.11116707 3
2 0.12507828 0.34292358 1.10586452 2 0.13006519 0.34681880 1.10586452 3
2 0.12852852 0.34550151 1.09785604 2 0.13570918 0.35028836 1.09785604 3
2 0.13356882 0.34832197 1.08501709 2 0.14363691 0.35273683 1.08501709 3
2 0.14043714 0.35179782 1.07777584 2 0.15367198 0.35795507 1.07777584 3
2 0.14898184 0.35518569 1.06446517 2 0.16454563 0.36036322 1.06446517 3
2 0.15933391 0.35826117 1.04955101 2 0.17738123 0.36252820 1.04955101 3
2 0.17256084 0.35812128 1.04336584 2 0.19706868 0.35133886 1.04336584 3
2 0.18713814 0.35658610 1.02941334 2 0.21231994 0.35147238 1.02941334 3
2 0.20363452 0.35348904 1.01274705 2 0.23073985 0.34787384 1.01274705 3
2 0.22282293 0.34829307 0.99227178 2 0.25439015 0.34194872 0.99227178 3
2 0.24334817 0.34292388 0.97288585 2 0.27977344 0.32916591 0.97288585 3
2 0.26684862 0.33376655 0.95657015 2 0.30678809 0.31414610 0.95657015 3
2 0.29254949 0.32049736 0.94154304 2 0.33373889 0.29403806 0.94154304 3
2 0.31900433 0.30181891 0.93001127 2 0.36026660 0.26639286 0.93001127 3
2 0.34515500 0.27813810 0.92252821 2 0.38421288 0.23340112 0.92252821 3
2 0.36918828 0.24853903 0.92013133 2 0.40243357 0.19471458 0.92013133 3
2 0.39008674 0.21412612 0.91957289 2 0.41660756 0.15571240 0.91957289 3
2 0.40808403 0.17663245 0.91418844 2 0.43173894 0.11607488 0.91418844 3
2 0.42224613 0.13739820 0.91734934 2 0.44039097 0.07640328 0.91734934 3
2 0.43216068 0.09816884 0.93140715 2 0.44130787 0.03781775 0.93140715 0
2 0.43978295 0.06018593 0.93411446 2 0.44645801 0.00410019 0.93411446 0
2 0.44417810 0.02461834 0.94402480 2 0.44908488 -0.02560626 0.94402480 3
2 0.44595248 -0.00704852 0.95101357 2 0.44730884 -0.04944641 0.95101357 3
2 0.44765052 -0.03370509 0.96109891 2 0.44778791 -0.06793473 0.96109891 3
2 0.44775856 -0.05480975 0.96585178 2 0.44674158 -0.07929488 0.96585178 3
2 0.44811845 -0.07060891 0.96722531 2 0.45079497 -0.08790784 0.96722531 3
2 0.44923589 -0.08116481 0.97060114 2 0.45189673 -0.09083203 0.97060114 3
2 0.45073649 -0.08661261 0.96993077 2 0.45389506 -0.08895653 0.96993077 3
2 0.45286185 -0.08776885 0.96833748 2 0.45511410 -0.08310288 0.96833748 3
2 0.45399547 -0.08419761 0.96605051 2 0.45526803 -0.07288735 0.96605051 3
2 0.45552948 -0.07689462 0.96140540 2 0.45805484 -0.06103904 0.96140540 3
2 0.45751733 -0.06591894 0.95281523 2 0.46203125 -0.04448187 0.95281523 3
2 0.45945832 -0.05144036 0.95377594 2 0.46293646 -0.02461818 0.95377594 3
2 0.46124664 -0.03383961 0.95115048 2 0.46218956 -0.00187431 0.95115048 3
2 0.46134299 -0.01283133 0.94836086 2 0.45799693 0.02349077 0.94836086 3
2 0.45913926 0.01112528 0.94738758 2 0.45285016 0.05181944 0.94738758 3
2 0.45817167 0.03918538 0.93004423 2 0.45942202 0.08837470 0.93004423 3
2 0.45489869 0.06986382 0.93385381 2 0.44897839 0.12136669 0.93385381 3
2 0.44917241 0.10347802 0.93621778 2 0.43431982 0.15832604 0.93621778 3
2 0.44040605 0.13948169 0.93980467 2 0.41647163 0.19595602 0.93980467 3
2 0.42457017 0.17647086 0.94336951 2 0.39548856 0.23673889 0.94336951 3
2 0.40424401 0.21355769 0.95356828 2 0.36691293 0.26955682 0.95356828 3
2 0.37963182 0.24834245 0.96687764 2 0.33502868 0.29680210 0.96687764 3
2 0.35107949 0.27906418 0.98344374 2 0.30157202 0.31773940 0.98344374 3
2 0.31917340 0.30424690 1.00207996 2 0.26756114 0.33665600 1.00207996 3
2 0.28596804 0.32287523 1.02190506 2 0.23399664 0.34297159 1.02190506 3
2 0.25394189 0.33597487 1.03817868 2 0.20727400 0.34818780 1.03817868 3
2 0.22499323 0.34493822 1.05235672 2 0.18656999 0.35284922 1.05235672 3
2 0.19915959 0.35122088 1.06188416 2 0.16493525 0.36191720 1.06188416 3
2 0.17857496 0.35534409 1.07193053 2 0.15236178 0.35913232 1.07193053 3
2 0.16261975 0.35785425 1.07917440 2 0.14424688 0.35771868 1.07917440 3
2 0.15085556 0.35878953 1.08447170 2 0.14049822 0.35606861 1.08447170 3
2 0.14410305 0.35694394 1.08621299 2 0.13853891 0.35459760 1.08621299 3
2 0.14068171 0.35577688 1.08999515 2 0.13915052 0.35453585 1.08999515 3
2 0.13966650 0.35478011 1.08552074 2 0.14048821 0.35380208 1.08552074 3
2 0.13994895 0.35473979 1.08620465 2 0.14180700 0.35608691 1.08620465 3
2 0.14051305 0.35688648 1.08978629 2 0.14070801 0.36362174 1.08978629 3
2 0.14107269 0.36267969 1.09662378 2 0.14131075 0.37859648 1.09662378 2
-999
