2 0.46058580 -0.13388936 1.04039252 2 0.45778313 -0.13538250 1.04039252 3
2 0.45821059 -0.13392836 1.03280401 2 0.45602107 -0.13065784 1.03280401 3
2 0.45695233 -0.12999913 1.02896893 2 0.45579246 -0.11764477 1.02896893 3
2 0.45490825 -0.12045590 1.02231932 2 0.44961721 -0.09591090 1.02231932 3
2 0.44899809 -0.10446082 1.01647711 2 0.43330175 -0.07018661 1.01647711 3
2 0.43710086 -0.08161043 1.01546788 2 0.40693104 -0.03822514 1.01546788 3
2 0.41602278 -0.05357909 1.01537526 2 0.36973223 -0.00482028 1.01537526 3
2 0.38541037 -0.02344397 1.02368605 2 0.32556796 0.02485496 1.02368605 3
2 0.34483665 0.00638320 1.03349638 2 0.26937228 0.04864325 1.03349638 3
2 0.29618567 0.03127541 1.05416000 2 0.21104908 0.06012942 1.05416000 3
2 0.24196717 0.04921651 1.08622193 2 0.15206885 0.06549976 1.08622193 3
2 0.18858300 0.05445687 1.11659122 2 0.11288517 0.04337839 1.11659122 3
2 0.14259622 0.04765239 1.14164162 2 0.08743199 0.01914302 1.14164162 3
2 0.10974132 0.03290092 1.15310538 2 0.08261640 -0.00016726 1.15310538 1
2 0.09232382 0.01610762 1.15314269 2 0.08485485 -0.00048110 1.15314269 1
2 0.08638696 0.00750823 1.14549363 2 0.09085671 0.01112527 1.14549363 1
2 0.09002635 0.00838894 1.13294160 2 0.10291111 0.02453143 1.13294160 1
2 0.09778852 0.01727175 1.12180960 2 0.11422934 0.03599324 1.12180960 3
2 0.10773665 0.02784400 1.11160290 2 0.12487084 0.04146292 1.11160290 3
2 0.11919611 0.03665614 1.10339570 2 0.13667008 0.04581173 1.10339570 3
2 0.13152237 0.04307374 1.09335411 2 0.15246333 0.04980299 1.09335411 3
2 0.14611477 0.04727377 1.07683194 2 0.17317887 0.05265413 1.07683194 3
2 0.16551694 0.04906798 1.06203938 2 0.20350499 0.04817139 1.06203938 3
2 0.19025996 0.04797723 1.04467475 2 0.23668934 0.04074379 1.04467475 3
2 0.21988544 0.04424977 1.02993798 2 0.27174270 0.03437439 1.02993798 3
2 0.25417411 0.03580812 1.01065338 2 0.31080973 0.01831691 1.01065338 3
2 0.29079399 0.02365001 0.99516195 2 0.35037705 -0.00124208 0.99516195 3
2 0.32865062 0.00592246 0.97965938 2 0.38826868 -0.03143722 0.97965938 3
2 0.36663076 -0.01911401 0.96965528 2 0.42343661 -0.06694057 0.96965528 3
2 0.40219384 -0.05053254 0.96855402 2 0.45248082 -0.10856938 0.96855402 3
2 0.43372753 -0.08771200 0.96858740 2 0.47565991 -0.15066905 0.96858740 3
2 0.45954260 -0.12719047 0.96877629 2 0.49039042 -0.18952981 0.96877629 3
2 0.47746310 -0.16714281 0.96849030 2 0.49366504 -0.22645591 0.96849030 3
2 0.48777533 -0.20441361 0.97422856 2 0.49228683 -0.25703388 0.97422856 3
2 0.49174359 -0.23558857 0.97564745 2 0.49062040 -0.27415594 0.97564745 3
2 0.49164659 -0.25955671 0.98266333 2 0.48978868 -0.28378636 0.98266333 3
2 0.49065015 -0.27383602 0.98232448 2 0.48976216 -0.28178987 0.98232448 3
2 0.48977050 -0.27803954 0.98267168 2 0.48881868 -0.27229774 0.98267168 3
2 0.48947090 -0.27328911 0.98191988 2 0.48948246 -0.25358596 0.98191988 3
2 0.48908520 -0.25839758 0.97939551 2 0.48820975 -0.22258936 0.97939551 3
2 0.48692748 -0.23425251 0.97796082 2 0.48076814 -0.18349630 0.97796082 3
2 0.48164639 -0.20052856 0.97646481 2 0.46684813 -0.13579044 0.97646481 3
2 0.46883291 -0.16049327 0.98473907 2 0.43664783 -0.09268299 0.98473907 3
2 0.44676459 -0.11775535 0.99336946 2 0.39807782 -0.05161523 0.99336946 3
2 0.41557494 -0.07529569 1.00550127 2 0.35435215 -0.01421629 1.00550127 3
2 0.37564382 -0.03705959 1.01891124 2 0.30611938 0.01645966 1.01891124 3
2 0.33033708 -0.00402110 1.03217411 2 0.25469062 0.03838362 1.03217411 3
2 0.28214428 0.02301834 1.04971111 2 0.20494637 0.05535551 1.04971111 3
2 0.23381352 0.04114945 1.06590569 2 0.16129041 0.05673454 1.06590569 3
2 0.18636580 0.05298686 1.08400095 2 0.11678363 0.06273536 1.08400095 3
2 0.14400169 0.05650463 1.09374881 2 0.08619375 0.05107730 1.09374881 3
2 0.10714317 0.05255120 1.10578537 2 0.05856301 0.03853459 1.10578537 3
2 0.07723571 0.04506817 1.10649276 2 0.04319219 0.02583664 1.10649276 3
2 0.05470134 0.03458745 1.10866785 2 0.02761745 0.02116506 1.10866785 3
2 0.03887284 0.02610957 1.10521090 2 0.02410253 0.01776683 1.10521090 3
2 0.03024781 0.02108662 1.09999847 2 0.02509955 0.01918198 1.09999847 0
2 0.02740233 0.02000629 1.09608698 2 0.03308468 0.02197655 1.09608698 0
2 0.03171964 0.02145731 1.08893335 2 0.04583203 0.02744329 1.08893335 3
2 0.04105673 0.02588696 1.08407509 2 0.06231927 0.03588815 1.08407509 3
2 0.05544804 0.03372383 1.07386732 2 0.08339372 0.05121731 1.07386732 3
2 0.07766392 0.04010375 1.06512141 2 0.12341264 0.04712692 1.06512141 3
2 0.10567253 0.04598304 1.05429602 2 0.15916727 0.05036665 1.05429602 3
2 0.13913396 0.05075624 1.03653920 2 0.19694187 0.05453783 1.03653920 3
2 0.17768089 0.05029262 1.02104414 2 0.23765074 0.04932136 1.02104414 3
2 0.21645872 0.04856488 1.00756550 2 0.27885062 0.03938700 1.00756550 3
2 0.25626120 0.04154730 0.99018270 2 0.31847981 0.02107304 0.99018270 3
2 0.29640231 0.02711670 0.97531104 2 0.35738811 -0.00435429 0.97531104 3
2 0.33407333 0.00626200 0.96556169 2 0.38777274 -0.03528563 0.96556169 3
2 0.36850423 -0.02069957 0.95887494 2 0.41584191 -0.06935364 0.95887494 3
2 0.39607260 -0.05398624 0.95514590 2 0.42731914 -0.11305606 0.95514590 3
2 0.41687348 -0.08943409 0.94959718 2 0.43937874 -0.14643335 0.94959718 3
2 0.43226844 -0.12509272 0.94414002 2 0.44839358 -0.17759746 0.94414002 3
2 0.44181269 -0.15915635 0.94569570 2 0.45365101 -0.20472805 0.94569570 3
2 0.44876817 -0.18690917 0.94182163 2 0.45450768 -0.22324322 0.94182163 3
2 0.45284674 -0.20898822 0.94130850 2 0.45519507 -0.23354261 0.94130850 3
2 0.45479879 -0.22320144 0.94233966 2 0.45597097 -0.23289883 0.94233966 3
2 0.45480907 -0.22804336 0.94081163 2 0.45352581 -0.22243689 0.94081163 3
2 0.45332959 -0.22364698 0.94179773 2 0.44823095 -0.20403171 0.94179773 3
2 0.44990867 -0.20893125 0.94029903 2 0.44105893 -0.17299992 0.94029903 3
2 0.44288889 -0.18567318 0.94150329 2 0.42728391 -0.13842653 0.94150329 3
2 0.43145415 -0.15571202 0.94356889 2 0.40690821 -0.10159535 0.94356889 3
2 0.41570792 -0.11907513 0.94540530 2 0.38435188 -0.05674312 0.94540530 3
2 0.39277914 -0.08126532 0.95187837 2 0.34816736 -0.02159555 0.95187837 3
2 0.36356860 -0.04373693 0.96349573 2 0.30926895 0.01132366 0.96349573 3
2 0.32877821 -0.01027768 0.98149592 2 0.26668218 0.03091967 0.98149592 3
2 0.28792179 0.01878859 0.99508619 2 0.22034758 0.05893338 0.99508619 3
2 0.24435787 0.04242799 1.01340926 2 0.17344090 0.07210039 1.01340926 3
2 0.19907351 0.05956177 1.02643490 2 0.12797546 0.07895949 1.02643490 3
2 0.15400773 0.07177413 1.03990710 2 0.08670080 0.07819910 1.03990710 3
2 0.11247546 0.07403947 1.05300045 2 0.05506607 0.06660666 1.05300045 3
2 0.07425751 0.07073725 1.06021440 2 0.02132880 0.05791735 1.06021440 3
2 0.04152992 0.06177704 1.06665468 2 -0.00206113 0.04241841 1.06665468 3
2 0.01399233 0.04947725 1.07195604 2 -0.02271588 0.02878052 1.07195604 3
2 -0.00967824 0.03769390 1.07530487 2 -0.03866538 0.01947337 1.07530487 3
2 -0.02614743 0.02611767 1.07638085 2 -0.04352606 0.01209895 1.07638085 3
2 -0.03740723 0.01786403 1.07921815 2 -0.04598726 0.01002458 1.07921815 3
2 -0.04346174 0.01334501 1.07771659 2 -0.04608735 0.01133414 1.07771659 3
2 -0.04437223 0.01184503 1.07557130 2 -0.04180232 0.01404351 1.07557130 3
2 -0.04202929 0.01437328 1.06910276 2 -0.03353440 0.02278567 1.06910276 3
2 -0.03447944 0.01935734 1.06207573 2 -0.01476066 0.03038278 1.06207573 3
2 -0.02174008 0.02708111 1.05298138 2 0.00587976 0.04269825 1.05298138 3
2 -0.00290644 0.03734158 1.04033649 2 0.03460405 0.05536493 1.04033649 3
2 0.02318360 0.04695722 1.02735102 2 0.07190485 0.06116268 1.02735102 3
2 0.05413016 0.05517471 1.00734651 2 0.11006159 0.06258229 1.00734651 3
2 0.08950602 0.05970234 0.99537289 2 0.14785907 0.05995700 0.99537289 3
2 0.12807472 0.05900422 0.97617334 2 0.18907164 0.05179404 0.97617334 3
2 0.16668059 0.05259248 0.96115655 2 0.22634108 0.03446873 0.96115655 3
2 0.20395327 0.03835439 0.94476515 2 0.25881475 0.00406201 0.94476515 3
2 0.23981093 0.01958300 0.93306464 2 0.29073599 -0.01595291 0.93306464 3
2 0.27212507 -0.00481020 0.91616213 2 0.31779993 -0.04626285 0.91616213 3
2 0.29839474 -0.03637588 0.91329718 2 0.33032301 -0.09278806 0.91329718 3
2 0.32021993 -0.06893209 0.90676564 2 0.34499186 -0.12716810 0.90676564 3
2 0.33681029 -0.10501176 0.90157449 2 0.35633433 -0.16020437 0.90157449 3
2 0.34842199 -0.14150785 0.90087932 2 0.36394039 -0.19144735 0.90087932 3
2 0.35864261 -0.17244519 0.89922756 2 0.37074211 -0.21600777 0.89922756 3
2 0.36596745 -0.19918418 0.89776313 2 0.37385935 -0.23320545 0.89776313 3
2 0.37148711 -0.21974976 0.89874005 2 0.37818372 -0.24115761 0.89874005 3
2 0.37538701 -0.23196116 0.89915985 2 0.37926981 -0.23876576 0.89915985 3
2 0.37780991 -0.23556294 0.89905608 2 0.38027123 -0.22886148 0.89905608 3
2 0.37786379 -0.23109250 0.90174377 2 0.37350979 -0.21403834 0.90174377 3
2 0.37680861 -0.21778390 0.90761548 2 0.37379041 -0.18656448 0.90761548 3
2 0.37331399 -0.19732529 0.91093975 2 0.36490816 -0.15564851 0.91093975 3
2 0.36632246 -0.17074323 0.91889513 2 0.35182852 -0.12149182 0.91889513 3
2 0.35636845 -0.13907003 0.92658687 2 0.33263218 -0.08693022 0.92658687 3
2 0.34150499 -0.10135584 0.93007576 2 0.31372318 -0.03461262 0.93007576 3
2 0.32151273 -0.06396382 0.94639671 2 0.28410286 -0.00606467 0.94639671 3
2 0.29659382 -0.02835148 0.95978779 2 0.25127840 0.02012915 0.95978779 3
2 0.26796436 0.00675154 0.97355217 2 0.21729347 0.05242386 0.97355217 3
2 0.23505187 0.03286201 0.98662555 2 0.18175250 0.06934126 0.98662555 3
2 0.20017849 0.05576097 1.00168085 2 0.14435019 0.08472066 1.00168085 3
2 0.16488749 0.07344544 1.01561558 2 0.11006772 0.08943876 1.01561558 3
2 0.12946789 0.08324046 1.02638316 2 0.07572909 0.09062330 1.02638316 3
2 0.09526181 0.08718254 1.03594172 2 0.04528084 0.08392717 1.03594172 3
2 0.06210518 0.08522365 1.04819143 2 0.01183198 0.07611437 1.04819143 3
2 0.03075546 0.07793837 1.05943191 2 -0.01500037 0.05936691 1.05943191 3
2 0.00312256 0.06590215 1.06642354 2 -0.03411403 0.04177285 1.06642354 3
2 -0.02325726 0.05185088 1.07741654 2 -0.05970823 0.02737281 1.07741654 3
2 -0.04370284 0.03699944 1.08579826 2 -0.06917730 0.01709154 1.08579826 3
2 -0.05862316 0.02523974 1.09127903 2 -0.07366461 0.01308900 1.09127903 3
2 -0.06900360 0.01756921 1.09690428 2 -0.07428131 0.01186723 1.09690428 3
2 -0.07253592 0.01438656 1.09356177 2 -0.07323737 0.01539131 1.09356177 3
2 -0.07249811 0.01533041 1.08676934 2 -0.06853037 0.02145946 1.08676934 3
2 -0.06918348 0.01962160 1.07481217 2 -0.05987244 0.03083578 1.07481217 3
2 -0.05911798 0.02608537 1.06379247 2 -0.03261967 0.03796148 1.06379247 3
2 -0.04451472 0.03502491 1.05273855 2 -0.01379115 0.05149071 1.05273855 3
2 -0.02398635 0.04531844 1.04088247 2 0.01443533 0.06284256 1.04088247 3
2 0.00260382 0.05505740 1.02307415 2 0.04691324 0.06974326 1.02307415 3
2 0.03084854 0.06431171 1.00838172 2 0.08121819 0.07445496 1.00838172 3
2 0.06322362 0.07009668 0.99293882 2 0.11607740 0.07399275 0.99293882 3
2 0.09769071 0.07148122 0.98192102 2 0.15251438 0.06761800 0.98192102 3
2 0.13345523 0.06871851 0.95989925 2 0.19016838 0.05785628 0.95989925 3
2 0.16988084 0.05878466 0.94756472 2 0.22704373 0.03344438 0.94756472 3
2 0.20574754 0.04051345 0.93593764 2 0.25931942 -0.00075523 0.93593764 3
2 0.24067059 0.02003205 0.92086190 2 0.29186910 -0.01468544 0.92086190 3
2 0.27356827 -0.00544441 0.90711987 2 0.32138979 -0.04395290 0.90711987 3
2 0.30158484 -0.03588832 0.90905118 2 0.33827612 -0.08915044 0.90905118 3
2 0.32555649 -0.06570031 0.90285933 2 0.35414368 -0.12119425 0.90285933 3
2 0.34447652 -0.09994411 0.90250278 2 0.36666769 -0.15148997 0.90250278 3
2 0.35781375 -0.13332140 0.89966357 2 0.37420675 -0.17640090 0.89966357 3
2 0.36838421 -0.16054672 0.90020883 2 0.37995920 -0.19739875 0.90020883 3
2 0.37534645 -0.18308733 0.89859903 2 0.38139871 -0.21041165 0.89859903 3
2 0.38004306 -0.19982851 0.89996243 2 0.38519049 -0.21740843 0.89996243 3
2 0.38327181 -0.21020941 0.89946914 2 0.38695911 -0.21671982 0.89946914 3
2 0.38436061 -0.21372771 0.89793545 2 0.38405940 -0.21035644 0.89793545 3
2 0.38438067 -0.21130002 0.90104568 2 0.38105416 -0.19970745 0.90104568 3
2 0.38173231 -0.20264928 0.90431947 2 0.37415460 -0.18186043 0.90431947 3
2 0.37585726 -0.18736681 0.90782624 2 0.36297166 -0.15439494 0.90782624 3
2 0.36622790 -0.16634242 0.91630143 2 0.34469268 -0.12515031 0.91630143 3
2 0.35180989 -0.13881071 0.92116588 2 0.32248342 -0.08859942 0.92116588 3
2 0.33310366 -0.10460433 0.93067890 2 0.29861820 -0.04404198 0.93067890 3
2 0.30838576 -0.07200727 0.94778937 2 0.26320061 -0.02435707 0.94778937 3
2 0.27930254 -0.03678625 0.96175718 2 0.22747678 0.01547925 0.96175718 3
2 0.24569505 -0.00458909 0.97981107 2 0.18721454 0.03948580 0.97981107 3
2 0.20768812 0.02045023 0.99754602 2 0.14623053 0.05566895 0.99754602 3
2 0.16807789 0.04322616 1.01042533 2 0.10443887 0.06506632 1.01042533 3
2 0.12882742 0.05549648 1.02743256 2 0.07079793 0.06312618 1.02743256 3
2 0.09070746 0.06097757 1.04456615 2 0.03514383 0.06024883 1.04456615 3
2 0.05553799 0.05963720 1.05896842 2 0.00617030 0.04925474 1.05896842 3
2 0.02539507 0.05266145 1.06695855 2 -0.01540611 0.03647454 1.06695855 3
2 -0.00323057 0.04400453 1.08222711 2 -0.04317851 0.02819349 1.08222711 3
2 -0.02513778 0.03358154 1.08962429 2 -0.05154205 0.01870993 1.08962429 3
2 -0.04050764 0.02504704 1.09154499 2 -0.05400850 0.01558741 1.09154499 3
2 -0.05073159 0.01941776 1.09383559 2 -0.05483165 0.01442729 1.09383559 3
2 -0.05300033 0.01673406 1.08734632 2 -0.05163796 0.01816418 1.08734632 3
2 -0.05050987 0.01717069 1.07619166 2 -0.04083751 0.02083398 1.07619166 3
2 -0.04364189 0.02002566 1.06587708 2 -0.02559054 0.02738110 1.06587708 3
2 -0.03146761 0.02564801 1.05056036 2 -0.00518391 0.03729657 1.05056036 3
1 -0.01450631 0.03356757 1.03412712 1 0.01686668 0.05043167 1.03412712 0
2 0.00902942 0.04044397 1.01202834 2 0.05447008 0.04793423 1.01202834 0
2 0.03671778 0.04746120 0.99072510 2 0.08599164 0.05504231 0.99072510 3
2 0.06806847 0.05125238 0.96952367 2 0.12076258 0.05179089 0.96952367 3
2 0.10337358 0.04895340 0.94600362 2 0.15813021 0.04061909 0.94600362 3
2 0.13823880 0.04437295 0.91865337 2 0.19420657 0.02850058 0.91865337 3
2 0.17417461 0.03103876 0.90210110 2 0.22975239 0.00042735 0.90210110 3
2 0.20982280 0.01334789 0.87952644 2 0.26314420 -0.01969828 0.87952644 3
2 0.24317506 -0.01050790 0.86901593 2 0.29108930 -0.05589361 0.86901593 3
2 0.27349436 -0.03981017 0.85933650 2 0.31478906 -0.08924945 0.85933650 3
2 0.29751185 -0.07250111 0.85589200 2 0.32454884 -0.13140865 0.85589200 3
2 0.31523195 -0.10927067 0.85197288 2 0.33278620 -0.16688940 0.85197288 3
2 0.32552314 -0.14592418 0.85228252 2 0.33092871 -0.20250961 0.85228252 3
2 0.33025855 -0.18148695 0.85289615 2 0.33317769 -0.23079754 0.85289615 3
2 0.33335692 -0.21139868 0.85036904 2 0.33677605 -0.25010914 0.85036904 0
2 0.33505550 -0.23547310 0.85373765 2 0.33985433 -0.26181915 0.85373765 0
2 0.33748949 -0.25132439 0.85814065 2 0.34057838 -0.26448298 0.85814065 0
2 0.33941066 -0.25820842 0.85882485 2 0.34064278 -0.25680822 0.85882485 0
2 0.34008548 -0.25711206 0.85962898 2 0.33923608 -0.24431793 0.85962898 3
2 0.33973360 -0.24808501 0.86745548 2 0.33833948 -0.22448541 0.86745548 3
2 0.33807328 -0.23111691 0.86689669 2 0.33370692 -0.19539732 0.86689669 3
2 0.33360475 -0.20826349 0.86825162 2 0.32219139 -0.16429113 0.86825162 3
2 0.32579279 -0.18030073 0.87641001 2 0.30715242 -0.13178845 0.87641001 3
2 0.31289086 -0.14789926 0.88546532 2 0.28582299 -0.09443562 0.88546532 3
2 0.29440412 -0.11498441 0.90247804 2 0.25886840 -0.06367318 0.90247804 3
2 0.27108234 -0.08032991 0.91877812 2 0.22800420 -0.02549632 0.91877812 3
2 0.24262804 -0.04641419 0.94007772 2 0.19255078 0.00357922 0.94007772 3
2 0.20981702 -0.01626503 0.96242243 2 0.15390676 0.02556027 0.96242243 3
2 0.17394419 0.01017116 0.98595071 2 0.11490946 0.04078424 0.98595071 3
2 0.13741016 0.02805797 1.00683558 2 0.08199099 0.04465477 1.00683558 3
2 0.10092936 0.03863626 1.02539885 2 0.04691184 0.04457840 1.02539885 3
2 0.06571421 0.04313732 1.04411876 2 0.01328252 0.04262414 1.04411876 3
2 0.03457950 0.04102682 1.05464649 2 -0.00906742 0.03155053 1.05464649 3
2 0.00345034 0.03632203 1.06822479 2 -0.04223740 0.02537073 1.06822479 3
2 -0.02006534 0.02565400 1.06952226 2 -0.04580574 0.00084131 1.06952226 3
2 -0.03940002 0.01613662 1.07692266 2 -0.06330799 0.00501910 1.07692266 3
2 -0.05538142 0.00842007 1.07657433 2 -0.07198371 0.00129581 1.07657433 3
2 -0.06280535 0.00256064 1.07630539 2 -0.07158166 0.00314012 1.07630539 3
2 -0.06821892 0.00431179 1.07441115 2 -0.06613946 0.00797360 1.07441115 3
2 -0.06663363 0.00729738 1.07024145 2 -0.05592071 0.01769580 1.07024145 3
2 -0.05896967 0.01352728 1.05786633 2 -0.04048234 0.02666030 1.05786633 3
2 -0.04565406 0.02232816 1.04619884 2 -0.01733023 0.03869708 1.04619884 3
2 -0.02424746 0.03090419 1.02441967 2 0.02104958 0.04200360 1.02441967 3
1 0.00180321 0.03966520 1.00353301 1 0.04918574 0.05267885 1.00353301 3
2 0.03394009 0.04560939 0.98147899 2 0.08872478 0.04980372 0.98147899 3
2 0.06924693 0.04795510 0.96277696 2 0.12392893 0.04756843 0.96277696 3
2 0.10437465 0.04672723 0.93704623 2 0.16199172 0.03597045 0.93704623 3
2 0.14159222 0.03930829 0.91395873 2 0.19792093 0.02229525 0.91395873 3
2 0.17746215 0.02663970 0.88983464 2 0.23211704 -0.00202902 0.88983464 3
2 0.21232925 0.00894835 0.86609930 2 0.26300308 -0.02389978 0.86609930 3
2 0.24448119 -0.01460624 0.85757875 2 0.29009396 -0.05931158 0.85757875 3
2 0.27282864 -0.04260984 0.84676307 2 0.31054762 -0.09028684 0.84676307 3
2 0.29645273 -0.07231922 0.84312665 2 0.32570091 -0.12125392 0.84312665 3
2 0.31497237 -0.10346461 0.84397638 2 0.33614543 -0.14804271 0.84397638 3
2 0.32839325 -0.13119839 0.84261954 2 0.34300649 -0.16970222 0.84261954 3
2 0.33799845 -0.15539546 0.84663796 2 0.34841201 -0.18625528 0.84663796 3
2 0.34426802 -0.17450589 0.84639835 2 0.35032061 -0.19678217 0.84639835 0
2 0.34838003 -0.18787810 0.84822583 2 0.35228518 -0.20051806 0.84822583 0
2 0.35046145 -0.19481604 0.84786505 2 0.35099256 -0.19628179 0.84786505 3
2 0.35051811 -0.19563887 0.85197163 2 0.34835207 -0.18847948 0.85197163 3
2 0.34842682 -0.19024660 0.85261291 2 0.34148341 -0.17423856 0.85261291 3
2 0.34292430 -0.17778569 0.85313839 2 0.32966843 -0.14952403 0.85313839 3
2 0.33384931 -0.15958183 0.86031252 2 0.31394348 -0.12230131 0.86031252 3
2 0.32032955 -0.13323565 0.86301345 2 0.29351741 -0.08171255 0.86301345 3
2 0.30138591 -0.10177430 0.87636971 2 0.26476803 -0.04769352 0.87636971 3
2 0.27637869 -0.06886172 0.89387131 2 0.22845148 -0.01785193 0.89387131 3
2 0.24520676 -0.03472652 0.91345942 2 0.18811515 0.01370968 0.91345942 3
2 0.20826310 -0.00501580 0.94007134 2 0.14494118 0.03659329 0.94007134 3
2 0.16725385 0.02055866 0.96598274 2 0.10025749 0.05381558 0.96598274 3
2 0.12469781 0.04019158 0.99037349 2 0.05810963 0.05925557 0.99037349 3
2 0.08205216 0.05189369 1.01526856 2 0.01771697 0.05914943 1.01526856 3
2 0.03987999 0.05727607 1.04327250 2 -0.02354373 0.05704616 1.04327250 3
2 0.00093688 0.05591500 1.06878483 2 -0.05498527 0.04757951 1.06878483 3
2 -0.03190501 0.05057456 1.08216715 2 -0.07189757 0.03724912 1.08216715 3
2 -0.05892919 0.04300015 1.10160017 2 -0.08890004 0.02849921 1.10160017 3
2 -0.07627426 0.03499579 1.10877943 2 -0.09145685 0.02537814 1.10877943 3
2 -0.08567849 0.02945334 1.10799420 2 -0.09149953 0.02606534 1.10799420 1
2 -0.09003358 0.02740224 1.10223222 2 -0.08824530 0.02974109 1.10223222 1
1 -0.08822637 0.02986729 1.09289849 1 -0.08112322 0.03904166 1.09289849 0
2 -0.08331041 0.03605792 1.07732475 2 -0.07122180 0.05079885 1.07732475 0
1 -0.06948256 0.04136294 1.05134237 1 -0.03443601 0.04694419 1.05134237 0
1 -0.05126022 0.04861755 1.03284717 1 -0.01423528 0.05861546 1.03284717 0
2 -0.02745327 0.05587913 1.00958574 2 0.01479621 0.06824285 1.00958574 3
2 0.00343437 0.05988172 0.98837548 2 0.05252645 0.06690240 0.98837548 3
2 0.03407475 0.06563945 0.96654969 2 0.08910572 0.06931861 0.96654969 3
2 0.06956839 0.06669973 0.94455338 2 0.12823315 0.06206171 0.94455338 3
2 0.10799853 0.06262055 0.91928428 2 0.16869904 0.05128223 0.91928428 3
2 0.14695327 0.05461724 0.90043449 2 0.20853363 0.03381862 0.90043449 3
2 0.18660212 0.03953151 0.88278270 2 0.24769196 0.00791425 0.88278270 3
2 0.22552562 0.02033170 0.86901999 2 0.28368846 -0.01552432 0.86901999 3
2 0.26204446 -0.00412697 0.85582602 2 0.31424922 -0.04723508 0.85582602 3
2 0.29336432 -0.03420335 0.85674113 2 0.33266637 -0.08734964 0.85674113 3
2 0.31964594 -0.06485778 0.85246444 2 0.35175279 -0.11506329 0.85246444 3
2 0.34041354 -0.09644935 0.85062569 2 0.36593750 -0.14140755 0.85062569 3
2 0.35640934 -0.12545834 0.85246885 2 0.37781695 -0.16226883 0.85246885 3
2 0.36897501 -0.14823955 0.85694885 2 0.38213924 -0.17776006 0.85694885 3
2 0.37760451 -0.16586329 0.85898501 2 0.38559726 -0.18446882 0.85898501 3
2 0.38308457 -0.17691441 0.86247259 2 0.38732696 -0.18439889 0.86247259 3
2 0.38559335 -0.18093719 0.86370337 2 0.38761780 -0.17708547 0.86370337 3
2 0.38594037 -0.17838816 0.86372519 2 0.38309732 -0.16656518 0.86372519 3
2 0.38414890 -0.16872504 0.86663353 2 0.37800273 -0.14465125 0.86663353 3
2 0.37836021 -0.15267734 0.87172204 2 0.36340556 -0.11908700 0.87172204 3
2 0.36576134 -0.13241100 0.88228589 2 0.33589211 -0.09528278 0.88228589 3
2 0.34830162 -0.10412393 0.88492423 2 0.31208819 -0.05237944 0.88492423 3
2 0.32263026 -0.07665665 0.90568531 2 0.27419564 -0.03486788 0.90568531 3
2 0.29025906 -0.04763527 0.92094946 2 0.23298553 -0.00302300 0.92094946 3
2 0.25298062 -0.01967673 0.93837881 2 0.18551888 0.01555756 0.93837881 3
2 0.20909983 -0.00014181 0.96379006 2 0.13586080 0.02513183 0.96379006 3
2 0.16228630 0.01570316 0.98960179 2 0.08648935 0.02682629 0.98960179 3
2 0.11508460 0.02038844 1.01631296 2 0.04446007 0.01398692 1.01631296 3
2 0.07001522 0.01712762 1.04318404 2 0.00593175 0.00112724 1.04318404 3
2 0.02947636 0.00596999 1.07039928 2 -0.02531363 -0.02069476 1.07039928 3
2 -0.00284873 -0.01231852 1.09240830 2 -0.04136677 -0.04717316 1.09240830 3
1 -0.02599963 -0.03223231 1.10050809 1 -0.04617124 -0.06605329 1.10050809 3
1 -0.03741348 -0.05432390 1.09619117 1 -0.03750352 -0.08706935 1.09619117 1
1 -0.04054760 -0.07202630 1.09647655 1 -0.03676811 -0.09036162 1.09647655 1
1 -0.03962318 -0.08258207 1.09619892 1 -0.03760163 -0.08801658 1.09619892 1
1 -0.03958743 -0.08539763 1.10115671 1 -0.04697203 -0.07551576 1.10115671 1
2 -0.04101834 -0.07956447 1.09112394 2 -0.04321840 -0.06274795 1.09112394 3
2 -0.04049038 -0.06860802 1.08187973 2 -0.03391857 -0.04578818 1.08187973 3
2 -0.03708288 -0.05274516 1.06203747 2 -0.02283773 -0.02402303 1.06203747 3
2 -0.02322550 -0.03664994 1.03766012 2 0.00996472 -0.01104260 1.03766012 3
2 -0.00454700 -0.01920837 1.01920462 2 0.03253874 0.00692046 1.01920462 3
2 0.01885517 -0.00143628 0.99996012 2 0.06036837 0.02520778 0.99996012 3
2 0.04729805 0.01437995 0.97923493 2 0.09090780 0.03930413 0.97923493 3
2 0.07564298 0.02902152 0.96293300 2 0.12392118 0.04692684 0.96293300 3
2 0.10732298 0.03965388 0.94549531 2 0.15970512 0.04848980 0.94549531 3
2 0.14105767 0.04497294 0.92827642 2 0.19562781 0.04551319 0.92827642 3
2 0.17600162 0.04215050 0.91439003 2 0.23079552 0.02658752 0.91439003 3
2 0.21130519 0.03400324 0.89588469 2 0.26504463 0.01331301 0.89588469 3
2 0.24511644 0.01906885 0.88363439 2 0.29461136 -0.01230313 0.88363439 3
2 0.27744487 -0.00087664 0.86791378 2 0.32459879 -0.03465201 0.86791378 3
2 0.30466655 -0.02634887 0.86555737 2 0.33866304 -0.07670957 0.86555737 3
2 0.32725072 -0.05581642 0.85840631 2 0.35440865 -0.10502866 0.85840631 3
2 0.34671262 -0.08565489 0.85096943 2 0.37184945 -0.13164097 0.85096943 3
2 0.36034870 -0.11628454 0.85086864 2 0.37881073 -0.15625469 0.85086864 3
2 0.37183133 -0.14165570 0.85117400 2 0.38387269 -0.17781672 0.85117400 3
2 0.38024461 -0.16321918 0.85163480 2 0.38731787 -0.19052388 0.85163480 3
2 0.38445702 -0.17950410 0.85233116 2 0.38837138 -0.19563907 0.85233116 3
2 0.38712585 -0.18907300 0.85394937 2 0.38923183 -0.19318019 0.85394937 3
2 0.38815710 -0.19104731 0.85285944 2 0.38774356 -0.18449801 0.85285944 3
2 0.38757408 -0.18657099 0.85722780 2 0.38473964 -0.17159702 0.85722780 3
2 0.38540787 -0.17502877 0.85777092 2 0.37936369 -0.14834127 0.85777092 3
2 0.38049310 -0.15743062 0.86569422 2 0.36908570 -0.12169884 0.86569422 3
2 0.37159857 -0.13553619 0.87712300 2 0.35133240 -0.09622350 0.87712300 3
2 0.35877106 -0.10619568 0.87932217 2 0.33262497 -0.05325229 0.87932217 3
2 0.33988610 -0.07550176 0.89388555 2 0.30281454 -0.02519722 0.89388555 3
2 0.31532028 -0.04425229 0.91209066 2 0.26986140 0.00319452 0.91209066 3
2 0.28585896 -0.01249389 0.93100679 2 0.23248446 0.02999348 0.93100679 3
2 0.25065526 0.01409450 0.95244253 2 0.19114926 0.05280780 0.95244253 3
2 0.21228173 0.03606296 0.97311276 2 0.14877427 0.06161315 0.97311276 3
2 0.17121924 0.05215377 0.99533951 2 0.10528287 0.06619044 0.99533951 3
2 0.13043110 0.05915302 1.01703227 2 0.06960040 0.05625350 1.01703227 3
2 0.09040387 0.05719048 1.03763533 2 0.03138416 0.04362157 1.03763533 3
2 0.05499439 0.04730442 1.05439949 2 0.00812200 0.02062097 1.05439949 3
2 0.02173956 0.03295882 1.07919490 2 -0.02747882 0.00852237 1.07919490 3
2 -0.00486482 0.01405447 1.08804691 2 -0.03549043 -0.01998642 1.08804691 3
2 -0.02344954 -0.00567008 1.09824944 2 -0.04161575 -0.03515659 1.09824944 3
2 -0.03721281 -0.02172690 1.10269427 2 -0.04527495 -0.04317265 1.10269427 1
2 -0.04219208 -0.03378874 1.11262977 2 -0.04703626 -0.03788527 1.11262977 1
2 -0.04464670 -0.04003355 1.09969401 2 -0.04485436 -0.04429474 1.09969401 1
2 -0.04472394 -0.04026098 1.09360671 2 -0.04150131 -0.03540491 1.09360671 1
2 -0.04228926 -0.03405642 1.08141255 2 -0.03510145 -0.01745103 1.08141255 3
2 -0.03547235 -0.02571732 1.06126261 2 -0.01900967 -0.00333139 1.06126261 3
2 -0.02428591 -0.01103638 1.03890061 2 0.00089741 0.01483575 1.03890061 3
1 -0.00615702 0.00413152 1.01552010 1 0.03235291 0.02493593 1.01552010 3
2 0.01697307 0.01873933 0.99151051 2 0.05810589 0.04093924 0.99151051 3
2 0.04429147 0.03186405 0.97046667 2 0.09081841 0.04874047 0.97046667 3
2 0.07578114 0.04106118 0.94446003 2 0.12722588 0.05109122 0.94446003 3
2 0.10848582 0.04707064 0.91857761 2 0.16378362 0.04790572 0.91857761 3
2 0.14454116 0.04674340 0.89602274 2 0.20264231 0.03867016 0.89602274 3
2 0.18170775 0.03970364 0.87463808 2 0.23954916 0.01937841 0.87463808 3
2 0.21825983 0.02667638 0.85413682 2 0.27325618 -0.00211941 0.85413682 3
2 0.25349280 0.00701700 0.84108657 2 0.30426201 -0.03180923 0.84108657 3
2 0.28455800 -0.01957284 0.83712697 2 0.32609063 -0.06872412 0.83712697 3
2 0.31173316 -0.04953969 0.83390099 2 0.34746718 -0.10116804 0.83390099 3
2 0.33338654 -0.08331788 0.83291852 2 0.35886505 -0.13749382 0.83291852 3
2 0.35046870 -0.11750703 0.82729721 2 0.37197843 -0.16832213 0.82729721 3
2 0.36455667 -0.14990447 0.82901460 2 0.38188851 -0.19808435 0.82901460 3
2 0.37412095 -0.18057694 0.83221453 2 0.38526195 -0.22327355 0.83221453 3
2 0.38141590 -0.20700914 0.83664989 2 0.38737482 -0.24255818 0.83664989 3
2 0.38566563 -0.22852375 0.84040672 2 0.38850975 -0.25331408 0.84040672 3
2 0.38772970 -0.24287854 0.84147191 2 0.39003423 -0.25411910 0.84147191 0
2 0.38852197 -0.24890931 0.83778858 2 0.38823885 -0.24582568 0.83778858 0
2 0.38824275 -0.24632388 0.83684516 2 0.38603175 -0.23074871 0.83684516 3
2 0.38679093 -0.23478246 0.83359349 2 0.38243511 -0.20571984 0.83359349 3
2 0.38159403 -0.21524222 0.83578849 2 0.36861148 -0.17463033 0.83578849 3
2 0.37328875 -0.18866085 0.83819824 2 0.35422513 -0.13831769 0.83819824 3
2 0.35926101 -0.15708528 0.84821463 2 0.32880127 -0.10387949 0.84821463 3
2 0.33923796 -0.12131142 0.85538691 2 0.30146900 -0.06211326 0.85538691 3
2 0.31402850 -0.08533251 0.87474400 2 0.26670516 -0.03084708 0.87474400 3
2 0.28240865 -0.05022630 0.89678764 2 0.22688794 0.00184013 0.89678764 3
2 0.24616145 -0.01758561 0.91981494 2 0.18287879 0.02580206 0.91981494 3
2 0.20566791 0.00790889 0.94883811 2 0.13895822 0.03878733 0.94883811 3
2 0.16355136 0.02650475 0.97724855 2 0.09819221 0.04184366 0.97724855 3
2 0.12240155 0.03545879 1.00244427 2 0.06277929 0.03597096 1.00244427 3
2 0.08299787 0.03641767 1.02883768 2 0.02570279 0.02844324 1.02883768 3
2 0.04737028 0.03000239 1.04866958 2 -0.00296518 0.01211236 1.04866958 3
2 0.01543573 0.01829735 1.07391465 2 -0.02892270 -0.00573456 1.07391465 3
2 -0.01091673 0.00186872 1.08703613 2 -0.04133026 -0.03065358 1.08703613 3
2 -0.03002022 -0.01849253 1.09105587 2 -0.04943594 -0.05345039 1.09105587 3
2 -0.04244793 -0.03802622 1.08934748 2 -0.05138223 -0.06570195 1.08934748 3
2 -0.04815629 -0.05481902 1.08887458 2 -0.05100146 -0.07176841 1.08887458 3
2 -0.05034529 -0.06567764 1.08005154 2 -0.04956148 -0.07288059 1.08005154 3
2 -0.04961849 -0.06869858 1.06834090 2 -0.04624308 -0.06439581 1.06834090 3
1 -0.03609140 -0.06879195 1.04077554 1 0.00536263 -0.06566905 1.04077554 3
2 -0.02841607 -0.05955454 1.03517735 2 -0.02088979 -0.03328074 1.03517735 3
1 -0.01658905 -0.04547970 1.01658475 1 -0.00282312 -0.01554004 1.01658475 3
1 0.00312209 -0.03075849 0.99491125 1 0.03252604 -0.00516709 0.99491125 0
1 0.01450115 -0.01034328 0.97550786 1 0.05357704 0.01525869 0.97550786 0
2 0.04102177 0.00517732 0.95157111 2 0.08566321 0.02875626 0.95157111 3
2 0.07157648 0.01774182 0.93255472 2 0.11950620 0.03435793 0.93255472 3
2 0.10202369 0.02853615 0.91240603 2 0.15508327 0.03697066 0.91240603 3
2 0.13657014 0.03316328 0.89373934 2 0.19203989 0.03281912 0.89373934 3
2 0.17240572 0.03136358 0.87944329 2 0.22919746 0.02053329 0.87944329 3
2 0.20872083 0.02438618 0.86215985 2 0.26476976 0.00540854 0.86215985 3
2 0.24490881 0.01155592 0.85403651 2 0.29970556 -0.01523716 0.85403651 3
2 0.27894512 -0.00762245 0.84359282 2 0.32770887 -0.04486999 0.84359282 3
2 0.30923384 -0.03298749 0.84997600 2 0.34953600 -0.08220874 0.84997600 3
2 0.33633438 -0.06187756 0.83800298 2 0.37245616 -0.11068027 0.83800298 3
2 0.35941866 -0.09482596 0.83951116 2 0.39161134 -0.14723228 0.83951116 3
2 0.37793753 -0.12862407 0.83815873 2 0.40109280 -0.17996520 0.83815873 3
2 0.39337090 -0.16116455 0.84341383 2 0.41041401 -0.21251319 0.84341383 3
2 0.40355617 -0.19283360 0.84799051 2 0.41231740 -0.23672590 0.84799051 3
2 0.40942693 -0.22020261 0.85645384 2 0.41460276 -0.25587642 0.85645384 3
2 0.41321051 -0.24156778 0.86195564 2 0.41582155 -0.26410338 0.86195564 3
2 0.41472635 -0.25460833 0.86211926 2 0.41639149 -0.26321396 0.86211926 3
2 0.41579822 -0.25932592 0.86112696 2 0.41648227 -0.25399944 0.86112696 3
2 0.41611242 -0.25512719 0.86202300 2 0.41575235 -0.23769289 0.86202300 3
2 0.41568723 -0.24181961 0.85568595 2 0.41398826 -0.20935729 0.85568595 3
2 0.41347021 -0.22017995 0.85551268 2 0.40715370 -0.17518225 0.85551268 3
2 0.40712082 -0.19130531 0.85560375 2 0.39017245 -0.13730510 0.85560375 3
2 0.39421839 -0.15757097 0.86424571 2 0.36266151 -0.10235654 0.86424571 3
2 0.37433931 -0.12082075 0.87001169 2 0.33313990 -0.06209665 0.87001169 3
2 0.34676823 -0.08541169 0.88496369 2 0.29580015 -0.03395079 0.88496369 3
2 0.31308308 -0.05338538 0.90419441 2 0.25460342 -0.00996251 0.90419441 3
2 0.27507812 -0.02580609 0.92353785 2 0.20979923 0.00668977 0.92353785 3
2 0.23338808 -0.00622526 0.94460553 2 0.16598961 0.01509879 0.94460553 3
2 0.19058263 0.00571797 0.96529764 2 0.12458464 0.01232144 0.96529764 3
2 0.14941065 0.00837387 0.98830652 2 0.09050134 -0.00105540 0.98830652 3
2 0.10996709 0.00429264 1.00455666 2 0.05244145 -0.01073456 1.00455666 3
2 0.07535316 -0.00811494 1.02113390 2 0.02834667 -0.03559155 1.02113390 3
2 0.04669905 -0.02613619 1.03228664 2 0.01105892 -0.06061289 1.03228664 3
2 0.02376742 -0.04727650 1.03938448 2 0.00027721 -0.08644055 1.03938448 3
2 0.00358091 -0.07156590 1.04823351 2 -0.02842879 -0.10772415 1.04823351 3
2 -0.01341305 -0.09539662 1.04816151 2 -0.03962311 -0.13073514 1.04816151 3
2 -0.02715383 -0.11840662 1.04628813 2 -0.04324327 -0.15247428 1.04628813 0
2 -0.03862140 -0.13915147 1.04215741 2 -0.04404588 -0.16916485 1.04215741 0
2 -0.04304764 -0.15747771 1.03759944 2 -0.04559560 -0.18034180 1.03759944 0
2 -0.04541549 -0.17239107 1.04078531 2 -0.04910132 -0.18966378 1.04078531 0
2 -0.04684214 -0.18179101 1.03777170 2 -0.04893369 -0.18916877 1.03777170 3
2 -0.05009339 -0.18596092 1.03652096 2 -0.05733715 -0.18489231 1.03652096 3
2 -0.05278229 -0.18520673 1.03425205 2 -0.05626362 -0.17635271 1.03425205 3
2 -0.05345211 -0.17846256 1.02714181 2 -0.05138018 -0.16190548 1.02714181 3
1 -0.05339573 -0.16843371 1.02300072 1 -0.04804680 -0.14848842 1.02300072 0
2 -0.04446263 -0.15399300 1.00829244 2 -0.02027340 -0.12646113 1.00829244 0
2 -0.03266031 -0.13600577 1.00189233 2 -0.00827850 -0.10384234 1.00189233 3
2 -0.01573737 -0.11654424 0.99214697 2 0.01716857 -0.08370775 0.99214697 3
2 0.00753904 -0.09448563 0.98071039 2 0.04530530 -0.06022196 0.98071039 3
2 0.03110825 -0.07205854 0.97001880 2 0.07494628 -0.03664735 0.97001880 3
2 0.06020235 -0.05099389 0.95748800 2 0.10853752 -0.01974667 0.95748800 3
2 0.09219960 -0.03213300 0.94933808 2 0.14568259 -0.00902641 0.94933808 3
2 0.12690486 -0.01783461 0.93831497 2 0.18466137 -0.00408037 0.93831497 3
2 0.16418575 -0.01035240 0.92407054 2 0.22441418 -0.00786831 0.92407054 3
2 0.20263098 -0.01237076 0.91590899 2 0.26237294 -0.02961923 0.91590899 3
2 0.24077778 -0.02134480 0.90593433 2 0.29807267 -0.04632814 0.90593433 3
2 0.27802852 -0.03572408 0.88870293 2 0.33340111 -0.06212254 0.88870293 3
2 0.31035396 -0.05906139 0.88829476 2 0.35276413 -0.10213036 0.88829476 3
2 0.33947036 -0.08316688 0.87788498 2 0.37803769 -0.12685940 0.87788498 3
2 0.36325622 -0.11143927 0.87949336 2 0.39224216 -0.16004290 0.87949336 3
2 0.38061696 -0.14293423 0.87735760 2 0.40217718 -0.18761331 0.87735760 3
2 0.39572814 -0.17051092 0.87914735 2 0.41236964 -0.21234195 0.87914735 3
2 0.40496460 -0.19627787 0.87976795 2 0.41436720 -0.22904085 0.87976795 3
2 0.41097838 -0.21573834 0.87850851 2 0.41572204 -0.23673818 0.87850851 3
2 0.41453704 -0.22806969 0.87929618 2 0.41589129 -0.23546398 0.87929618 3
2 0.41528967 -0.23214281 0.87933350 2 0.41522458 -0.22721373 0.87933350 3
2 0.41484597 -0.22814384 0.87923867 2 0.41236392 -0.21174905 0.87923867 3
2 0.41265032 -0.21607161 0.87972981 2 0.40660056 -0.18714043 0.87972981 3
2 0.40796509 -0.19669312 0.88266063 2 0.39662808 -0.15666494 0.88266063 3
2 0.39921507 -0.17059788 0.88536781 2 0.37942377 -0.12174407 0.88536781 3
2 0.38383144 -0.14182784 0.89777684 2 0.34947711 -0.09656444 0.89777684 3
2 0.36297193 -0.10818419 0.90150571 2 0.32205954 -0.05201536 0.90150571 3
2 0.33481896 -0.07713123 0.91897452 2 0.28294507 -0.03292999 0.91897452 3
2 0.30051622 -0.04718842 0.93169600 2 0.24142610 -0.00211804 0.93169600 3
2 0.26226339 -0.01923594 0.94713664 2 0.19548300 0.01399852 0.94713664 3
2 0.21896456 -0.00073326 0.96698684 2 0.14838327 0.02113892 0.96698684 3
2 0.17452826 0.01246608 0.98638046 2 0.10508998 0.01798831 0.98638046 3
2 0.13062175 0.01496250 0.99784315 2 0.06622447 0.00627829 0.99784315 3
2 0.08961626 0.00887961 1.00963438 2 0.03220100 -0.01175827 1.00963438 3
2 0.05458184 -0.00554897 1.02148366 2 0.00936800 -0.03784909 1.02148366 3
2 0.02512842 -0.02527712 1.02846074 2 -0.01162527 -0.06167698 1.02846074 3
2 0.00119570 -0.04883119 1.03277636 2 -0.02860879 -0.08833820 1.03277636 3
1 -0.02392794 -0.07485769 1.04578376 1 -0.06912472 -0.11599172 1.04578376 0
1 -0.04560097 -0.10100229 1.04355121 1 -0.07705896 -0.14258493 1.04355121 0
1 -0.06335639 -0.12582795 1.04013824 1 -0.08145465 -0.16051784 1.04013824 0
1 -0.07862789 -0.15338962 1.03641796 1 -0.08790255 -0.19898807 1.03641796 0
2 -0.07722888 -0.17905594 1.02695334 2 -0.06183451 -0.21865281 1.02695334 3
2 -0.07593105 -0.20195937 1.02531111 2 -0.07158901 -0.23373500 1.02531111 3
2 -0.07101768 -0.22138867 1.01541376 2 -0.06157107 -0.23633333 1.01541376 3
2 -0.06326836 -0.23171350 1.01281464 2 -0.05769875 -0.23922282 1.01281464 3
2 -0.06164485 -0.23587944 1.01226020 2 -0.05480133 -0.23430450 1.01226020 3
2 -0.05899401 -0.23446938 1.01860893 2 -0.06187104 -0.22748351 1.01860893 3
2 -0.05952546 -0.22750467 1.01549268 2 -0.06418009 -0.20726740 1.01549268 3
1 -0.06049151 -0.21275672 1.01154804 1 -0.06149299 -0.17880695 1.01154804 3
2 -0.05715201 -0.18793042 0.99667674 2 -0.03990128 -0.13287063 0.99667674 3
2 -0.04382600 -0.15678011 0.99269092 2 -0.00642708 -0.10204665 0.99269092 3
2 -0.02309575 -0.12196514 0.98658293 2 0.02015745 -0.06797854 0.98658293 3
2 0.00401300 -0.08537462 0.98709720 2 0.04709714 -0.03294425 0.98709720 3
2 0.03465824 -0.05461770 0.98265904 2 0.08279897 -0.01023939 0.98265904 3
2 0.06465286 -0.02517214 0.98379952 2 0.11393116 0.01508185 0.98379952 3
2 0.09682883 0.00024951 0.98172498 2 0.14920780 0.03287578 0.98172498 3
2 0.13107249 0.02059281 0.97490674 2 0.18410091 0.04791141 0.97490674 3
2 0.16581467 0.03632205 0.97177732 2 0.22211087 0.05152717 0.97177732 3
2 0.20218651 0.04468104 0.96824414 2 0.25958303 0.04719940 0.96824414 3
2 0.23894301 0.04709141 0.96175456 2 0.29631835 0.04131908 0.96175456 3
2 0.27551615 0.04199303 0.95355546 2 0.33016947 0.02655712 0.95355546 3
2 0.31025988 0.03080820 0.94640690 2 0.36068311 0.00580202 0.94640690 3
2 0.34133857 0.01415732 0.94200295 2 0.38311392 -0.02054641 0.94200295 3
2 0.36807194 -0.00774004 0.93456948 2 0.40237287 -0.04695751 0.93456948 3
2 0.39033312 -0.03245817 0.93096739 2 0.41842496 -0.07256311 0.93096739 3
2 0.40723249 -0.05784697 0.92471325 2 0.42754972 -0.09556958 0.92471325 3
2 0.41986623 -0.08144996 0.92041832 2 0.43282020 -0.11453578 0.92041832 3
2 0.42833558 -0.10187904 0.91818738 2 0.43550518 -0.12798733 0.91818738 3
2 0.43243223 -0.11752908 0.91650295 2 0.43423954 -0.13421673 0.91650295 3
2 0.43374828 -0.12755795 0.91500640 2 0.43238452 -0.13461871 0.91500640 3
2 0.43266258 -0.13108395 0.91430187 2 0.42811382 -0.12749483 0.91430187 3
2 0.42894140 -0.12839213 0.91395855 2 0.42024374 -0.11620145 0.91395855 3
2 0.42228502 -0.11970788 0.91636211 2 0.40697247 -0.09848795 0.91636211 3
2 0.41118777 -0.10517473 0.92009801 2 0.38711125 -0.07557444 0.92009801 3
2 0.39498386 -0.08596645 0.92305762 2 0.36232635 -0.04983922 0.92305762 3
2 0.37372085 -0.06311820 0.93266022 2 0.33436111 -0.02436610 0.93266022 3
2 0.34683070 -0.03872368 0.94312620 2 0.29854685 -0.00088548 0.94312620 3
2 0.31495541 -0.01506466 0.95553368 2 0.25871181 0.01871599 0.95553368 3
2 0.27883565 0.00553679 0.97112101 2 0.21708444 0.03187467 0.97112101 3
2 0.23869497 0.02217153 0.98551196 2 0.17336607 0.04135163 0.98551196 3
2 0.19758345 0.03277893 1.00041807 2 0.13409400 0.04043858 1.00041807 3
2 0.15632513 0.03808193 1.01389349 2 0.09382288 0.03901021 1.01389349 3
2 0.11761445 0.03698507 1.02751684 2 0.06287403 0.02635300 1.02751684 3
2 0.08287370 0.02961270 1.03945482 2 0.03514821 0.01093428 1.03945482 3
2 0.05162516 0.01864446 1.04892993 2 0.00991931 -0.00417695 1.04892993 3
2 0.02595975 0.00328368 1.05851436 2 -0.00814108 -0.02272732 1.05851436 3
2 0.00315623 -0.01373330 1.06962669 2 -0.02780884 -0.04196754 1.06962669 3
1 -0.01437660 -0.03257072 1.06649852 1 -0.03404459 -0.06482075 1.06649852 0
1 -0.02968708 -0.05416664 1.07984030 1 -0.05104087 -0.09101030 1.07984030 0
2 -0.04200080 -0.07471485 1.07517540 2 -0.05687490 -0.10469418 1.07517540 3
2 -0.05040270 -0.09428308 1.07218051 2 -0.06112640 -0.11962572 1.07218051 3
2 -0.05872754 -0.11141776 1.06949365 2 -0.06673824 -0.13271448 1.06949365 3
2 -0.06320293 -0.12420017 1.06957006 2 -0.06877226 -0.14187889 1.06957006 3
2 -0.06578734 -0.13444605 1.06233203 2 -0.06683730 -0.14501125 1.06233203 3
2 -0.06721900 -0.14099181 1.06342983 2 -0.06648237 -0.14504254 1.06342983 3
2 -0.06670374 -0.14356317 1.06323898 2 -0.06449977 -0.14234421 1.06323898 3
2 -0.06489488 -0.14123198 1.06312299 2 -0.06145270 -0.13181312 1.06312299 3
2 -0.06272368 -0.13468122 1.05891490 2 -0.05797568 -0.11796997 1.05891490 3
2 -0.05870739 -0.12394753 1.05095756 2 -0.05011082 -0.10134342 1.05095756 3
2 -0.05225771 -0.10852876 1.04393542 2 -0.03817472 -0.08007602 1.04393542 3
2 -0.03708127 -0.09229875 1.02874887 2 0.00114458 -0.06684559 1.02874887 3
2 -0.01977942 -0.07372594 1.02477157 2 0.01183976 -0.04347185 1.02477157 3
2 0.00044170 -0.05334350 1.02046490 2 0.03063736 -0.01950447 1.02046490 3
2 0.02243035 -0.03239583 1.01718163 2 0.04884368 0.00426037 1.01718163 3
2 0.04061977 -0.01016108 1.01207542 2 0.07466116 0.02179299 1.01207542 3
2 0.06286062 0.00978265 1.00361848 2 0.10133251 0.03568513 1.00361848 3
2 0.08843639 0.02486314 0.99598336 2 0.13367367 0.03975431 0.99598336 3
2 0.11764232 0.03473203 0.98795068 2 0.16609952 0.04283458 0.98795068 3
2 0.14881741 0.04034848 0.97264278 2 0.19971605 0.04357320 0.97264278 3
2 0.18208404 0.04063381 0.95555502 2 0.23454580 0.03620521 0.95555502 3
2 0.21692747 0.03738012 0.94048429 2 0.27339450 0.02592268 0.94048429 3
2 0.25264406 0.02893593 0.91866487 2 0.30914247 0.00806274 0.91866487 3
2 0.28874069 0.01395704 0.90730375 2 0.34405416 -0.01739037 0.90730375 3
2 0.32292950 -0.00659476 0.89869606 2 0.37066448 -0.04711950 0.89869606 3
2 0.35339203 -0.03208367 0.89789379 2 0.39449817 -0.07670148 0.89789379 3
2 0.37865788 -0.06087273 0.89700580 2 0.40912750 -0.10735543 0.89700580 3
2 0.39752382 -0.09070562 0.90020132 2 0.41848466 -0.13672166 0.90020132 3
2 0.41175193 -0.11885098 0.90192431 2 0.42669302 -0.15932427 0.90192431 3
2 0.42112032 -0.14412463 0.90501082 2 0.43145022 -0.17702264 0.90501082 3
2 0.42771015 -0.16405998 0.91138774 2 0.43514025 -0.18597578 0.91138774 3
2 0.43191960 -0.17662522 0.91332227 2 0.43487340 -0.18566956 0.91332227 3
2 0.43331623 -0.18149868 0.91775185 2 0.43181503 -0.17733757 0.91775185 3
2 0.43168190 -0.17788990 0.91965181 2 0.42429566 -0.16117436 0.91965181 3
2 0.42500859 -0.16554983 0.92337686 2 0.40753257 -0.13517641 0.92337686 3
2 0.41251966 -0.14510244 0.92690957 2 0.38370499 -0.10247418 0.92690957 3
2 0.39311016 -0.11815736 0.93625003 2 0.35287184 -0.06854003 0.93625003 3
2 0.36573404 -0.08767394 0.94800693 2 0.31352410 -0.03904178 0.94800693 3
2 0.33163002 -0.05735861 0.96420926 2 0.26996905 -0.01440013 0.96420926 3
2 0.29170346 -0.03075307 0.98156834 2 0.22311269 0.00302626 0.98156834 3
2 0.24812055 -0.00980943 1.00512743 2 0.17820136 0.01417946 1.00512743 3
2 0.20267634 0.00497386 1.02070701 2 0.13162673 0.01897598 1.02070701 3
2 0.15769166 0.01305119 1.03998053 2 0.09028239 0.01680496 1.03998053 3
2 0.11610410 0.01195454 1.05494547 2 0.05746608 -0.00305540 1.05494547 3
2 0.07899472 0.00303295 1.06260002 2 0.03092716 -0.02306819 1.06260002 3
2 0.04666317 -0.01210001 1.07262194 2 0.00309395 -0.04243269 1.07262194 3
1 0.02175000 -0.03366823 1.07552803 1 -0.00830313 -0.06984072 1.07552803 0
1 -0.00037013 -0.05765341 1.08404362 1 -0.03051587 -0.09962954 1.08404362 0
1 -0.01937707 -0.08080339 1.08624959 1 -0.04458402 -0.11553244 1.08624959 0
1 -0.03190399 -0.10314997 1.08691776 1 -0.04638792 -0.13097523 1.08691776 0
1 -0.04234038 -0.12133563 1.08445644 1 -0.04883579 -0.14160120 1.08445644 0
1 -0.04762067 -0.13304949 1.08284521 1 -0.05104497 -0.14580864 1.08284521 0
1 -0.04963339 -0.14019670 1.08204615 1 -0.05261919 -0.14308900 1.08204615 0
1 -0.05394908 -0.14015682 1.08191049 1 -0.06409917 -0.12946528 1.08191049 0
1 -0.05698305 -0.13519327 1.07992744 1 -0.06086263 -0.12091342 1.07992744 0
1 -0.05722770 -0.12806146 1.08013594 1 -0.05120293 -0.11732306 1.08013594 0
1 -0.05500165 -0.11885884 1.07412076 1 -0.04258414 -0.10650530 1.07412076 0
1 -0.04560577 -0.11030126 1.06594920 1 -0.02584683 -0.09496022 1.06594920 0
2 -0.03598309 -0.09692102 1.05805469 2 -0.02255825 -0.06609498 1.05805469 3
2 -0.02444761 -0.07951004 1.05024040 2 -0.00482553 -0.04696284 1.05024040 3
2 -0.00848536 -0.06047156 1.04115558 2 0.02202381 -0.03025377 1.04115558 3
2 0.01080799 -0.04014001 1.03097546 2 0.05288301 -0.01433333 1.03097546 3
2 0.03761794 -0.02314510 1.02070749 2 0.08550666 0.00171450 1.02070749 3
2 0.06898411 -0.00810286 1.01060605 2 0.12111444 0.01292888 1.01060605 3
2 0.10288468 0.00439382 1.00673044 2 0.15798216 0.01915826 1.00673044 3
2 0.13897362 0.01332579 0.99982113 2 0.19761661 0.02056562 0.99982113 3
2 0.17651409 0.01642711 0.99409342 2 0.23584887 0.01308761 0.99409342 3
2 0.21442446 0.01332209 0.98762870 2 0.27273300 -0.00065743 0.98762870 3
2 0.25183040 0.00410959 0.97875321 2 0.30732673 -0.01879160 0.97875321 3
2 0.28661367 -0.01174342 0.97093064 2 0.33623689 -0.04381286 0.97093064 3
2 0.31737083 -0.03363472 0.96570998 2 0.35801291 -0.07550700 0.96570998 3
2 0.34284893 -0.05967633 0.96062368 2 0.37355578 -0.10554209 0.96062368 3
2 0.36203969 -0.08840978 0.95501018 2 0.38299403 -0.13386516 0.95501018 3
2 0.37499756 -0.11688862 0.95215392 2 0.38706467 -0.15727814 0.95215392 3
2 0.38333362 -0.14104801 0.95212221 2 0.39065871 -0.17124428 0.95212221 3
2 0.38797179 -0.15922664 0.95205158 2 0.39167196 -0.17694630 0.95205158 3
2 0.38968217 -0.16962102 0.95246494 2 0.38947299 -0.17396024 0.95246494 3
2 0.38965768 -0.17174743 0.95341998 2 0.38658255 -0.16444242 0.95341998 3
2 0.38731840 -0.16691358 0.95676571 2 0.38095206 -0.15081537 0.95676571 3
2 0.38268033 -0.15460515 0.96011740 2 0.37276885 -0.12656148 0.96011740 3
2 0.37494847 -0.13654670 0.96501029 2 0.35789290 -0.10071611 0.96501029 3
2 0.36376786 -0.11285011 0.97286445 2 0.34118330 -0.06869374 0.97286445 3
2 0.34769663 -0.08485974 0.97795439 2 0.31575942 -0.03844433 0.97795439 3
2 0.32595816 -0.05659550 0.98885804 2 0.28485224 -0.01358473 0.98885804 3
2 0.29937401 -0.02918237 0.99863559 2 0.25056973 0.00833120 0.99863559 3
2 0.26757091 -0.00470027 1.00893617 2 0.21331199 0.02868139 1.00893617 3
2 0.23220934 0.01553705 1.02065969 2 0.17382652 0.04188578 1.02065969 3
2 0.19506212 0.03026978 1.03097093 2 0.13604784 0.04422991 1.03097093 3
2 0.15674861 0.03988164 1.03916526 2 0.09726720 0.04563108 1.03916526 3
2 0.11948079 0.04301652 1.04962349 2 0.06456883 0.04026040 1.04962349 3
1 0.08223455 0.04254162 1.05659878 1 0.02484582 0.03972500 1.05659878 0
2 0.04766526 0.03586137 1.06377530 2 -0.00172770 0.01633002 1.06377530 0
2 0.02085800 0.02159417 1.06306982 2 -0.00841644 -0.01304575 1.06306982 3
2 -0.00183169 0.00217888 1.06559908 2 -0.02465898 -0.03878361 1.06559908 3
2 0.00386257 -0.03189692 1.04229331 2 0.05274807 -0.09835607 1.04229331 3
1 -0.00698046 -0.06024752 1.06827116 1 -0.04831105 -0.09603411 1.06827116 3
2 -0.02241299 -0.08582755 1.07150424 2 -0.07363306 -0.11391743 1.07150424 3
2 -0.03388033 -0.11137287 1.06280804 2 -0.07315639 -0.13958330 1.06280804 3
2 -0.06742550 -0.12684552 1.05687964 2 -0.07600138 -0.16161697 1.05687964 3
2 -0.07471786 -0.14800034 1.05021000 2 -0.07626252 -0.18065031 1.05021000 3
2 -0.07540445 -0.16963372 1.04306614 2 -0.07636511 -0.20008314 1.04306614 3
2 -0.07694425 -0.18853679 1.03919780 2 -0.07931841 -0.21483195 1.03919780 3
2 -0.07812399 -0.20391971 1.03622854 2 -0.08083235 -0.22249094 1.03622854 3
2 -0.07638451 -0.21387233 1.03142023 2 -0.06865584 -0.21918434 1.03142023 3
2 -0.07462955 -0.21753246 1.03601217 2 -0.06897950 -0.21349874 1.03601217 3
2 -0.07246864 -0.21432179 1.03720284 2 -0.07090770 -0.20091999 1.03720284 3
2 -0.06940325 -0.20407347 1.03530240 2 -0.06912654 -0.18051119 1.03530240 3
2 -0.06867060 -0.18889545 1.03178287 2 -0.06545949 -0.15745635 1.03178287 3
2 -0.06670364 -0.16873901 1.02702141 2 -0.06074177 -0.13218258 1.02702141 3
2 -0.06056473 -0.14489563 1.02069092 2 -0.04565785 -0.10517330 1.02069092 3
2 -0.04971479 -0.11950988 1.01995218 2 -0.02467034 -0.07876840 1.01995218 3
2 -0.03103902 -0.09410949 1.01610577 2 0.01091307 -0.05599203 1.01610577 3
2 -0.00758673 -0.06829532 1.01807749 2 0.03370680 -0.02898766 1.01807749 3
2 0.01884355 -0.04334188 1.02086115 2 0.06012250 -0.00543280 1.02086115 3
2 0.04722675 -0.02052101 1.02552593 2 0.08856051 0.01219479 1.02552593 3
2 0.07364984 0.00006518 1.02887106 2 0.11692288 0.02555872 1.02887106 3
2 0.10156353 0.01558022 1.03417385 2 0.14546858 0.03213702 1.03417385 3
2 0.12964015 0.02614233 1.03561616 2 0.17235310 0.03600076 1.03561616 3
2 0.15763646 0.03219673 1.03831041 2 0.20050703 0.03567005 1.03831041 3
2 0.18529704 0.03368510 1.03869319 2 0.22750817 0.03086212 1.03869319 3
2 0.21192306 0.03054341 1.03841507 2 0.25182241 0.01867840 1.03841507 3
2 0.23772746 0.02355656 1.03534698 2 0.27528670 0.00737018 1.03534698 3
2 0.26166362 0.01286396 1.02966821 2 0.29591310 -0.00760234 1.02966821 3
2 0.28334826 0.00022028 1.02453101 2 0.31387571 -0.01977410 1.02453101 3
2 0.30209067 -0.01221858 1.02133882 2 0.32617936 -0.03102673 1.02133882 3
2 0.31631556 -0.02354970 1.02064192 2 0.33130208 -0.03750692 1.02064192 3
2 0.32532433 -0.03146324 1.02129948 2 0.33089226 -0.03861294 1.02129948 3
2 0.32840705 -0.03547406 1.02269435 2 0.32519767 -0.03496883 1.02269435 3
2 0.32602033 -0.03512917 1.02515733 2 0.31580478 -0.02893012 1.02515733 3
2 0.31890687 -0.03127769 1.02757359 2 0.30211011 -0.02163315 1.02757359 3
2 0.30751649 -0.02485536 1.03324091 2 0.28466004 -0.01262977 1.03324091 3
2 0.29247358 -0.01665310 1.03690195 2 0.26441041 -0.00189196 1.03690195 3
2 0.27384391 -0.00744834 1.04053843 2 0.24073096 0.00805296 1.04053843 3
2 0.25142449 0.00213721 1.04455769 2 0.21178994 0.01667629 1.04455769 3
2 0.22503978 0.01064345 1.04687715 2 0.17836195 0.02104919 1.04687715 3
2 0.19482349 0.01625406 1.04873681 2 0.14286849 0.01991506 1.04873681 3
2 0.16063328 0.01859201 1.04873526 2 0.10339979 0.01671000 1.04873526 3
2 0.12504636 0.01436962 1.05103016 2 0.06934290 -0.00139114 1.05103016 3
2 0.08997768 0.00393253 1.05479777 2 0.03841090 -0.02193876 1.05479777 3
2 0.05924600 -0.01419870 1.05158198 2 0.02112253 -0.05412492 1.05158198 3
2 0.02916535 -0.03614563 1.05374599 2 -0.01689284 -0.07122406 1.05374599 3
2 0.00205208 -0.06127737 1.05397427 2 -0.03901345 -0.10219223 1.05397427 3
2 -0.02240472 -0.08754856 1.05465651 2 -0.05929929 -0.12687719 1.05465651 3
2 -0.04546690 -0.11192331 1.05110979 2 -0.06969050 -0.15192141 1.05110979 3
2 -0.06103029 -0.13799538 1.05020165 2 -0.07829120 -0.17512351 1.05020165 3
2 -0.06975903 -0.16101290 1.04758978 2 -0.07257600 -0.19393232 1.04758978 3
1 -0.06981523 -0.18109885 1.03448737 1 -0.05801258 -0.20651278 1.03448737 0
2 -0.06875291 -0.19788513 1.03560805 2 -0.06522039 -0.21838483 1.03560805 0
2 -0.05962088 -0.20938157 1.03033876 2 -0.04120141 -0.22023495 1.03033876 3
1 -0.05827805 -0.21719339 1.03518295 1 -0.06882025 -0.22459166 1.03518295 3
1 -0.06138152 -0.22156501 1.03722703 1 -0.07104848 -0.22337624 1.03722703 0
2 -0.06344594 -0.22170183 1.03940666 2 -0.07444157 -0.21849541 1.03940666 0
2 -0.07179992 -0.21977910 1.03663599 2 -0.07316795 -0.21192639 1.03663599 3
2 -0.07448926 -0.21444610 1.03780115 2 -0.07971829 -0.20283027 1.03780115 3
2 -0.07585369 -0.20508890 1.03455937 2 -0.07629207 -0.18525942 1.03455937 3
2 -0.07395387 -0.19143657 1.03007615 2 -0.06622610 -0.16294169 1.03007615 3
2 -0.07019211 -0.17205298 1.02680337 2 -0.05721725 -0.13326508 1.02680337 3
2 -0.06014145 -0.14629060 1.02061200 2 -0.03876977 -0.09879679 1.02061200 3
2 -0.04096235 -0.11788635 1.01647496 2 0.00215333 -0.07129775 1.01647496 3
2 -0.01828844 -0.08572566 1.01711583 2 0.02558379 -0.03403112 1.01711583 3
2 0.00995984 -0.05244371 1.02312660 2 0.05609264 0.00000634 1.02312660 3
2 0.04225339 -0.02147897 1.03119481 2 0.09017665 0.02487363 1.03119481 3
2 0.07311316 0.00638591 1.04609621 2 0.12629834 0.03882058 1.04609621 3
2 0.10636934 0.02775209 1.05631959 2 0.15874140 0.05009088 1.05631959 3
2 0.13974498 0.04179866 1.06701005 2 0.18935646 0.05513951 1.06701005 3
2 0.17118679 0.04853800 1.07359731 2 0.21540046 0.05079548 1.07359731 3
2 0.19855627 0.05004518 1.07915890 2 0.23504819 0.04375925 1.07915890 3
2 0.22131488 0.04692750 1.08490753 2 0.24881051 0.03697278 1.08490753 3
2 0.23857018 0.04084763 1.08609915 2 0.25738987 0.03072758 1.08609915 3
2 0.25038484 0.03460917 1.08654940 2 0.26179624 0.02596652 1.08654940 3
2 0.25739264 0.02937655 1.08359575 2 0.26233643 0.02305073 1.08359575 3
2 0.26075149 0.02524732 1.08373976 2 0.26171231 0.02068436 1.08373976 3
2 0.26132926 0.02258480 1.08205330 2 0.25933644 0.02030984 1.08205330 3
2 0.25996649 0.02105819 1.07899761 2 0.25612471 0.02002778 1.07899761 3
2 0.25787961 0.02058986 1.08084393 2 0.25389302 0.02136739 1.08084393 3
2 0.25526473 0.02155555 1.08257568 2 0.25125608 0.02476652 1.08257568 3
2 0.25295249 0.02399922 1.08969605 2 0.25018966 0.03042128 1.08969605 0
2 0.25130600 0.02975798 1.09600842 2 0.24965151 0.04370857 1.09600842 0
2 0.24881187 0.03605428 1.09175992 2 0.24375995 0.04665915 1.09175992 2
-999
