2 0.30179611 -0.00211006 0.77478111 2 0.33561122 -0.04803170 0.77478111 3
2 0.30825394 -0.01065093 0.77118683 2 0.33726278 -0.04889692 0.77118683 3
2 0.31419197 -0.02141294 0.77181435 2 0.33840677 -0.04845571 0.77181435 3
2 0.31984070 -0.03300194 0.77062207 2 0.33773169 -0.04619139 0.77062207 3
2 0.32629380 -0.04007235 0.76849425 2 0.33616063 -0.04374267 0.76849425 3
2 0.33130652 -0.04403999 0.76730841 2 0.33414131 -0.04053273 0.76730841 3
2 0.33444434 -0.04561432 0.76651597 2 0.33187267 -0.03652963 0.76651597 3
2 0.33561122 -0.04561432 0.76724225 2 0.32937416 -0.03095387 0.76724225 3
2 0.33561122 -0.04517020 0.76847929 2 0.32654950 -0.02385962 0.76847929 3
2 0.33526242 -0.04394854 0.76515448 2 0.32074472 -0.01475846 0.76515448 3
2 0.33436286 -0.04173392 0.76305711 2 0.31376198 -0.00407524 0.76305711 3
2 0.33283874 -0.03811926 0.76249939 2 0.30472094 0.01007358 0.76249939 3
2 0.33059150 -0.03320453 0.76261646 2 0.28793484 0.03475250 0.76261646 3
2 0.32728869 -0.02683221 0.75892472 2 0.26475072 0.05148201 0.75892472 3
2 0.32283065 -0.01879204 0.75519657 2 0.23620658 0.08499020 0.75519657 3
2 0.31675136 -0.00863156 0.75263149 2 0.20215642 0.09357833 0.75263149 3
2 0.30724600 0.00580877 0.74895537 2 0.16227190 0.11029024 0.74895537 3
2 0.29348627 0.02224741 0.74721593 2 0.11959303 0.14090095 0.74721593 3
2 0.27437246 0.04430136 0.74470049 2 0.07723527 0.14890343 0.74470049 3
2 0.24897349 0.06531099 0.74141508 2 0.03624654 0.15019105 0.74141508 3
2 0.21779338 0.08430124 0.73517686 2 0.00303903 0.13898246 0.73517686 3
2 0.18170837 0.10599519 0.73201203 2 -0.03442716 0.13810602 0.73201203 3
2 0.14208297 0.11933625 0.72636479 2 -0.05865544 0.12641153 0.72636479 3
2 0.10061818 0.13079849 0.72574598 2 -0.07826925 0.11540899 0.72574598 3
2 0.06068377 0.13810602 0.72384560 2 -0.08799180 0.10726925 0.72384560 3
2 0.02208357 0.13810602 0.72493970 2 -0.09315535 0.10151324 0.72493970 3
2 -0.01208412 0.13533105 0.72658044 2 -0.09428463 0.10052120 0.72658044 3
2 -0.04094196 0.12984622 0.72828126 2 -0.09067833 0.10365465 0.72828126 3
2 -0.06289510 0.12315851 0.73037875 2 -0.08303247 0.11115041 0.73037875 3
2 -0.07541735 0.11624238 0.72866696 2 0.03111402 0.22021820 0.72866696 3
2 -0.08178112 0.11226919 0.72891420 2 0.05287051 0.22577055 0.72891420 3
2 -0.08303247 0.11115041 0.72880775 2 0.07413957 0.23417069 0.72880775 3
2 -0.08303247 0.11115041 0.72970492 2 0.00555681 0.13187408 0.72970492 3
2 -0.06201129 0.11606789 0.72787338 2 0.03182821 0.13666737 0.72787338 3
2 -0.03417492 0.12171289 0.72737890 2 0.06348114 0.13419992 0.72737890 3
2 -0.00520175 0.12755322 0.72036767 2 0.09852935 0.12785938 0.72036767 3
2 0.02973792 0.13358890 0.72112811 2 0.13621113 0.10984941 0.72112811 3
2 0.04432286 0.13419992 0.71623623 2 0.17265223 0.09214310 0.71623623 3
2 0.05499705 0.13364802 0.71033847 2 0.21164349 0.07201832 0.71033847 3
2 0.07162958 0.13212378 0.70367700 2 0.24514781 0.04266395 0.70367700 3
2 0.09206242 0.12627225 0.69982773 2 0.27974948 0.00775025 0.69982773 3
2 0.11897112 0.11601286 0.69951105 2 0.30445197 -0.03309808 0.69951105 3
2 0.15316674 0.10125242 0.70024043 2 0.32133320 -0.07194401 0.70024043 3
2 0.18986365 0.08010802 0.70000154 2 0.33347088 -0.10472360 0.70000154 3
2 0.22579488 0.05484108 0.70531130 2 0.33843046 -0.13942134 0.70531130 3
2 0.25892180 0.02381777 0.70563436 2 0.34311032 -0.16202283 0.70563436 3
2 0.28659749 -0.01202701 0.70779264 2 0.34908178 -0.17762932 0.70779264 3
2 0.30899695 -0.04890951 0.70917976 2 0.35317689 -0.18441267 0.70917976 3
2 0.32393828 -0.08580630 0.71198416 2 0.35464782 -0.18448605 0.71198416 3
2 0.33378837 -0.11823585 0.71385491 2 0.35374931 -0.17749980 0.71385491 3
2 0.34080508 -0.14167699 0.71260941 2 0.34949887 -0.16393396 0.71260941 3
2 0.34476539 -0.15700832 0.71435004 2 0.34471098 -0.14400311 0.71435004 3
2 0.34751302 -0.16343188 0.71334350 2 0.33837864 -0.11564099 0.71334350 3
2 0.34908178 -0.16393396 0.71217716 2 0.32788351 -0.08401065 0.71217716 3
2 0.34908178 -0.16393396 0.71307075 2 0.31306210 -0.05075873 0.71307075 3
2 0.34804463 -0.15920460 0.71073753 2 0.29220000 -0.01476527 0.71073753 3
2 0.34546787 -0.14757635 0.71415728 2 0.26767799 0.02021747 0.71415728 3
2 0.34031004 -0.12803333 0.71777242 2 0.23238768 0.05127738 0.71777242 3
2 0.33145559 -0.09992271 0.72220081 2 0.19417992 0.07205532 0.72220081 3
2 0.31853089 -0.06771713 0.72971708 2 0.15358631 0.09470470 0.72971708 3
2 0.30105963 -0.03380674 0.73597783 2 0.11198259 0.11331581 0.73597783 3
2 0.27746138 0.00004741 0.74276018 2 0.07401891 0.12023839 0.74276018 3
2 0.24800695 0.03096096 0.74979812 2 0.03852980 0.12125662 0.74979812 3
2 0.21357019 0.05852880 0.74921864 2 0.01479106 0.11111588 0.74921864 3
2 0.17473671 0.08127359 0.75503784 2 -0.01354148 0.11044962 0.75503784 3
2 0.13514569 0.09636004 0.75624579 2 -0.02566567 0.09951542 0.75624579 3
2 0.09615285 0.10631324 0.76185417 2 -0.04727877 0.09794337 0.76185417 3
2 0.06121645 0.11044962 0.76075220 2 -0.05376948 0.09361216 0.76075220 3
2 0.02966322 0.11044962 0.76124501 2 -0.05583191 0.09041798 0.76124501 3
2 0.00446452 0.10785506 0.76046103 2 -0.05564128 0.08926973 0.76046103 3
2 -0.01708332 0.10479482 0.76036340 2 -0.05289795 0.09074062 0.76036340 3
2 -0.03298415 0.10085939 0.76010156 2 -0.04754606 0.09470176 0.76010156 3
2 -0.04172987 0.09679050 0.75785679 2 -0.03560121 0.10047272 0.75785679 3
2 -0.04747584 0.09555337 0.75238198 2 -0.01895231 0.10846184 0.75238198 3
2 -0.04754606 0.09470176 0.74385357 2 0.00511798 0.11609609 0.74385357 3
2 -0.04754606 0.09470176 0.73389900 2 0.03507230 0.11968190 0.73389900 3
2 -0.04471169 0.09607114 0.72193325 2 0.06747406 0.11985855 0.72193325 3
2 -0.03782550 0.09938515 0.70681757 2 0.10520954 0.11825553 0.70681757 3
2 -0.02498540 0.10281577 0.69458348 2 0.14414729 0.10248835 0.69458348 3
2 -0.00459119 0.10636301 0.68060100 2 0.18322797 0.08590715 0.68060100 3
2 0.02095244 0.10846184 0.66688937 2 0.22034016 0.06251194 0.66688937 3
2 0.05180882 0.10846184 0.65389335 2 0.25713655 0.03454202 0.65389335 3
2 0.08642936 0.10704440 0.64579487 2 0.28818867 -0.00626423 0.64579487 3
2 0.12337828 0.10164182 0.64249837 2 0.31413183 -0.04487354 0.64249837 0
2 0.16160212 0.09049669 0.64336568 2 0.32932329 -0.08474127 0.64336568 0
2 0.19961944 0.07232522 0.64501852 2 0.34060773 -0.11991420 0.64501852 3
2 0.23573318 0.04546440 0.64815599 2 0.34990436 -0.14909817 0.64815599 3
2 0.26862547 0.01301702 0.65391105 2 0.35533211 -0.17239071 0.65391105 0
2 0.29616752 -0.02365434 0.65740246 2 0.35403761 -0.19010514 0.65740246 0
2 0.31733218 -0.05718227 0.66019899 2 0.45623249 -0.09820048 0.66019899 0
2 0.33298925 -0.08149055 0.66423851 2 0.45845178 -0.10124118 0.66423851 0
2 0.34311470 -0.09613340 0.66750455 2 0.45922551 -0.09839664 0.66750455 3
2 0.34976578 -0.10487323 0.66734725 2 0.35712174 -0.18905063 0.66734725 3
2 0.35357708 -0.11718620 0.66838658 2 0.35336465 -0.17484130 0.66838658 3
2 0.35499203 -0.13050207 0.66926157 2 0.35094953 -0.15498199 0.66926157 3
2 0.35533211 -0.14427337 0.67466831 2 0.34347132 -0.13341248 0.67466831 3
2 0.35502493 -0.14831805 0.67570287 2 0.33427104 -0.10260147 0.67570287 3
2 0.35454711 -0.13725173 0.67760187 2 0.31902871 -0.07123780 0.67760187 3
2 0.35347953 -0.12419576 0.68092728 2 0.29706156 -0.03751595 0.68092728 3
2 0.35060033 -0.11069588 0.68504262 2 0.27030480 -0.00299134 0.68504262 3
2 0.34578854 -0.10260147 0.69150889 2 0.23565531 0.02857140 0.69150889 3
2 0.33737490 -0.09515924 0.69763052 2 0.19600624 0.05323816 0.69763052 3
2 0.32411268 -0.07944943 0.70658165 2 0.15551230 0.07456060 0.70658165 3
2 0.30607274 -0.05499576 0.71466583 2 0.11316106 0.09316757 0.71466583 3
2 0.28168580 -0.02220847 0.72318017 2 0.07284384 0.10194687 0.72318017 3
2 0.25118840 0.00903818 0.72920769 2 0.03612451 0.10421318 0.72920769 3
2 0.21599689 0.03725436 0.73669225 2 0.00273150 0.09881333 0.73669225 3
2 0.17681244 0.05967154 0.74172938 2 -0.02449850 0.08557595 0.74172938 3
2 0.13612594 0.07427991 0.74907213 2 -0.04759295 0.07431349 0.74907213 3
1 0.09609891 0.08268208 0.76379621 1 -0.09546860 0.08159851 0.76379621 0
1 0.05777458 0.08557595 0.75211984 1 -0.04899789 0.03067062 0.75211984 0
1 0.02317923 0.08557595 0.75615597 1 -0.08022546 0.04013919 0.75615597 0
1 -0.00712927 0.08463214 0.75587332 1 -0.08339087 0.03848844 0.75587332 0
1 -0.02883403 0.08192600 0.75434268 1 -0.08357330 0.04077515 0.75434268 0
1 -0.04948571 0.07181738 0.75320655 1 -0.07968333 0.04351963 0.75320655 0
1 -0.06358007 0.06135235 0.75756276 1 -0.10530102 0.07598173 0.75756276 0
1 -0.07263489 0.05160954 0.75454766 1 -0.09787254 0.07756975 0.75454766 0
1 -0.08165538 0.04351963 0.75093633 1 -0.08629370 0.08215671 0.75093633 0
2 -0.08260412 0.04351963 0.74356127 2 -0.05180148 0.07081795 0.74356127 0
2 -0.08343725 0.04999720 0.73966146 2 -0.03159453 0.07751438 0.73966146 3
2 -0.08343880 0.05793141 0.73067129 2 -0.00639076 0.08412072 0.73067129 3
2 -0.08251111 0.06650440 0.71841377 2 0.02380183 0.09074365 0.71841377 3
2 -0.07498391 0.07537863 0.70377350 2 0.05775645 0.09038222 0.70377350 3
2 -0.06239412 0.07822691 0.69071811 2 0.09492936 0.08810052 0.69071811 3
2 -0.04338483 0.07977094 0.67525637 2 0.13458820 0.07515886 0.67525637 3
2 -0.01756409 0.08095166 0.66188490 2 0.17240341 0.05745654 0.66188490 3
2 0.00962950 0.08105514 0.64615321 2 0.20807895 0.03646122 0.64615321 3
2 0.04109238 0.07991423 0.63411236 2 0.24076688 0.01031208 0.63411236 3
2 0.07620315 0.07817504 0.62704074 2 0.26828375 -0.01979250 0.62704074 3
2 0.11329393 0.07217599 0.62107342 2 0.29198968 -0.05243250 0.62107342 0
2 0.15090141 0.06224462 0.62182045 2 0.30850250 -0.08579732 0.62182045 0
2 0.18745847 0.04576046 0.62357914 2 0.32128906 -0.11987630 0.62357914 3
2 0.22102593 0.02220212 0.62731111 2 0.33039016 -0.14995162 0.62731111 3
2 0.25109655 -0.00510536 0.63300687 2 0.33458090 -0.17599389 0.63300687 3
2 0.27642420 -0.03556753 0.63852233 2 0.33711469 -0.19438651 0.63852233 3
2 0.29677248 -0.06806103 0.64375436 2 0.33848891 -0.20860176 0.64375436 3
2 0.31250054 -0.10063039 0.64617825 2 0.34045115 -0.21668980 0.64617825 3
2 0.32332060 -0.13163078 0.64714861 2 0.34056824 -0.21844943 0.64714861 3
2 0.33062476 -0.15899457 0.65005952 2 0.34150609 -0.21459587 0.65005952 3
2 0.33502999 -0.18080539 0.65228987 2 0.34096703 -0.20605394 0.65228987 3
2 0.33757848 -0.19519052 0.65125221 2 0.34054005 -0.19231556 0.65125221 3
2 0.33909684 -0.20298877 0.64760399 2 0.34842896 -0.16620146 0.64760399 0
2 0.33997858 -0.20605394 0.65034842 2 0.33950508 -0.14686061 0.65034842 0
2 0.34051669 -0.20605394 0.64997727 2 0.32764912 -0.11950894 0.64997727 3
2 0.34054005 -0.20279399 0.65263921 2 0.31589523 -0.08721396 0.65263921 3
2 0.34054005 -0.19322103 0.65272808 2 0.29971248 -0.05722828 0.65272808 3
2 0.34029445 -0.17872101 0.65582591 2 0.27646172 -0.02428153 0.65582591 3
2 0.33722684 -0.15722911 0.66037458 2 0.25240734 0.00789618 0.66037458 3
2 0.33126089 -0.13106622 0.66605294 2 0.22067232 0.04141988 0.66605294 3
2 0.32124612 -0.10397919 0.67769921 2 0.28580910 0.16629966 0.67769921 3
2 0.30786693 -0.07339575 0.68575519 2 0.24798737 0.17810592 0.68575519 3
2 0.29502982 -0.04155553 0.69414186 2 0.20654495 0.20466058 0.69414186 3
2 0.27923861 -0.00943879 0.70434016 2 0.06710897 0.10797773 0.70434016 3
2 0.26624909 0.03135005 0.71203381 2 0.03006535 0.10764182 0.71203381 3
2 0.25011012 0.06460137 0.72137821 2 -0.00878227 0.10477462 0.72137821 3
2 0.23260173 0.09024453 0.72666609 2 -0.03301803 0.09113120 0.72666609 3
2 0.18793757 0.10764182 0.73047155 2 -0.06115445 0.07980324 0.73047155 3
2 0.13411170 0.10764182 0.74395990 2 -0.09330995 0.06985811 0.74395990 3
2 0.07662842 0.10696147 0.74555373 2 -0.10231606 0.05763756 0.74555373 3
1 0.01528091 0.10301939 0.74267280 1 -0.09880052 0.03907491 0.74267280 0
1 -0.01696008 0.09624941 0.74412054 1 -0.09871820 0.03424443 0.74412054 0
1 -0.04787245 0.08688364 0.74407399 1 -0.09937702 0.03466729 0.74407399 0
1 -0.07057873 0.07507543 0.74065506 1 -0.09940654 0.03796490 0.74065506 0
2 -0.08749431 0.06542448 0.74011940 2 -0.10654834 0.05281986 0.74011940 3
2 -0.09734303 0.05852085 0.73395991 2 -0.09882528 0.05979661 0.73395991 3
2 -0.09879085 0.05408553 0.72434855 2 -0.09176857 0.07088907 0.72434855 3
1 -0.09881877 0.05281986 0.71309525 1 -0.07715593 0.08069402 0.71309525 3
2 -0.09881940 0.05281986 0.70561695 2 -0.04123290 0.07569968 0.70561695 3
2 -0.09879378 0.05447536 0.69730991 2 -0.02543020 0.08303080 0.69730991 3
2 -0.09711819 0.05882210 0.68615711 2 -0.00139331 0.08945459 0.68615711 3
2 -0.09191540 0.06446346 0.67378020 2 0.02588115 0.09312446 0.67378020 3
2 -0.07801156 0.07148381 0.66288775 2 0.05600895 0.09136610 0.66288775 3
2 -0.05989240 0.07740289 0.65114361 2 0.08849844 0.08789116 0.65114361 3
2 -0.03733313 0.08051074 0.64125240 2 0.12511948 0.07838640 0.64125240 3
2 -0.01149881 0.08241691 0.63281775 2 0.15860428 0.06325948 0.63281775 3
2 0.01261583 0.08303080 0.62709081 2 0.19189808 0.04184045 0.62709081 3
2 0.04097845 0.08303080 0.61818969 2 0.22328863 0.02215218 0.61818969 3
2 0.07247783 0.08192874 0.61494589 2 0.25084335 -0.00714538 0.61494589 3
2 0.10559843 0.07719788 0.61069894 2 0.27516490 -0.03575150 0.61069894 3
2 0.13957378 0.06721698 0.61067516 2 0.29591471 -0.06843880 0.61067516 3
2 0.17333862 0.05221523 0.61201549 2 0.31064135 -0.10221888 0.61201549 3
2 0.20485304 0.03100509 0.61843455 2 0.32531050 -0.13260926 0.61843455 0
2 0.23412350 0.00638442 0.62285948 2 0.33317471 -0.15522932 0.62285948 0
2 0.26027662 -0.02102308 0.62588507 2 0.33732170 -0.17485641 0.62588507 0
2 0.28229302 -0.05204157 0.63586384 2 0.33171773 -0.19441958 0.63586384 0
2 0.30105802 -0.08338023 0.63795298 2 0.33125889 -0.20367053 0.63795298 0
2 0.31526992 -0.11339203 0.64312500 2 0.33287627 -0.21003929 0.64312500 0
2 0.32443899 -0.14020926 0.64520293 2 0.33357725 -0.21255803 0.64520293 0
2 0.33019271 -0.16340975 0.64677197 2 0.33312443 -0.21241242 0.64677197 0
2 0.33221006 -0.18134528 0.64790243 2 0.33310062 -0.20862976 0.64790243 0
2 0.33268028 -0.19374879 0.64672309 2 0.33120301 -0.20299152 0.64672309 0
2 0.33298844 -0.20124020 0.64744937 2 0.32799253 -0.19698332 0.64744937 0
2 0.33271733 -0.20367053 0.65105659 2 0.32734311 -0.18999350 0.65105659 0
2 0.33226669 -0.20367053 0.64925086 2 0.32537302 -0.18059799 0.64925086 3
2 0.33178720 -0.20350941 0.64900678 2 0.32408434 -0.17089094 0.64900678 3
2 0.33059064 -0.20191686 0.64713472 2 0.32469255 -0.15885930 0.64713472 3
2 0.32966685 -0.19860904 0.64507097 2 0.33211336 -0.14183182 0.64507097 3
2 0.32868186 -0.19295587 0.63937640 2 0.32652655 -0.13013504 0.63937640 0
2 0.32748505 -0.18498793 0.63645804 2 0.32453191 -0.11931248 0.63645804 0
2 0.32684556 -0.17552234 0.63479990 2 0.32279521 -0.10883349 0.63479990 2
-999
