2 0.06245380 0.10025340 1.04081106 2 0.08158271 0.12485131 1.04081106 3
2 0.06164985 0.09902979 1.03669322 2 0.07994472 0.12393751 1.03669322 3
2 0.06111484 0.09680194 1.03514528 2 0.07851966 0.12201276 1.03514528 3
2 0.06087770 0.09342243 1.03720713 2 0.07739118 0.11889122 1.03720713 3
2 0.06049621 0.08954395 1.03760207 2 0.07642684 0.11567642 1.03760207 3
2 0.06012120 0.08642802 1.03871095 2 0.07572395 0.11262680 1.03871095 3
2 0.05958583 0.08424647 1.03922653 2 0.07501027 0.10999610 1.03922653 3
2 0.05878703 0.08341710 1.03978384 2 0.07416184 0.10785460 1.03978384 3
2 0.05813382 0.08306960 1.03790236 2 0.07346568 0.10620232 1.03790236 3
2 0.05751059 0.08300313 1.04145825 2 0.07288613 0.10502164 1.04145825 3
2 0.05719844 0.08300313 1.03713965 2 0.07242165 0.10430612 1.03713965 3
2 0.05719844 0.08333364 1.03514326 2 0.07206556 0.10428627 1.03514326 3
2 0.05834140 0.08406159 1.03402472 2 0.07300747 0.10486897 1.03402472 3
2 0.06156211 0.08481511 1.03230476 2 0.07605165 0.10545695 1.03230476 3
2 0.06831651 0.08559420 1.03061771 2 0.08239923 0.10599806 1.03061771 3
2 0.08022084 0.08602113 1.02812421 2 0.09321861 0.10646237 1.02812421 3
2 0.09820830 0.08602113 1.02552032 2 0.11007509 0.10684285 1.02552032 3
2 0.12235079 0.08555349 1.02495182 2 0.13305135 0.10664679 1.02495182 3
2 0.15166369 0.08247515 1.02243102 2 0.16163580 0.10368869 1.02243102 3
2 0.18508175 0.07562104 1.02053106 2 0.19535735 0.09714232 1.02053106 3
2 0.22050235 0.06225560 1.01966584 2 0.23332176 0.08469274 1.01966584 3
2 0.25692278 0.04175989 1.01982665 2 0.27443326 0.06613353 1.01982665 3
2 0.29326615 0.01536459 1.02159929 2 0.31709555 0.04134239 1.02159929 3
2 0.32859337 -0.01827712 1.02541387 2 0.36017799 0.00877365 1.02541387 3
2 0.36123765 -0.05691361 1.02993560 2 0.40160361 -0.03084517 1.02993560 3
2 0.38999781 -0.09894093 1.03090739 2 0.43998218 -0.07547569 1.03090739 3
2 0.41109306 -0.14290234 1.02994335 2 0.47089410 -0.12341513 1.02994335 3
2 0.42406699 -0.18399036 1.02919388 2 0.49450612 -0.17129767 1.02919388 3
2 0.43038422 -0.21944879 1.02936506 2 0.51181942 -0.21630982 1.02936506 3
2 0.43122780 -0.24432573 1.02547657 2 0.52391726 -0.25236014 1.02547657 3
2 0.43141586 -0.25879216 1.02165353 2 0.53177726 -0.28018269 1.02165353 3
2 0.43155780 -0.26495916 1.01417041 2 0.53631085 -0.30062047 1.01417041 3
2 0.43156999 -0.26495916 1.00601101 2 0.53842837 -0.31462854 1.00601101 3
2 0.43143880 -0.26215848 0.99963057 2 0.53911114 -0.32048935 0.99963057 3
2 0.43120563 -0.25382689 0.99534625 2 0.53908771 -0.31704876 0.99534625 3
2 0.43037102 -0.23853250 0.98564410 2 0.53830463 -0.30484432 0.98564410 3
2 0.42879134 -0.21400011 0.98457348 2 0.53673238 -0.28366134 0.98457348 3
2 0.42260748 -0.18332581 0.98438841 2 0.53050506 -0.25563473 0.98438841 3
2 0.41119900 -0.14890569 0.98835355 2 0.51967639 -0.22198352 0.98835355 3
2 0.39330870 -0.11081766 0.99204165 2 0.50297064 -0.18247251 0.99204165 3
2 0.36689684 -0.07302142 0.99717140 2 0.47906989 -0.14013515 0.99717140 3
2 0.33510336 -0.03562522 1.00301051 2 0.44808504 -0.09630004 1.00301051 3
2 0.29800251 -0.00017465 1.01287496 2 0.41085735 -0.05302895 1.01287496 3
2 0.25712150 0.02916201 1.02084744 2 0.36820087 -0.01366809 1.02084744 3
2 0.21451351 0.05475577 1.02575874 2 0.32118729 0.02252593 1.02575874 3
2 0.17223215 0.07455721 1.03315842 2 0.27213728 0.05334276 1.03315842 3
2 0.13144423 0.08754506 1.03472447 2 0.22293591 0.07735515 1.03472447 3
2 0.09423737 0.09610263 1.03483367 2 0.17578167 0.09498934 1.03483367 3
2 0.06217702 0.09946146 1.03432751 2 0.13225073 0.10733054 1.03432751 3
2 0.03579149 0.10013859 1.03355646 2 0.09390572 0.11561844 1.03355646 3
2 0.01822589 0.10044995 1.02865720 2 0.06429472 0.12089437 1.02865720 3
2 0.00789459 0.10077220 1.02130401 2 0.04227991 0.12390283 1.02130401 3
2 0.00355937 0.10105909 1.01033640 2 0.02669179 0.12545951 1.01033640 3
2 0.00355937 0.10107701 0.99746585 2 0.01632174 0.12588629 0.99746585 3
2 0.01815623 0.10080651 0.98577672 2 0.02532532 0.12584168 0.98577672 3
2 0.04066330 0.10052657 0.96908027 2 0.04330678 0.12573548 0.96908027 3
2 0.06434855 0.10023718 0.95563447 2 0.06103633 0.12562452 0.95563447 3
2 0.09295028 0.09971832 0.94044620 2 0.08159112 0.12507571 0.94044620 3
2 0.11034740 0.09825041 0.92862147 2 0.10427657 0.12347707 0.92862147 3
2 0.12035875 0.09428043 0.91694766 2 0.12382701 0.11947852 0.91694766 3
2 0.13885139 0.08627105 0.90917391 2 0.14874092 0.11185894 0.90917391 3
2 0.16300626 0.07518307 0.90312701 2 0.17921841 0.10173894 0.90312701 3
2 0.19283000 0.05887218 0.90418786 2 0.21441399 0.08658984 0.90418786 3
2 0.23238952 0.03731434 0.90880859 2 0.25234598 0.06556538 0.90880859 3
2 0.27211744 0.01105418 0.91682547 2 0.29300636 0.03854842 0.91682547 3
2 0.30911282 -0.02156777 0.92439878 2 0.33456787 0.00570535 0.92439878 3
2 0.34110874 -0.05933861 0.92812389 2 0.37430024 -0.03371352 0.92812389 3
2 0.36716777 -0.09985814 0.93174803 2 0.41034561 -0.07751539 0.93174803 3
2 0.38522959 -0.14144638 0.93428242 2 0.44013688 -0.12390678 0.93428242 3
2 0.39693680 -0.18112077 0.93380332 2 0.46370879 -0.16984455 0.93380332 3
2 0.40404928 -0.21442859 0.93598753 2 0.48178616 -0.21241540 0.93598753 3
2 0.40742221 -0.23740391 0.93239862 2 0.49447837 -0.24639565 0.93239862 3
2 0.40975508 -0.25049439 0.92925996 2 0.50285774 -0.27249160 0.92925996 3
2 0.41090608 -0.25579673 0.92501456 2 0.50800663 -0.29157981 0.92501456 3
2 0.41100064 -0.25579673 0.92134517 2 0.51093698 -0.30464599 0.92134517 3
2 0.41100064 -0.25305110 0.91543907 2 0.51247388 -0.30987427 0.91543907 3
2 0.41099471 -0.24470630 0.91562307 2 0.51321959 -0.30596259 0.91562307 3
2 0.41051042 -0.22965921 0.91627520 2 0.51309323 -0.29377267 0.91627520 3
2 0.40862444 -0.20671734 0.91787988 2 0.51131403 -0.27412975 0.91787988 3
2 0.40467378 -0.17791098 0.92066920 2 0.50752658 -0.24784879 0.92066920 3
2 0.39735493 -0.14618959 0.92998850 2 0.50077140 -0.21644764 0.92998850 3
2 0.38553026 -0.11276381 0.93904370 2 0.48979196 -0.18117470 0.93904370 3
2 0.36870483 -0.07863622 0.95376766 2 0.47369984 -0.14291437 0.95376766 3
2 0.34568280 -0.04611675 0.96781749 2 0.45139953 -0.10404269 0.96781749 3
2 0.31773683 -0.01552251 0.98327702 2 0.42388719 -0.06560422 0.98327702 3
2 0.28530458 0.01252337 0.99966884 2 0.39083314 -0.02893716 0.99966884 3
2 0.24931322 0.03597203 1.01872802 2 0.35277069 0.00394451 1.01872802 3
2 0.21131423 0.05654985 1.03416193 2 0.31043917 0.03370881 1.03416193 3
2 0.17111412 0.07133964 1.05440664 2 0.26477492 0.05748191 1.05440664 3
2 0.13103697 0.08033426 1.06250632 2 0.21779864 0.07528953 1.06250632 3
2 0.09225190 0.08552179 1.06887138 2 0.17079173 0.08809394 1.06887138 3
2 0.05753679 0.08640704 1.07002974 2 0.12666947 0.09682562 1.07002974 3
2 0.02611897 0.08640704 1.06646645 2 0.08437044 0.10242016 1.06646645 3
2 0.00368472 0.08586165 1.05931771 2 0.05089945 0.10507848 1.05931771 3
2 -0.01009996 0.08529677 1.05454409 2 0.02537886 0.10618469 1.05454409 3
2 -0.01766915 0.08471242 1.04321373 2 0.00675313 0.10638290 1.04321373 3
2 -0.01770639 0.08410859 1.03215694 2 -0.00609123 0.10609342 1.03215694 3
2 -0.01770639 0.08410859 1.01773214 2 -0.01430306 0.10577419 1.01773214 3
2 -0.01523099 0.08412240 1.00432575 2 -0.01642879 0.10553336 1.00432575 3
2 -0.00899939 0.08417884 0.98969102 2 -0.01253414 0.10539915 0.98969102 3
2 0.00348381 0.08423728 0.96698236 2 -0.00151980 0.10532225 0.96698236 3
2 0.02186194 0.08429772 0.95218039 2 0.01462228 0.10530263 0.95218039 3
2 0.04439491 0.08434439 0.92968190 2 0.03539827 0.10534032 0.92968190 3
2 0.07061508 0.08430224 0.91076547 2 0.06085748 0.10532705 0.91076547 3
2 0.09907604 0.08304524 0.89452988 2 0.09136104 0.10403381 0.89452988 3
2 0.13070010 0.07920413 0.88746685 2 0.12614356 0.10020569 0.88746685 3
2 0.16495103 0.07202391 0.88125950 2 0.16461746 0.09344006 0.88125950 3
2 0.20145354 0.05890952 0.88110799 2 0.20617422 0.08144762 0.88110799 3
2 0.23801982 0.03911813 0.88184458 2 0.24900490 0.06292233 0.88184458 3
2 0.27350375 0.01291297 0.88676804 2 0.29159415 0.03768157 0.88676804 3
2 0.30612463 -0.01874012 0.89022326 2 0.33241430 0.00718310 0.89022326 3
2 0.33340248 -0.05411036 0.89700675 2 0.36937737 -0.02864503 0.89700675 3
2 0.35501382 -0.08277844 0.89906138 2 0.40143490 -0.05988079 0.89906138 3
2 0.36904481 -0.10834851 0.89985204 2 0.42615432 -0.09172240 0.89985204 3
2 0.37940603 -0.12767300 0.90346718 2 0.44731298 -0.11991073 0.90346718 3
2 0.38585123 -0.13931218 0.90791506 2 0.46312910 -0.14436305 0.90791506 3
2 0.38973078 -0.15686907 0.90801638 2 0.47464600 -0.16968597 0.90801638 3
2 0.39382386 -0.18939818 0.90880632 2 0.48255408 -0.21116671 0.90880632 3
2 0.39527774 -0.22046113 0.90649676 2 0.48801395 -0.24509220 0.90649676 3
2 0.39596376 -0.25009918 0.90606833 2 0.49110338 -0.27247316 0.90606833 3
2 0.39599216 -0.27336872 0.90088451 2 0.49277946 -0.29427069 0.90088451 3
2 0.39538625 -0.27336872 0.89980304 2 0.49320433 -0.31156066 0.89980304 3
2 0.39435837 -0.27272788 0.89342928 2 0.49325472 -0.32376081 0.89342928 3
2 0.39323702 -0.26834863 0.88762140 2 0.49245363 -0.32838708 0.88762140 3
2 0.39086729 -0.25876325 0.88875502 2 0.49020520 -0.32473478 0.88875502 3
2 0.38887882 -0.24302001 0.89542872 2 0.48810044 -0.31283671 0.89542872 3
2 0.38653478 -0.21956861 0.90472001 2 0.48597041 -0.29194131 0.90472001 3
2 0.38222948 -0.19085740 0.91530424 2 0.48163241 -0.26458371 0.91530424 3
2 0.37587729 -0.15748927 0.92885363 2 0.47428423 -0.23099814 0.92885363 3
2 0.36283085 -0.12074982 0.94491982 2 0.46105343 -0.19288172 0.94491982 3
2 0.34142542 -0.08313730 0.96123439 2 0.44091493 -0.15152399 0.96123439 3
2 0.31300640 -0.04662463 0.97670293 2 0.41394171 -0.10907352 0.97670293 3
2 0.27807978 -0.01336480 0.99467176 2 0.38068697 -0.06767077 0.99467176 3
2 0.24022256 0.01442203 1.01199627 2 0.34250423 -0.03051615 1.01199627 3
2 0.20087123 0.03826156 1.03223133 2 0.29989824 0.00408767 1.03223133 3
2 0.16186348 0.05524569 1.05002272 2 0.25501940 0.03201113 1.05002272 3
2 0.12482738 0.06558479 1.06573975 2 0.20997043 0.05301208 1.06573975 3
2 0.09036814 0.07219560 1.07806134 2 0.16625716 0.06810935 1.07806134 3
2 0.06019861 0.07329889 1.08092177 2 0.12549607 0.07840891 1.08092177 3
2 0.03472372 0.07329889 1.08439577 2 0.08902218 0.08495109 1.08439577 3
2 0.01360214 0.07192939 1.08142400 2 0.05711659 0.08730563 1.08142400 3
2 -0.00112725 0.07051097 1.07163143 2 0.03214847 0.08796212 1.07163143 3
2 -0.01001474 0.06904365 1.05566072 2 0.01367532 0.08765931 1.05566072 3
2 -0.01443869 0.06752741 1.04005194 2 0.00061718 0.08681405 1.04005194 3
2 -0.01507253 0.06752741 1.01875257 2 -0.00815190 0.08601245 1.01875257 3
2 -0.01507253 0.06948510 0.99951100 2 -0.01364313 0.08743374 0.99951100 3
2 -0.01169498 0.07214674 0.97393864 2 -0.01318423 0.08945417 0.97393864 3
2 -0.00110756 0.07490094 0.95213372 2 -0.00404608 0.09133153 0.95213372 3
2 0.01579075 0.07774770 0.92910391 2 0.01107895 0.09306581 0.92910391 3
2 0.03952966 0.07844967 0.90767235 2 0.03134345 0.09465701 0.90767235 3
2 0.06736901 0.07844967 0.88517761 2 0.05655681 0.09594481 0.88517761 3
2 0.09629960 0.07743747 0.86721486 2 0.08697170 0.09586281 0.86721486 3
2 0.12771791 0.07372912 0.86299449 2 0.12166272 0.09279339 0.86299449 3
2 0.16195145 0.06521064 0.86196762 2 0.16029885 0.08492081 0.86196762 3
2 0.19846661 0.05163871 0.85911572 2 0.20225686 0.07271253 0.85911572 3
2 0.23537304 0.03164902 0.86940819 2 0.24569908 0.05447711 0.86940819 3
2 0.27109781 0.00490123 0.87767202 2 0.28839308 0.02900737 0.87767202 3
2 0.30449370 -0.02656688 0.88391292 2 0.32991365 -0.00267129 0.88391292 3
2 0.33107001 -0.06371766 0.89254475 2 0.36601144 -0.04042488 0.89254475 3
2 0.35151139 -0.10415068 0.90084237 2 0.39721903 -0.08318122 0.90084237 3
2 0.36572933 -0.14435530 0.90446854 2 0.42231768 -0.12835573 0.90446854 3
2 0.37388808 -0.18335442 0.91020066 2 0.44204217 -0.17406432 0.91020066 0
2 0.38033724 -0.21906830 0.91154110 2 0.45726931 -0.21862213 0.91154110 0
2 0.38533747 -0.25036576 0.91085047 2 0.46937904 -0.26081777 0.91085047 3
2 0.38932756 -0.27630934 0.90874243 2 0.47781411 -0.29808131 0.90874243 3
2 0.39238614 -0.29410571 0.90522599 2 0.48357436 -0.32695714 0.90522599 0
2 0.39446399 -0.30463642 0.90044492 2 0.48748425 -0.34851196 0.90044492 0
2 0.39488140 -0.30869144 0.89753914 2 0.49015236 -0.36381707 0.89753914 3
2 0.39503354 -0.30869144 0.89341593 2 0.49174085 -0.37404796 0.89341593 3
2 0.39504376 -0.30656871 0.88505137 2 0.49274254 -0.37815514 0.88505137 3
2 0.39503354 -0.30030918 0.87657964 2 0.49344113 -0.37537655 0.87657964 3
2 0.39512151 -0.28863496 0.87186366 2 0.49389499 -0.36591792 0.87186366 3
2 0.39550325 -0.27109414 0.87117302 2 0.49424824 -0.35091111 0.87117302 3
2 0.39567310 -0.24839315 0.87329924 2 0.49429235 -0.33008766 0.87329924 3
2 0.39359543 -0.19776383 0.88204408 2 0.49210361 -0.27855521 0.88204408 3
2 0.38966540 -0.14823519 0.89337355 2 0.48838791 -0.23029940 0.89337355 3
2 0.38519460 -0.09752057 0.90859896 2 0.48483974 -0.18286967 0.90859896 3
2 0.36740562 -0.05024913 0.92579883 2 0.46761820 -0.13998950 0.92579883 3
2 0.34400180 -0.03098730 0.94296259 2 0.44464606 -0.09784493 0.94296259 3
2 0.31341523 -0.01411695 0.96166766 2 0.41584447 -0.06363577 0.96166766 3
2 0.27364513 0.00254745 0.97851837 2 0.38203412 -0.03132818 0.97851837 3
2 0.23925517 0.02159037 0.99610883 2 0.34401217 -0.00175820 0.99610883 3
2 0.20380934 0.03794881 1.01197994 2 0.30311900 0.02444229 1.01197994 3
2 0.16866067 0.05622645 1.02962208 2 0.26068607 0.04490769 1.02962208 3
2 0.13535200 0.06858285 1.04568660 2 0.21882564 0.06123945 1.04568660 3
2 0.10379399 0.07556722 1.05676436 2 0.17772305 0.07370478 1.05676436 3
2 0.07566323 0.07773546 1.06592512 2 0.14023088 0.08297524 1.06592512 3
2 0.05112531 0.07782260 1.07243514 2 0.10585345 0.08938328 1.07243514 3
2 0.02813074 0.07774390 1.07455337 2 0.07360140 0.09363915 1.07455337 3
2 0.01112708 0.07449851 1.06956863 2 0.04729543 0.09255531 1.06956863 3
2 -0.00071288 0.07113732 1.05982578 2 0.02736240 0.09051280 1.05982578 3
2 -0.00773987 0.06766032 1.04257309 2 0.01279299 0.08810367 1.04257309 3
2 -0.00907701 0.06415746 1.02507973 2 0.00261302 0.08584457 1.02507973 3
2 -0.00907701 0.06415746 1.00278664 2 -0.00410905 0.08395585 1.00278664 3
2 -0.00751289 0.06470877 0.97744715 2 -0.00649852 0.08302756 0.97744715 3
2 -0.00243232 0.06677774 0.95186567 2 -0.00355724 0.08399253 0.95186567 3
2 0.00941381 0.06891990 0.92948711 2 0.00701533 0.08509720 0.92948711 3
2 0.02793325 0.07113525 0.90724427 2 0.02357019 0.08634156 0.90724427 3
2 0.05218656 0.07279371 0.88266283 2 0.04542653 0.08771639 0.88266283 3
2 0.08081057 0.07279371 0.86420256 2 0.07228440 0.08885134 0.86420256 3
2 0.11126357 0.06970304 0.85508293 2 0.10419970 0.08649013 0.85508293 3
2 0.14377235 0.06036524 0.85451072 2 0.13996802 0.07778534 0.85451072 3
2 0.17847109 0.04802549 0.85128832 2 0.17945416 0.06710529 0.85128832 3
2 0.21471065 0.02855629 0.85696346 2 0.22158810 0.05051475 0.85696346 3
2 0.25011876 0.00420791 0.86313713 2 0.26402119 0.02776477 0.86313713 3
2 0.28236720 -0.02318146 0.86851293 2 0.30360284 -0.00161824 0.86851293 3
2 0.31066561 -0.05622548 0.87248605 2 0.34074727 -0.03502070 0.87248605 3
2 0.33251235 -0.09164459 0.87541711 2 0.37305936 -0.07274124 0.87541711 3
2 0.34751543 -0.12773961 0.88267851 2 0.39913553 -0.11311816 0.88267851 3
2 0.35779315 -0.16182466 0.88679945 2 0.41915312 -0.15410312 0.88679945 3
2 0.36280555 -0.19431318 0.88906193 2 0.43389842 -0.19395700 0.88906193 3
2 0.36558828 -0.22307830 0.89085019 2 0.44479069 -0.23188247 0.89085019 3
2 0.36789453 -0.24808523 0.89386666 2 0.45255539 -0.26695412 0.89386666 3
2 0.36999872 -0.26923057 0.89388490 2 0.45780948 -0.29819345 0.89388490 3
2 0.37198448 -0.28702316 0.89139366 2 0.46133921 -0.32533076 0.89139366 3
2 0.37318388 -0.29927796 0.89096159 2 0.46358025 -0.34600732 0.89096159 3
2 0.37374461 -0.30646464 0.89153492 2 0.46505529 -0.36113244 0.89153492 3
2 0.37403494 -0.30971667 0.88708615 2 0.46609265 -0.37174964 0.88708615 3
2 0.37411574 -0.30971667 0.88116956 2 0.46681145 -0.37883386 0.88116956 3
2 0.37411574 -0.30947655 0.87838948 2 0.46726641 -0.38298762 0.87838948 3
2 0.37347266 -0.30670181 0.87106287 2 0.46681902 -0.38254791 0.87106287 3
2 0.37199047 -0.29979467 0.87249351 2 0.46545696 -0.37685063 0.87249351 3
2 0.36998713 -0.28745037 0.87396604 2 0.46371102 -0.36570579 0.87396604 3
2 0.36662793 -0.26888114 0.88454610 2 0.46080390 -0.34922495 0.88454610 3
2 0.36330831 -0.24443886 0.88996571 2 0.45765299 -0.32630032 0.88996571 3
2 0.35732391 -0.21491817 0.90335709 2 0.45127481 -0.29711547 0.90335709 3
2 0.34644106 -0.18108991 0.92538333 2 0.44024238 -0.26230246 0.92538333 3
2 0.32920092 -0.14540620 0.94189924 2 0.42282465 -0.22462235 0.94189924 3
2 0.30579168 -0.10621265 0.96547621 2 0.40117458 -0.18081440 0.96547621 3
2 0.27675068 -0.06739295 0.98615259 2 0.37330380 -0.13555171 0.98615259 3
2 0.24383222 -0.03272001 1.00818276 2 0.34012064 -0.09301946 1.00818276 3
2 0.20858778 0.00165885 1.02938092 2 0.30166054 -0.05104638 1.02938092 3
2 0.17809741 0.02826730 1.04531419 2 0.26801509 -0.01298954 1.04531419 3
2 0.15096872 0.04616043 1.06077492 2 0.23440647 0.01681197 1.06077492 3
2 0.13061787 0.05883063 1.07144117 2 0.20485963 0.03930910 1.07144117 3
2 0.11652395 0.06360653 1.07832897 2 0.17742604 0.05553807 1.07832897 1
2 0.09973437 0.06360653 1.07804930 2 0.15263692 0.06657999 1.07804930 1
2 0.06605820 0.06169315 1.07742548 2 0.10972963 0.07131345 1.07742548 1
2 0.03285380 0.05803144 1.07764626 2 0.07349538 0.07156447 1.07764626 1
2 0.00328679 0.05400198 1.07192659 2 0.04423475 0.07003193 1.07192659 3
2 -0.02320380 0.04983563 1.07081199 2 0.02091052 0.06759211 1.07081199 3
2 -0.02446401 0.04771911 1.06857002 2 0.00238475 0.06509598 1.06857002 3
2 -0.02446401 0.04745404 1.06563604 2 -0.01147954 0.06304854 1.06563604 3
2 -0.02394965 0.04745404 1.06494069 2 -0.02080676 0.06144978 1.06494069 3
2 -0.02291158 0.04796066 1.06573761 2 -0.02595222 0.06083346 1.06573761 3
2 -0.02121714 0.04870242 1.06837130 2 -0.02734283 0.06083519 1.06837130 3
2 -0.01887530 0.04972254 1.06983650 2 -0.02549973 0.06146692 1.06983650 3
2 -0.01634431 0.05103845 1.06364834 2 -0.02304948 0.06248398 1.06364834 2
-999
