2 0.10786793 0.09371292 0.81596631 2 0.10683171 0.09048101 0.81596631 3
2 0.10666338 0.09280135 0.80979413 2 0.10343588 0.09385876 0.80979413 3
2 0.10418607 0.09338180 0.80791414 2 0.09853578 0.09726269 0.80791414 3
2 0.09986027 0.09598398 0.80515146 2 0.08968268 0.10302923 0.80515146 3
2 0.09248565 0.10149959 0.79847980 2 0.07678298 0.11291437 0.79847980 3
2 0.08194446 0.10916456 0.79378837 2 0.06063037 0.12503146 0.79378837 3
2 0.06754596 0.11909734 0.78643054 2 0.04030320 0.13736558 0.78643054 3
2 0.05001513 0.13014193 0.78364718 2 0.01906459 0.14720917 0.78364718 3
2 0.02993239 0.13974385 0.77876961 2 -0.00391033 0.15084878 0.77876961 3
2 0.00731706 0.14766070 0.77344918 2 -0.03016160 0.15624075 0.77344918 3
2 -0.01662844 0.15309261 0.77018404 2 -0.05575578 0.15874994 0.77018404 3
2 -0.04084105 0.15602711 0.76910883 2 -0.07772352 0.15871128 0.76910883 3
2 -0.06379206 0.15751188 0.76323760 2 -0.09520707 0.15635043 0.76323760 3
2 -0.08286995 0.15696266 0.76145864 2 -0.10562554 0.15374444 0.76145864 3
2 -0.09697764 0.15564686 0.75783992 2 -0.11123502 0.15347064 0.75783992 3
2 -0.10574222 0.15469980 0.75633788 2 -0.11184216 0.15516897 0.75633788 3
2 -0.10902867 0.15512095 0.75839794 2 -0.10751854 0.15836342 0.75839794 3
2 -0.10771107 0.15722960 0.75810534 2 -0.09958279 0.16242482 0.75810534 3
2 -0.10164558 0.16067187 0.75657278 2 -0.08620052 0.16742216 0.75657278 3
2 -0.08971450 0.16387506 0.75765979 2 -0.06306918 0.16785730 0.75765979 3
2 -0.07180657 0.16672350 0.76242298 2 -0.03468169 0.16955994 0.76242298 3
2 -0.04757034 0.16777644 0.76012605 2 -0.00154427 0.16623482 0.76012605 3
2 -0.01771342 0.16652460 0.76300198 2 0.03393554 0.16209713 0.76300198 3
2 0.01658491 0.16125667 0.76596940 2 0.07479820 0.14585957 0.76596940 3
2 0.05393149 0.14259624 0.77323669 2 0.11516337 0.09215131 0.77323669 3
2 0.09278314 0.12372309 0.77050561 2 0.15402588 0.09021924 0.77050561 3
2 0.13268562 0.09840960 0.77078480 2 0.19344668 0.06106390 0.77078480 3
2 0.16724390 0.06166527 0.77781171 2 0.21192805 -0.00205780 0.77781171 3
2 0.19736908 0.02983823 0.77862382 2 0.23447984 -0.03743307 0.77862382 3
2 0.22377238 -0.01059985 0.77870309 2 0.25894770 -0.07130251 0.77870309 3
2 0.24520834 -0.05234234 0.78401446 2 0.27931911 -0.10435141 0.78401446 3
2 0.26512223 -0.08573778 0.78595042 2 0.29095945 -0.13540596 0.78595042 3
2 0.30602366 -0.09309234 0.79379129 2 0.40235773 -0.06132867 0.79379129 3
2 0.34094721 -0.09596842 0.79614353 2 0.39913288 -0.08030961 0.79614353 3
2 0.37293664 -0.09201656 0.80249554 2 0.40504271 -0.08898322 0.80249554 3
2 0.37922931 -0.10333440 0.80294943 2 0.30556226 -0.18937387 0.80294943 3
2 0.35542589 -0.13398388 0.80321109 2 0.30551961 -0.18425575 0.80321109 3
2 0.33097059 -0.15825431 0.80234045 2 0.30254528 -0.17467484 0.80234045 3
2 0.30360121 -0.17698534 0.80074394 2 0.30046821 -0.15787274 0.80074394 3
2 0.30149984 -0.16338971 0.79752290 2 0.29699776 -0.13391082 0.79752290 3
2 0.29691365 -0.14431700 0.79254711 2 0.28678310 -0.10696036 0.79254711 3
2 0.28910875 -0.12080471 0.78927535 2 0.27048841 -0.08006164 0.78927535 3
2 0.27667990 -0.09459357 0.78774577 2 0.24977291 -0.05286456 0.78774577 3
2 0.25856411 -0.06752180 0.78647423 2 0.22365084 -0.02560283 0.78647423 3
2 0.23646730 -0.03944005 0.78309602 2 0.19781923 0.00558586 0.78309602 3
2 0.21055791 -0.01183942 0.77898139 2 0.16630681 0.03028014 0.77898139 3
2 0.18252952 0.02097061 0.77233869 2 0.13742261 0.07937570 0.77233869 3
2 0.15199013 0.04711813 0.77442336 2 0.10099928 0.07773138 0.77442336 3
2 0.11876041 0.07535730 0.77333766 2 0.06452002 0.11849988 0.77333766 3
2 0.08453108 0.10192711 0.77288765 2 0.02905384 0.13565408 0.77288765 3
2 0.04972715 0.11766697 0.77284640 2 -0.00147627 0.14235945 0.77284640 3
2 0.01689567 0.13559902 0.77479100 2 -0.02982980 0.14746937 0.77479100 3
2 -0.01265286 0.14378676 0.77678132 2 -0.05301262 0.15050590 0.77678132 3
2 -0.03826673 0.14863603 0.78205007 2 -0.07276604 0.15489845 0.78205007 3
2 -0.05962341 0.15226068 0.78744447 2 -0.08608016 0.15671347 0.78744447 3
2 -0.07751537 0.15590076 0.79215580 2 -0.10086130 0.16210578 0.79215580 3
2 -0.09134068 0.15842777 0.79644042 2 -0.10768107 0.16036265 0.79644042 3
2 -0.10112644 0.15964688 0.80010426 2 -0.11128017 0.15951872 0.80010426 3
2 -0.10770654 0.16013180 0.80358362 2 -0.11161122 0.15833397 0.80358362 3
2 -0.10942502 0.15840627 0.80265421 2 -0.10710385 0.15512329 0.80265421 3
2 -0.10763596 0.15634830 0.79976636 2 -0.09989320 0.15197948 0.79976636 3
2 -0.10281169 0.15487456 0.79889131 2 -0.09149332 0.15377647 0.79889131 3
2 -0.09423051 0.15340996 0.79339749 2 -0.07674564 0.15266612 0.79339749 3
2 -0.08220889 0.15233022 0.78596693 2 -0.05834058 0.15082107 0.78596693 3
2 -0.06622690 0.15105802 0.77777749 2 -0.03515127 0.14657077 0.77777749 3
2 -0.04561433 0.14818616 0.76939017 2 -0.00834900 0.14207618 0.76939017 3
2 -0.02126721 0.14376697 0.75788450 2 0.02127451 0.13470414 0.75788450 3
2 0.00678950 0.13621122 0.74665600 2 0.05444143 0.12001872 0.74665600 3
2 0.03773227 0.12403658 0.74061817 2 0.08907823 0.09679598 0.74061817 3
2 0.07058294 0.10445559 0.73894316 2 0.12331306 0.06222450 0.73894316 3
2 0.10486367 0.08151790 0.72892886 2 0.15849297 0.04250507 0.72892886 3
2 0.13772316 0.05198921 0.73141360 2 0.18550786 0.00123820 0.73141360 3
2 0.16933335 0.02131015 0.72972208 2 0.21514690 -0.02590790 0.72972208 3
2 0.20014226 -0.00718501 0.72139627 2 0.24639320 -0.05183235 0.72139627 3
2 0.22727789 -0.03843759 0.72718936 2 0.26672274 -0.08191586 0.72718936 3
2 0.25254247 -0.06573340 0.73178589 2 0.28584653 -0.10795947 0.73178589 3
2 0.27222422 -0.09228002 0.73781431 2 0.29260841 -0.13192637 0.73781431 3
2 0.28628457 -0.11674225 0.74229807 2 0.30186197 -0.14898373 0.74229807 3
2 0.29588819 -0.13686873 0.74650347 2 0.30433264 -0.16162311 0.74650347 3
2 0.30149511 -0.15241967 0.75134796 2 0.30800202 -0.16925789 0.75134796 3
2 0.30554795 -0.16243254 0.75309235 2 0.30838925 -0.17112039 0.75309235 3
2 0.30720606 -0.16730466 0.75430113 2 0.30830911 -0.16755019 0.75430113 3
2 0.30771852 -0.16699651 0.75261891 2 0.30607426 -0.15950096 0.75261891 3
2 0.30664989 -0.16161516 0.75196040 2 0.30354270 -0.14692226 0.75196040 3
2 0.30429918 -0.15113968 0.74787241 2 0.29874128 -0.12838043 0.74787241 3
2 0.29925638 -0.13674472 0.74740404 2 0.28764910 -0.10930881 0.74740404 3
2 0.29042569 -0.11933798 0.74754548 2 0.26986942 -0.08949722 0.74754548 3
2 0.27738726 -0.09888489 0.74353236 2 0.25053677 -0.06478357 0.74353236 3
2 0.25826651 -0.07737429 0.74599892 2 0.22130984 -0.04206975 0.74599892 3
2 0.23440714 -0.05493980 0.75074410 2 0.19142866 -0.01946259 0.75074410 3
2 0.20699465 -0.03182548 0.75616258 2 0.15957156 0.00283540 0.75616258 3
2 0.17659736 -0.00422380 0.75488740 2 0.12883742 0.04669303 0.75488740 3
2 0.16818862 0.04661006 0.76323682 2 0.19244771 0.16657743 0.76323682 3
2 0.15852849 0.10125590 0.76746237 2 0.15405491 0.20102723 0.76746237 3
2 0.14928868 0.15443638 0.77596468 2 0.12075291 0.21246059 0.77596468 3
2 0.11697091 0.17649531 0.78305000 2 -0.01024260 0.12394190 0.78305000 3
2 0.05995121 0.16793890 0.79341149 2 -0.03667899 0.12917189 0.79341149 3
2 0.00691071 0.15020049 0.79909599 2 -0.05560386 0.13118349 0.79909599 3
2 -0.04314443 0.13003029 0.80604404 2 -0.07359429 0.13649631 0.80604404 3
2 -0.06157963 0.13294782 0.81031632 2 -0.08310706 0.13534343 0.81031632 3
2 -0.07510827 0.13450786 0.81463081 2 -0.09004007 0.13519251 0.81463081 3
2 -0.08486841 0.13511972 0.81538934 2 -0.09388125 0.13328056 0.81538934 3
2 -0.09073023 0.13394214 0.81791198 2 -0.09664608 0.13173626 0.81791198 3
2 -0.09435339 0.13295044 0.81871456 2 -0.09726015 0.13137196 0.81871456 3
2 -0.09589695 0.13182922 0.81967348 2 -0.09591412 0.13079552 0.81967348 3
2 -0.09543999 0.13109888 0.81767517 2 -0.09166347 0.13041481 0.81767517 3
2 -0.09272533 0.13096158 0.81686324 2 -0.08538786 0.13125145 0.81686324 3
2 -0.08736190 0.13099118 0.81189293 2 -0.07532909 0.13155577 0.81189293 3
2 -0.07885376 0.13161150 0.80515039 2 -0.06132130 0.13337988 0.80515039 3
2 -0.06659187 0.13219117 0.79685974 2 -0.04187954 0.13268116 0.79685974 3
2 -0.04990697 0.13178216 0.78616095 2 -0.01784556 0.12938984 0.78616095 3
2 -0.02898437 0.13019332 0.77526522 2 0.00909687 0.12483198 0.77526522 3
2 -0.00424406 0.12605329 0.76445431 2 0.03817944 0.11640535 0.76445431 3
2 0.02387683 0.11835089 0.75270671 2 0.07109171 0.10120017 0.75270671 3
2 0.05419521 0.10357230 0.74418730 2 0.10378530 0.06874196 0.74418730 3
2 0.08625702 0.08513032 0.73223794 2 0.13758001 0.05026034 0.73223794 3
2 0.11836489 0.05896401 0.72498429 2 0.16642268 0.01074069 0.72498429 3
2 0.14958310 0.02977971 0.71539468 2 0.19570728 -0.01558162 0.71539468 3
2 0.17979924 0.00068226 0.70994449 2 0.22439782 -0.04813990 0.70994449 3
2 0.20680591 -0.03187595 0.70800406 2 0.24518715 -0.07967205 0.70800406 3
2 0.23277250 -0.06161961 0.70643920 2 0.26992384 -0.10833563 0.70643920 3
2 0.25575757 -0.09214895 0.70958275 2 0.28713056 -0.13747659 0.70958275 3
2 0.27167466 -0.12157965 0.72198045 2 0.28686810 -0.16570270 0.72198045 3
2 0.28237203 -0.14843938 0.73145485 2 0.28639889 -0.18670592 0.73145485 3
2 0.28614974 -0.17166114 0.73599666 2 0.28403607 -0.20031025 0.73599666 3
2 0.28614542 -0.18999884 0.74563724 2 0.28725845 -0.20974655 0.74563724 0
2 0.28634566 -0.20196317 0.74695599 2 0.28781596 -0.21256478 0.74695599 0
2 0.28726202 -0.20834309 0.74850583 2 0.29026377 -0.21136041 0.74850583 3
2 0.28891820 -0.21022752 0.74764448 2 0.29054317 -0.20708248 0.74764448 3
2 0.28957021 -0.20779996 0.74672186 2 0.28976163 -0.19945294 0.74672186 3
2 0.29003379 -0.20192496 0.74345499 2 0.28951532 -0.18851297 0.74345499 3
2 0.29165521 -0.19158146 0.73449594 2 0.29713154 -0.16916399 0.73449594 3
2 0.29249525 -0.17715259 0.72756439 2 0.29391265 -0.14856498 0.72756439 3
2 0.29167643 -0.15808557 0.72165775 2 0.28590822 -0.12238897 0.72165775 3
2 0.28522155 -0.13565548 0.72105575 2 0.26201236 -0.09846545 0.72105575 3
2 0.27111745 -0.11110890 0.71660328 2 0.23946291 -0.07064887 0.71660328 3
2 0.24932483 -0.08535803 0.72160316 2 0.20544215 -0.04555031 0.72160316 3
2 0.22145589 -0.05881025 0.72344780 2 0.17384647 -0.01595554 0.72344780 3
2 0.19044644 -0.03157845 0.73100024 2 0.13730417 0.01046707 0.73100024 3
2 0.15569857 -0.00225910 0.73323923 2 0.10023248 0.04716453 0.73323923 3
2 0.11996148 0.03094692 0.73611963 2 0.06215524 0.08802053 0.73611963 3
2 0.08255470 0.06102040 0.74571985 2 0.02412674 0.10387132 0.74571985 3
2 0.04579791 0.08733125 0.75513405 2 -0.00954950 0.11393223 0.75513405 3
2 0.00952770 0.10770173 0.76737601 2 -0.04462183 0.12714265 0.76737601 3
2 -0.02331026 0.11783023 0.77878177 2 -0.06850079 0.12781617 0.77878177 3
2 -0.05152520 0.12410259 0.78788638 2 -0.08781291 0.12825921 0.78788638 3
2 -0.07527098 0.12781648 0.79980630 2 -0.10346790 0.12810430 0.79980630 3
2 -0.09210876 0.12812515 0.80568618 2 -0.11108406 0.12834519 0.80568618 3
2 -0.10373244 0.12804772 0.80917782 2 -0.11402689 0.12744486 0.80917782 3
2 -0.11078148 0.12798762 0.81211638 2 -0.11519318 0.12803748 0.81211638 3
2 -0.11349240 0.12794824 0.81319916 2 -0.11382458 0.12795563 0.81319916 3
2 -0.11345423 0.12770768 0.81156075 2 -0.11057347 0.12738846 0.81156075 3
2 -0.08751047 0.15155418 0.80979657 2 -0.00478137 0.22790349 0.80979657 3
2 -0.05821240 0.17621961 0.80483174 2 0.00412010 0.22844411 0.80483174 3
2 -0.02454774 0.20168813 0.79799515 2 0.01982507 0.22814900 0.79799515 3
2 -0.00951584 0.20428663 0.78447777 2 -0.05975633 0.12754178 0.78447777 3
2 -0.01658824 0.17851414 0.77129555 2 -0.03381981 0.12284711 0.77129555 3
2 -0.01941946 0.15004508 0.75732285 2 -0.00473603 0.11585291 0.75732285 3
2 -0.01895796 0.11806415 0.74242562 2 0.02740523 0.10473669 0.74242562 3
2 0.01147535 0.10862499 0.73120910 2 0.06249409 0.08916206 0.73120910 3
2 0.04404137 0.09258129 0.72448307 2 0.09675762 0.05733399 0.72448307 3
2 0.07864125 0.07281821 0.71226817 2 0.13390398 0.03600586 0.71226817 3
2 0.11366452 0.04713657 0.70671380 2 0.16746973 0.00121079 0.70671380 3
2 0.14823988 0.01810566 0.69910288 2 0.20068137 -0.02700623 0.69910288 3
2 0.18155439 -0.01159419 0.69898504 2 0.22959086 -0.06205139 0.69898504 3
2 0.21153939 -0.04481201 0.69927937 2 0.25326821 -0.09698839 0.69927937 3
2 0.23806815 -0.07773267 0.69998044 2 0.27280053 -0.13075204 0.69998044 3
2 0.25836378 -0.11209494 0.70828915 2 0.28072676 -0.16436246 0.70828915 3
2 0.27015772 -0.14456049 0.71748579 2 0.27507880 -0.19151518 0.71748579 3
2 0.27572876 -0.17325489 0.72669441 2 0.27428895 -0.21092682 0.72669441 3
2 0.27697939 -0.19656923 0.73117119 2 0.27765331 -0.22277142 0.73117119 3
2 0.27598441 -0.21301378 0.73493189 2 0.27707505 -0.22894572 0.73493189 3
2 0.27682140 -0.22293656 0.73665982 2 0.27847114 -0.23018619 0.73665982 3
2 0.27785686 -0.22721297 0.73956048 2 0.27828369 -0.22719443 0.73956048 3
2 0.27752525 -0.22618091 0.73355669 2 0.27622473 -0.21777877 0.73355669 3
2 0.27693921 -0.22098407 0.73309726 2 0.27454266 -0.20746183 0.73309726 3
2 0.27687845 -0.21169303 0.73004991 2 0.27844220 -0.19239268 0.73004991 3
2 0.28018525 -0.19696954 0.71800166 2 0.29242110 -0.16742933 0.71800166 3
2 0.28266293 -0.17856531 0.71094316 2 0.28606880 -0.14329137 0.71094316 3
2 0.28321382 -0.15583594 0.71072549 2 0.27567479 -0.11593354 0.71072549 3
2 0.27745113 -0.13032861 0.70956677 2 0.25348383 -0.09027333 0.70956677 3
2 0.26271728 -0.10353418 0.70792568 2 0.23254392 -0.05996671 0.70792568 3
2 0.24096164 -0.07683860 0.71414196 2 0.19783095 -0.03663501 0.71414196 3
2 0.21370032 -0.05014915 0.71831989 2 0.16590086 -0.00920393 0.71831989 3
2 0.18264496 -0.02432203 0.72896999 2 0.12847112 0.01267616 0.72896999 3
2 0.14714582 0.00319119 0.73780316 2 0.09027712 0.05074123 0.73780316 3
2 0.11002653 0.03100593 0.74779582 2 0.04885834 0.07472288 0.74779582 3
2 0.07057357 0.05791637 0.75694817 2 0.00785252 0.09828466 0.75694817 3
2 0.03168125 0.08195700 0.77169085 2 -0.02691702 0.10735736 0.77169085 3
2 -0.00639158 0.09905437 0.78606617 2 -0.06156418 0.11821800 0.78606617 3
2 -0.03945275 0.10982933 0.79974437 2 -0.08235644 0.11657120 0.79974437 3
2 -0.06638426 0.11423000 0.80805117 2 -0.09870188 0.11514133 0.80805117 3
2 -0.08731046 0.11635470 0.81588930 2 -0.10932488 0.11531648 0.81588930 3
2 -0.10082571 0.11535262 0.81992924 2 -0.11474665 0.11426727 0.81992924 3
2 -0.10961004 0.11446937 0.82301974 2 -0.11667237 0.11302713 0.82301974 3
2 -0.11421046 0.11390458 0.82490641 2 -0.11649518 0.11286160 0.82490641 3
2 -0.11558586 0.11343659 0.82540065 2 -0.11440908 0.11355113 0.82540065 3
2 -0.11448529 0.11328500 0.82419151 2 -0.10998932 0.11374849 0.82419151 3
2 -0.11111815 0.11369520 0.81948316 2 -0.10280816 0.11471729 0.81948316 3
2 -0.10515104 0.11458482 0.81354135 2 -0.09214377 0.11648811 0.81354135 3
2 -0.09578126 0.11434902 0.80335742 2 -0.07628950 0.11240385 0.80335742 3
2 -0.08344343 0.11547582 0.79411447 2 -0.06009156 0.11841270 0.79411447 3
2 -0.06770522 0.11645693 0.78201628 2 -0.03933639 0.11873934 0.78201628 3
2 -0.04818074 0.11507257 0.77161574 2 -0.01345895 0.11065076 0.77161574 3
2 -0.02603853 0.11344766 0.75765175 2 0.01288190 0.10517775 0.75765175 3
2 -0.00043736 0.10752229 0.74266964 2 0.04278618 0.09417973 0.74266964 3
2 0.02792050 0.09454714 0.73195100 2 0.07444964 0.06570872 0.73195100 3
2 0.05791809 0.07823503 0.71808791 2 0.10687038 0.04429566 0.71808791 3
2 0.09014005 0.05723149 0.70062143 2 0.14205086 0.02063959 0.70062143 3
2 0.12238502 0.02900451 0.69350213 2 0.17171097 -0.01935200 0.69350213 3
2 0.15360779 -0.00055276 0.68151420 2 0.19898547 -0.05344183 0.68151420 3
2 0.18356402 -0.03328872 0.67371529 2 0.22625248 -0.08705443 0.67371529 3
2 0.23374920 -0.04517042 0.67136449 2 0.34744570 -0.02151301 0.67136449 3
2 0.27886814 -0.05477658 0.67770541 2 0.35265681 -0.05612247 0.67770541 3
2 0.31967667 -0.06241292 0.68271285 2 0.35920000 -0.08546769 0.68271285 3
2 0.33113307 -0.09080686 0.69141465 2 0.26094216 -0.21021675 0.69141465 3
2 0.31079227 -0.14243181 0.69767123 2 0.26420733 -0.22881573 0.69767123 3
2 0.28752452 -0.18916710 0.70460314 2 0.26080051 -0.24035928 0.70460314 3
2 0.26181024 -0.23079973 0.70651817 2 0.26124880 -0.24581280 0.70651817 3
2 0.26168498 -0.24030048 0.70868433 2 0.26029179 -0.24724351 0.70868433 3
2 0.26076853 -0.24423017 0.70848769 2 0.26071233 -0.24369912 0.70848769 3
2 0.26087666 -0.24344701 0.70853710 2 0.26126152 -0.23649892 0.70853710 3
2 0.26084980 -0.23822258 0.70298010 2 0.26118854 -0.22415262 0.70298010 3
2 0.26202056 -0.22823370 0.69880140 2 0.26514396 -0.20648247 0.69880140 3
2 0.26424488 -0.21323054 0.69065714 2 0.26989135 -0.18275596 0.69065714 3
2 0.26511648 -0.19363785 0.68702155 2 0.26449049 -0.15736203 0.68702155 3
2 0.26449847 -0.16948815 0.68282670 2 0.25801396 -0.12687382 0.68282670 3
2 0.25964361 -0.14207768 0.68234217 2 0.24479266 -0.09641181 0.68234217 3
2 0.24874169 -0.11276440 0.68464941 2 0.22546099 -0.06520784 0.68464941 3
2 0.23235857 -0.08292931 0.68973505 2 0.19777606 -0.03818533 0.68973505 3
2 0.21051489 -0.05371305 0.69728231 2 0.16974463 -0.01020587 0.69728231 3
2 0.18357235 -0.02596583 0.70538098 2 0.13629892 0.01425018 0.70538098 3
2 0.15284236 0.00199559 0.71582985 2 0.10211904 0.04686235 0.71582985 3
2 0.11953925 0.03012823 0.72816169 2 0.06404032 0.07446428 0.72816169 3
2 0.08288968 0.06042956 0.74093425 2 0.02267771 0.11155708 0.74093425 3
2 0.04577711 0.08714700 0.75864935 2 -0.01224480 0.12005465 0.75864935 3
2 0.00791025 0.10865930 0.77266788 2 -0.04918115 0.13161099 0.77266788 3
2 -0.02659607 0.12400000 0.78588384 2 -0.07313389 0.13412043 0.78588384 3
2 -0.05530165 0.12995371 0.79579210 2 -0.09106030 0.13482220 0.79579210 3
2 -0.07822444 0.13396217 0.80403030 2 -0.10253938 0.13550496 0.80403030 3
2 -0.09347491 0.13514614 0.80804211 2 -0.10919421 0.13625717 0.80804211 3
2 -0.10349105 0.13560766 0.81151205 2 -0.11236648 0.13591461 0.81151205 3
2 -0.11093734 0.13773559 0.81476772 2 -0.12062256 0.14367525 0.81476772 3
2 -0.11487822 0.13882029 0.81416029 2 -0.11791290 0.13974288 0.81416029 3
2 -0.11757103 0.14076589 0.81718618 2 -0.11970963 0.14407933 0.81718618 3
2 -0.11948558 0.14337729 0.82309109 2 -0.11967976 0.14621432 0.82309109 3
1 -0.11807887 0.14357561 0.82173347 1 -0.11485732 0.14454632 0.82173347 3
1 -0.11297804 0.13661788 0.80671912 1 -0.09639841 0.10986354 0.80671912 0
1 -0.10635497 0.12816417 0.80294710 1 -0.09280502 0.10958198 0.80294710 0
2 -0.10307584 0.13166538 0.81115365 2 -0.10782407 0.16363555 0.81115365 2
-999
