2 -0.06986082 0.09935360 0.84501189 2 -0.05467308 0.14503752 0.84501189 3
2 -0.06223035 0.09993394 0.84389055 2 -0.06013806 0.14496565 0.84389055 3
2 -0.04235727 0.09928994 0.84115636 2 -0.06484950 0.14345096 0.84115636 3
2 -0.01209017 0.09378630 0.84257305 2 -0.06880740 0.14060570 0.84257305 3
2 0.02511919 0.08453553 0.83972776 2 -0.07201175 0.13708434 0.83972776 3
2 0.06713668 0.07324341 0.84268898 2 -0.07446256 0.13382556 0.84268898 3
2 0.10984014 0.05115393 0.84519279 2 -0.07119156 0.13103315 0.84519279 3
2 0.15134022 0.01860612 0.84765404 2 -0.06022011 0.12734888 0.84765404 3
2 0.18664013 -0.02543410 0.84960896 2 -0.04080617 0.12198884 0.84960896 3
2 0.21930739 -0.07065824 0.85255849 2 -0.01297351 0.11469967 0.85255849 3
2 0.23474529 -0.12439392 0.86197883 2 0.02207939 0.10309569 0.86197883 3
2 0.24473321 -0.17111400 0.86763614 2 0.06272759 0.08512192 0.86763614 3
2 0.26565221 -0.21297483 0.87936848 2 0.10626823 0.05866149 0.87936848 3
2 0.26610601 -0.24571131 0.88536340 2 0.15106262 0.02448392 0.88536340 3
2 0.26249665 -0.26897222 0.89193881 2 0.19189601 -0.01838891 0.89193881 3
2 0.26021060 -0.28024340 0.89917475 2 0.22697705 -0.06672655 0.89917475 3
2 0.25991574 -0.27789849 0.89909422 2 0.25787899 -0.11801817 0.89909422 3
2 0.35985380 -0.16510415 0.89977193 2 0.28129891 -0.16078866 0.89977193 3
2 0.36192220 -0.14005844 0.89710534 2 0.29876003 -0.19529496 0.89710534 3
2 0.35197774 -0.10484836 0.89126760 2 0.31158337 -0.22185075 0.89126760 3
2 0.24083368 -0.16395757 0.88382947 2 0.32007861 -0.24106964 0.88382947 3
2 0.22573596 -0.11524878 0.87602049 2 0.32460964 -0.24188806 0.87602049 3
2 0.20890526 -0.05648519 0.86796236 2 0.32646200 -0.23854011 0.86796236 3
2 0.17076162 -0.00300476 0.85939085 2 0.32710445 -0.22662573 0.85939085 3
2 0.12054727 0.04125169 0.86006063 2 0.32227722 -0.20807379 0.86006063 3
2 0.06464829 0.07256882 0.86026889 2 0.31378388 -0.18847358 0.86026889 3
2 0.00952217 0.08819827 0.86300224 2 0.30203229 -0.15978609 0.86300224 3
2 -0.04379564 0.10187352 0.86968416 2 0.28216994 -0.12207542 0.86968416 3
2 -0.08702991 0.10315429 0.87815773 2 0.25230220 -0.07913314 0.87815773 3
2 -0.11390808 0.09780059 0.88498449 2 0.21249042 -0.03542342 0.88498449 3
2 -0.13127457 0.09213565 0.89246172 2 0.16448055 0.00426189 0.89246172 3
2 -0.13790317 0.08826393 0.89542347 2 0.11016829 0.03692744 0.89542347 3
2 -0.13908456 0.09081788 0.89469230 2 0.05349208 0.06322532 0.89469230 3
2 -0.13405107 0.09394334 0.89339095 2 -0.00026629 0.08343941 0.89339095 3
2 -0.12368718 0.09845084 0.89199126 2 -0.04661550 0.09834475 0.89199126 3
2 -0.10703279 0.10275373 0.88688546 2 -0.08325852 0.10869241 0.88688546 3
2 -0.08041132 0.10432834 0.87667805 2 -0.11066285 0.11475435 0.87667805 3
2 -0.04411774 0.10008654 0.86926925 2 -0.12988804 0.11801614 0.86926925 3
2 -0.00399565 0.08893945 0.85829544 2 -0.14232895 0.11874282 0.85829544 3
2 0.04059528 0.07552433 0.84939122 2 -0.14537473 0.11887576 0.84939122 3
2 0.08827338 0.05339482 0.83994907 2 -0.13852750 0.11884912 0.83994907 3
2 0.13639915 0.02653735 0.83291608 2 -0.12158976 0.11866471 0.83291608 3
2 0.17856900 -0.01383364 0.82800180 2 -0.09581351 0.11714251 0.82800180 3
2 0.21047084 -0.06285515 0.83099300 2 -0.06194265 0.11235532 0.83099300 3
2 0.24257918 -0.10387626 0.83182770 2 -0.02071567 0.10254739 0.83182770 3
2 0.24837029 -0.15241443 0.84116030 2 0.02665496 0.08725858 0.84116030 0
2 0.25642097 -0.19202070 0.84613436 2 0.07734343 0.06385657 0.84613436 0
2 0.25231516 -0.22933497 0.85364068 2 0.12761135 0.03130013 0.85364068 3
2 0.22250949 -0.25489897 0.86410010 2 0.17160679 -0.00715608 0.86410010 3
2 0.23794007 -0.27751517 0.86653054 2 0.21030590 -0.05225185 0.86653054 0
2 0.23807764 -0.28891069 0.86980659 2 0.24019632 -0.10040590 0.86980659 0
2 0.23385149 -0.29139665 0.86988467 2 0.26224798 -0.14994508 0.86988467 0
2 0.25291398 -0.29027197 0.86923200 2 0.27870074 -0.19703431 0.86923200 0
2 0.23381647 -0.27788386 0.87050772 2 0.28841749 -0.24059916 0.87050772 0
2 0.25178245 -0.25844577 0.86063081 2 0.29397300 -0.27497205 0.86063081 0
2 0.25179747 -0.22849800 0.85569942 2 0.29670408 -0.30089906 0.85569942 3
2 0.23844138 -0.19515920 0.84956074 2 0.29778218 -0.31950158 0.84956074 3
2 0.22004946 -0.15719520 0.84508413 2 0.29809341 -0.33214131 0.84508413 3
2 0.21501236 -0.10266367 0.83363491 2 0.29797217 -0.33519042 0.83363491 3
2 0.18001118 -0.05905145 0.82747412 2 0.29679060 -0.32780725 0.82747412 3
2 0.14063551 -0.01487997 0.82618558 2 0.29571766 -0.31107610 0.82618558 3
2 0.09470139 0.02380147 0.82548237 2 0.29132134 -0.28580329 0.82548237 3
2 0.04552075 0.04828004 0.83262318 2 0.28629154 -0.24961160 0.83262318 3
2 -0.00199280 0.07183656 0.83570248 2 0.27315217 -0.20737383 0.83570248 3
2 -0.04765335 0.08654110 0.84656101 2 0.25178185 -0.16016164 0.84656101 3
2 -0.08132741 0.08522142 0.85432023 2 0.22163472 -0.11057451 0.85432023 3
2 -0.10934049 0.08158533 0.86782765 2 0.18317509 -0.06323763 0.86782765 3
2 -0.12789918 0.07362363 0.87882340 2 0.13818587 -0.01906150 0.87882340 3
2 -0.14391717 0.07079641 0.88855672 2 0.08845016 0.01594012 0.88855672 3
2 -0.15189306 0.06733537 0.89636028 2 0.03811550 0.04259912 0.89636028 1
2 -0.17068784 0.08618614 0.90343839 2 -0.01046843 0.06228834 0.90343839 1
2 -0.15564045 0.06999049 0.89781082 2 -0.05454231 0.07556592 0.89781082 1
2 -0.15329073 0.07349563 0.89584470 2 -0.09309537 0.08394663 0.89584470 1
2 -0.15063365 0.07672261 0.89370090 2 -0.12432954 0.08864193 0.89370090 1
2 -0.15513703 0.09820276 0.89235443 2 -0.14778775 0.09087878 0.89235443 1
2 -0.14919445 0.10391750 0.89313436 2 -0.16439612 0.09173170 0.89313436 0
2 -0.14124832 0.12010884 0.89087898 2 -0.17552078 0.09265537 0.89087898 0
2 -0.03411032 0.22029352 0.88364971 2 -0.18248153 0.09580919 0.88364971 2
-999
