2 0.12684514 -0.23984303 0.95205742 2 0.20537367 -0.06415509 0.74452406 2
2 0.12699027 -0.23984148 0.95204997 2 0.20688841 -0.06713037 0.74398899 2
2 0.12723248 -0.23990113 0.95202291 2 0.20788589 -0.06764603 0.74308586 2
2 0.12753281 -0.24005693 0.95191079 2 0.20753726 -0.06777761 0.74312139 2
2 0.12779288 -0.24019578 0.95192802 2 0.20849492 -0.06812826 0.74498045 2
2 0.12792778 -0.24021952 0.95200878 2 0.20875190 -0.06933264 0.74645960 2
2 0.12815070 -0.24034180 0.95198339 2 0.20830673 -0.06890305 0.74562669 2
2 0.12841488 -0.24047948 0.95203233 2 0.20901863 -0.06918573 0.74578953 2
2 0.12866411 -0.24055758 0.95202231 2 0.20867153 -0.06867804 0.74540770 2
2 0.12891935 -0.24064180 0.95188087 2 0.20853136 -0.06854783 0.74366075 2
2 0.12914801 -0.24076505 0.95197076 2 0.20961785 -0.06914354 0.74695057 2
2 0.12924348 -0.24083050 0.95197856 2 0.20984221 -0.06862648 0.74538171 2
2 0.12932782 -0.24087739 0.95195329 2 0.20997319 -0.06834550 0.74485016 2
2 0.12947513 -0.24093339 0.95187855 2 0.21035489 -0.06748211 0.74408716 2
2 0.12957881 -0.24097739 0.95183158 2 0.21089864 -0.06638935 0.74369162 2
2 0.12963621 -0.24100246 0.95192868 2 0.21431775 -0.06524043 0.74694419 2
2 0.12974031 -0.24101701 0.95194942 2 0.21582364 -0.06371924 0.74534380 2
2 0.12985018 -0.24107239 0.95193434 2 0.21948987 -0.06143601 0.74415696 2
2 0.12995122 -0.24118221 0.95182943 2 0.22446886 -0.05675125 0.74134582 2
2 0.13014479 -0.24135348 0.95174384 2 0.23114173 -0.05426706 0.74030054 2
2 0.13027507 -0.24152488 0.95163572 2 0.23790771 -0.05192214 0.73739821 2
2 0.13038391 -0.24167041 0.95163512 2 0.24656342 -0.05037702 0.73671138 2
2 0.13052668 -0.24173433 0.95153165 2 0.25330225 -0.05005313 0.73268348 2
2 0.13058554 -0.24176048 0.95151806 2 0.26210663 -0.05342820 0.73091370 2
2 0.13057099 -0.24180382 0.95161408 2 0.27132955 -0.05621560 0.73196167 2
2 0.13054520 -0.24182206 0.95166641 2 0.27921259 -0.06491679 0.72847879 2
2 0.13058573 -0.24167547 0.95199883 2 0.28856394 -0.07124230 0.72882283 2
2 0.12969826 -0.24117610 0.95245957 2 0.29658535 -0.07568429 0.72610182 2
2 0.12870707 -0.24063148 0.95321262 2 0.30707246 -0.08260830 0.72693348 2
2 0.12804452 -0.24022362 0.95395082 2 0.31481609 -0.11117981 0.73203409 2
2 0.12750642 -0.23997292 0.95445937 2 0.32199845 -0.11825086 0.72933388 0
2 0.12728696 -0.23986928 0.95506108 2 0.33123529 -0.12840293 0.72891492 0
2 0.12721293 -0.23982467 0.95514774 2 0.33601871 -0.13402604 0.72535533 2
2 0.12719940 -0.23995718 0.95537412 2 0.34250063 -0.14133987 0.72845066 2
2 0.12708040 -0.24014199 0.95560426 2 0.34671068 -0.15171202 0.72989506 2
2 0.12692058 -0.24035545 0.95585096 2 0.35008517 -0.16083324 0.73022139 2
2 0.12667978 -0.24065351 0.95607674 2 0.35240549 -0.16524050 0.72878259 2
2 0.12646981 -0.24086837 0.95619261 2 0.35204586 -0.17364548 0.72705352 2
2 0.12618314 -0.24110147 0.95640504 2 0.34971085 -0.18286674 0.73087311 2
2 0.12589708 -0.24133001 0.95661998 2 0.34501281 -0.19234970 0.73135173 2
2 0.12561536 -0.24149609 0.95688123 2 0.33944267 -0.20354287 0.73121482 2
2 0.12527061 -0.24185027 0.95731831 2 0.33244690 -0.21512194 0.73241943 2
2 0.12500419 -0.24214256 0.95742476 2 0.32226348 -0.22496590 0.72775108 1
2 0.12469324 -0.24249031 0.95759434 2 0.31273651 -0.23359139 0.72574908 1
2 0.12430511 -0.24292223 0.95773596 2 0.30204368 -0.24289800 0.72235197 1
2 0.12405514 -0.24321778 0.95786089 2 0.28924537 -0.25375104 0.72021073 1
2 0.12375599 -0.24352919 0.95786572 2 0.27672318 -0.27262887 0.71680611 0
2 0.12355445 -0.24386564 0.95782608 2 0.26486835 -0.27225041 0.71001154 0
2 0.12341201 -0.24419647 0.95791519 2 0.25416747 -0.28225991 0.70887130 2
2 0.12332507 -0.24446452 0.95798683 2 0.24147815 -0.30393255 0.70686060 2
2 0.12308872 -0.24468519 0.95800000 2 0.23325005 -0.29919848 0.70082098 2
2 0.12290459 -0.24500793 0.95819098 2 0.22672671 -0.29462776 0.70273781 2
2 0.12296722 -0.24520920 0.95821995 2 0.21021450 -0.30396670 0.69384181 1
2 0.12305041 -0.24552511 0.95827425 2 0.19133006 -0.32501048 0.69830388 1
2 0.12303175 -0.24592260 0.95813167 2 0.18495615 -0.32381731 0.69209838 1
2 0.12303253 -0.24620514 0.95791119 2 0.17673711 -0.32245010 0.68748814 1
2 0.12306581 -0.24634919 0.95780700 2 0.16941170 -0.31660539 0.68386275 1
2 0.12294056 -0.24650297 0.95743805 2 0.15817490 -0.30713308 0.67831200 1
2 0.12276656 -0.24658440 0.95718467 2 0.14956780 -0.30330014 0.67869771 1
2 0.12257906 -0.24655303 0.95712590 2 0.13131733 -0.29303294 0.68035626 1
2 0.12198300 -0.24573338 0.95704311 2 0.11955503 -0.26947293 0.67718548 1
2 0.12098558 -0.24402581 0.95675731 2 0.11016306 -0.26167187 0.67208850 1
2 0.11917821 -0.24112049 0.95710015 2 0.10986703 -0.25709900 0.66623747 1
2 0.11715600 -0.23839536 0.95692098 2 0.09654731 -0.25252423 0.66554654 1
1 0.11680685 -0.23710421 0.95551777 2 0.09147115 -0.23949207 0.66573226 1
1 0.11626195 -0.23741469 0.95338327 2 0.08617169 -0.22927167 0.66140437 1
1 0.11645035 -0.23642343 0.94960219 2 0.08167430 -0.21014208 0.65467840 1
1 0.11851624 -0.23290446 0.94685256 2 0.07878372 -0.19396405 0.65158606 1
1 0.11941104 -0.23159094 0.94542050 2 0.07587166 -0.18052039 0.64655787 1
1 0.11981221 -0.23103207 0.94460434 2 0.07513876 -0.16103047 0.64259589 1
2 0.14975999 -0.23972453 0.93648648 2 0.07225976 -0.13840695 0.63907516 1
1 0.15107498 -0.23992489 0.93611145 2 0.07191876 -0.13026762 0.63698995 1
1 0.15211859 -0.24011607 0.93574691 2 0.06787719 -0.11542062 0.63680828 1
1 0.15282221 -0.24024628 0.93547148 2 0.06028567 -0.10480180 0.63402355 1
1 0.15456522 -0.24345399 0.93500274 2 0.06521893 -0.08164077 0.63198930 1
1 0.15492775 -0.24361554 0.93499899 2 0.08629786 -0.07130060 0.62401956 1
1 0.15921049 -0.23034038 0.92931247 2 0.08751510 -0.05958761 0.62559360 2
1 0.15948449 -0.23180045 0.93109477 2 0.09148775 -0.05105985 0.62667400 2
1 0.16746964 -0.22997545 0.93060762 2 0.09587910 -0.04206484 0.62757432 1
1 0.17239989 -0.22543666 0.93036628 2 0.10304711 -0.03148241 0.62750822 1
2 0.16593026 -0.24181817 0.91130990 2 0.11142817 -0.02627627 0.62871516 2
2 0.16397253 -0.24161835 0.91367841 2 0.11934898 -0.02288686 0.62939817 2
2 0.16105740 -0.24186844 0.91658115 2 0.12684649 -0.03289505 0.63026392 1
2 0.15294428 -0.24559198 0.91529483 2 0.13825403 -0.01683895 0.63454747 1
2 0.15101475 -0.24660696 0.91890979 2 0.14943352 -0.01410533 0.63777930 2
2 0.13059299 -0.25756586 0.92351884 2 0.16253266 -0.01254285 0.63898289 2
2 0.13336879 -0.25618476 0.92493802 2 0.17607196 -0.01188875 0.64006770 2
2 0.13424303 -0.25529480 0.92621034 2 0.18703608 -0.00980535 0.63998622 2
2 0.13540682 -0.25475770 0.92703533 2 0.19703902 -0.00987802 0.64240897 2
2 0.13628371 -0.25427532 0.92844623 2 0.20683850 -0.01097383 0.64303976 2
2 0.13687895 -0.25382367 0.92972010 2 0.21330009 -0.01144195 0.64446431 2
2 0.13720824 -0.25358155 0.93011391 2 0.21609436 -0.01215465 0.63916874 2
-999
